rev2
53821.0 1795.0 15.0
54361.0 1813.0 15.0
54511.0 1818.0 15.0
54751.0 1826.0 15.0
54781.0 1827.0 15.0
54841.0 1829.0 15.0
54991.0 1834.0 15.0
55051.0 1836.0 15.0
55141.0 1839.0 15.0
55171.0 1840.0 15.0
55231.0 1842.0 15.0
55291.0 1844.0 15.0
55291.0 1844.0 15.0
55321.0 1845.0 15.0
55561.0 1853.0 15.0
55591.0 1854.0 15.0
55711.0 1858.0 15.0
55891.0 1864.0 15.0
56041.0 1869.0 15.0
56071.0 1870.0 15.0
56131.0 1872.0 15.0
56161.0 1873.0 15.0
56191.0 1874.0 15.0
56341.0 1879.0 15.0
56551.0 1886.0 15.0
56731.0 1892.0 15.0
56761.0 1893.0 15.0
56791.0 1894.0 15.0
56791.0 1894.0 15.0
56881.0 1897.0 15.0
57061.0 1903.0 15.0
57091.0 1904.0 15.0
57121.0 1905.0 15.0
57151.0 1906.0 15.0
57271.0 1910.0 15.0
57331.0 1912.0 15.0
57421.0 1915.0 15.0
57451.0 1916.0 15.0
57481.0 1917.0 15.0
57541.0 1919.0 15.0
57601.0 1921.0 15.0
57721.0 1925.0 15.0
57781.0 1927.0 15.0
57841.0 1929.0 15.0
57841.0 1929.0 15.0
57841.0 1929.0 15.0
57871.0 1930.0 15.0
57871.0 1930.0 15.0
57931.0 1932.0 15.0
57961.0 1933.0 15.0
58051.0 1936.0 15.0
58081.0 1937.0 15.0
58111.0 1938.0 15.0
58171.0 1940.0 15.0
58261.0 1943.0 15.0
58261.0 1943.0 15.0
58291.0 1944.0 15.0
58321.0 1945.0 15.0
58381.0 1947.0 15.0
58441.0 1949.0 15.0
58441.0 1949.0 15.0
58531.0 1952.0 15.0
58591.0 1954.0 15.0
58651.0 1956.0 15.0
58681.0 1957.0 15.0
58741.0 1959.0 15.0
58981.0 1967.0 15.0
59041.0 1969.0 15.0
59071.0 1970.0 15.0
59131.0 1972.0 15.0
59161.0 1973.0 15.0
59191.0 1974.0 15.0
59221.0 1975.0 15.0
59251.0 1976.0 15.0
59311.0 1978.0 15.0
59311.0 1978.0 15.0
59521.0 1985.0 15.0
59521.0 1985.0 15.0
59971.0 2000.0 15.0
60031.0 2002.0 15.0
60031.0 2002.0 15.0
60331.0 2012.0 15.0
60421.0 2015.0 15.0
60661.0 2023.0 15.0
60721.0 2025.0 15.0
60841.0 2029.0 15.0
61111.0 2038.0 15.0
61291.0 2044.0 15.0
61381.0 2047.0 15.0
61531.0 2052.0 15.0
61591.0 2054.0 15.0
61741.0 2059.0 15.0
62071.0 2070.0 15.0
62161.0 2073.0 15.0
62281.0 2077.0 15.0
62791.0 2094.0 15.0
63451.0 2116.0 15.0
64471.0 2150.0 15.0
65041.0 2169.0 15.0
66241.0 2209.0 15.0
