rev4
4.9912642E7 1663762.0 15.0
5.0204345E7 1673485.0 15.0
5.0324723E7 1677497.0 15.0
5.0529358E7 1684316.0 15.0
5.0712979E7 1690440.0 15.0
5.0902562E7 1696760.0 15.0
5.0920535E7 1697355.0 15.0
5.09523E7 1698416.0 15.0
5.0963937E7 1698803.0 15.0
5.1047313E7 1701581.0 15.0
5.1107931E7 1703605.0 15.0
5.112435E7 1704153.0 15.0
5.1166803E7 1705567.0 15.0
5.1168687E7 1705631.0 15.0
5.1239236E7 1707981.0 15.0
5.1268304E7 1708949.0 15.0
5.1369199E7 1712311.0 15.0
5.1379592E7 1712659.0 15.0
5.1398476E7 1713291.0 15.0
5.1463022E7 1715442.0 15.0
5.151167E7 1717063.0 15.0
5.1584451E7 1719489.0 15.0
5.1603641E7 1720131.0 15.0
5.1656563E7 1721892.0 15.0
5.1663389E7 1722118.0 15.0
5.1687416E7 1722921.0 15.0
5.1722759E7 1724099.0 15.0
5.1767649E7 1725592.0 15.0
5.1770725E7 1725697.0 15.0
5.1822314E7 1727417.0 15.0
5.1836527E7 1727890.0 15.0
5.1900791E7 1730031.0 15.0
5.1905082E7 1730175.0 15.0
5.1936627E7 1731230.0 15.0
5.2025068E7 1734174.0 15.0
5.2027164E7 1734247.0 15.0
5.2058907E7 1735302.0 15.0
5.2141791E7 1738064.0 15.0
5.2196489E7 1739890.0 15.0
5.2239859E7 1741337.0 15.0
5.2241949E7 1741403.0 15.0
5.2269808E7 1742335.0 15.0
5.2293703E7 1743132.0 15.0
5.2316243E7 1743880.0 15.0
5.2340245E7 1744680.0 15.0
5.2364419E7 1745488.0 15.0
5.2373289E7 1745783.0 15.0
5.246456E7 1748828.0 15.0
5.2485356E7 1749517.0 15.0
5.2522978E7 1750771.0 15.0
5.2600471E7 1753355.0 15.0
5.2607505E7 1753590.0 15.0
5.264681E7 1754898.0 15.0
5.2699421E7 1756654.0 15.0
5.2718501E7 1757289.0 15.0
5.2726848E7 1757568.0 15.0
5.2803359E7 1760117.0 15.0
5.2807106E7 1760243.0 15.0
5.281875E7 1760632.0 15.0
5.3019211E7 1767313.0 15.0
5.3085154E7 1769510.0 15.0
5.3102532E7 1770091.0 15.0
5.3161467E7 1772057.0 15.0
5.3203669E7 1773462.0 15.0
5.3329579E7 1777661.0 15.0
5.340733E7 1780250.0 15.0
5.3422562E7 1780756.0 15.0
5.3428148E7 1780943.0 15.0
5.3532555E7 1784422.0 15.0
5.3626085E7 1787545.0 15.0
5.3753597E7 1791791.0 15.0
5.3778977E7 1792638.0 15.0
5.3911336E7 1797050.0 15.0
5.3929705E7 1797668.0 15.0
5.3945407E7 1798186.0 15.0
5.4093629E7 1803127.0 15.0
5.4210987E7 1807040.0 15.0
5.4327163E7 1810913.0 15.0
5.4389023E7 1812977.0 15.0
5.458099E7 1819375.0 15.0
5.4632539E7 1821089.0 15.0
5.4772608E7 1825760.0 15.0
5.4784908E7 1826171.0 15.0
5.4790197E7 1826347.0 15.0
5.4952038E7 1831742.0 15.0
5.5248084E7 1841612.0 15.0
5.5249114E7 1841642.0 15.0
5.5443335E7 1848120.0 15.0
5.5554396E7 1851820.0 15.0
5.5599011E7 1853308.0 15.0
5.5649405E7 1854990.0 15.0
5.5752159E7 1858411.0 15.0
5.5815597E7 1860525.0 15.0
5.5906322E7 1863549.0 15.0
5.6092815E7 1869766.0 15.0
5.6302036E7 1876743.0 15.0
5.7415696E7 1913865.0 15.0
5.7581932E7 1919405.0 15.0
5.7844509E7 1928157.0 15.0
6.1179943E7 2039339.0 15.0
