rev2
112051.0 3736.0 15.0
112321.0 3745.0 15.0
112381.0 3747.0 15.0
113431.0 3782.0 15.0
114061.0 3803.0 15.0
114151.0 3806.0 15.0
114241.0 3809.0 15.0
114271.0 3810.0 15.0
114421.0 3815.0 15.0
114511.0 3818.0 15.0
115141.0 3839.0 15.0
115171.0 3840.0 15.0
115171.0 3840.0 15.0
115171.0 3840.0 15.0
115171.0 3840.0 15.0
115261.0 3843.0 15.0
115291.0 3844.0 15.0
115531.0 3852.0 15.0
115771.0 3860.0 15.0
115861.0 3863.0 15.0
115921.0 3865.0 15.0
116041.0 3869.0 15.0
116071.0 3870.0 15.0
116191.0 3874.0 15.0
116281.0 3877.0 15.0
116311.0 3878.0 15.0
116371.0 3880.0 15.0
116521.0 3885.0 15.0
116581.0 3887.0 15.0
116641.0 3889.0 15.0
116851.0 3896.0 15.0
116911.0 3898.0 15.0
116971.0 3900.0 15.0
117061.0 3903.0 15.0
117301.0 3911.0 15.0
117361.0 3913.0 15.0
117391.0 3914.0 15.0
117571.0 3920.0 15.0
117601.0 3921.0 15.0
117691.0 3924.0 15.0
117811.0 3928.0 15.0
117931.0 3932.0 15.0
117961.0 3933.0 15.0
118441.0 3949.0 15.0
118471.0 3950.0 15.0
118651.0 3956.0 15.0
118681.0 3957.0 15.0
118861.0 3963.0 15.0
118981.0 3967.0 15.0
119101.0 3971.0 15.0
119101.0 3971.0 15.0
119191.0 3974.0 15.0
119191.0 3974.0 15.0
119371.0 3980.0 15.0
119371.0 3980.0 15.0
119731.0 3992.0 15.0
119791.0 3994.0 15.0
119851.0 3996.0 15.0
119851.0 3996.0 15.0
119911.0 3998.0 15.0
119941.0 3999.0 15.0
120001.0 4001.0 15.0
120031.0 4002.0 15.0
120031.0 4002.0 15.0
120031.0 4002.0 15.0
120121.0 4005.0 15.0
120241.0 4009.0 15.0
120571.0 4020.0 15.0
120721.0 4025.0 15.0
120781.0 4027.0 15.0
120871.0 4030.0 15.0
120901.0 4031.0 15.0
121111.0 4038.0 15.0
121171.0 4040.0 15.0
121201.0 4041.0 15.0
121381.0 4047.0 15.0
121441.0 4049.0 15.0
121501.0 4051.0 15.0
121591.0 4054.0 15.0
122221.0 4075.0 15.0
123301.0 4111.0 15.0
123451.0 4116.0 15.0
123481.0 4117.0 15.0
123661.0 4123.0 15.0
123931.0 4132.0 15.0
125461.0 4183.0 15.0
125611.0 4188.0 15.0
125731.0 4192.0 15.0
125821.0 4195.0 15.0
126901.0 4231.0 15.0
127921.0 4265.0 15.0
127951.0 4266.0 15.0
127981.0 4267.0 15.0
128251.0 4276.0 15.0
128251.0 4276.0 15.0
128641.0 4289.0 15.0
128701.0 4291.0 15.0
130411.0 4348.0 15.0
133231.0 4442.0 15.0
137731.0 4592.0 15.0
