rev4
2.4291031E7 809705.0 15.0
2.4555468E7 818518.0 15.0
2.4600478E7 820018.0 15.0
2.4644309E7 821480.0 15.0
2.4804993E7 826836.0 15.0
2.4810685E7 827027.0 15.0
2.4841147E7 828040.0 15.0
2.4884734E7 829493.0 15.0
2.490751E7 830253.0 15.0
2.4912597E7 830422.0 15.0
2.491634E7 830549.0 15.0
2.4992818E7 833099.0 15.0
2.504059E7 834690.0 15.0
2.5040795E7 834696.0 15.0
2.5042886E7 834766.0 15.0
2.5058258E7 835278.0 15.0
2.506475E7 835495.0 15.0
2.5092318E7 836414.0 15.0
2.5120439E7 837353.0 15.0
2.5137845E7 837930.0 15.0
2.5137937E7 837934.0 15.0
2.5142381E7 838083.0 15.0
2.5180512E7 839354.0 15.0
2.5197566E7 839922.0 15.0
2.5254096E7 841806.0 15.0
2.5274214E7 842478.0 15.0
2.5308006E7 843604.0 15.0
2.5317056E7 843905.0 15.0
2.5329372E7 844315.0 15.0
2.5381382E7 846049.0 15.0
2.5397442E7 846586.0 15.0
2.539798E7 846602.0 15.0
2.5402689E7 846761.0 15.0
2.5419055E7 847305.0 15.0
2.5444719E7 848161.0 15.0
2.5478398E7 849284.0 15.0
2.5487308E7 849580.0 15.0
2.5519799E7 850664.0 15.0
2.5522791E7 850762.0 15.0
2.5536568E7 851223.0 15.0
2.554051E7 851355.0 15.0
2.5577228E7 852576.0 15.0
2.559269E7 853093.0 15.0
2.5612721E7 853761.0 15.0
2.5612778E7 853763.0 15.0
2.561379E7 853797.0 15.0
2.5635989E7 854538.0 15.0
2.5640998E7 854703.0 15.0
2.5707672E7 856926.0 15.0
2.5719752E7 857327.0 15.0
2.5728448E7 857618.0 15.0
2.574439E7 858150.0 15.0
2.5761926E7 858733.0 15.0
2.5792668E7 859760.0 15.0
2.5890841E7 863031.0 15.0
2.5917678E7 863927.0 15.0
2.5920317E7 864015.0 15.0
2.5923708E7 864127.0 15.0
2.5981776E7 866063.0 15.0
2.598764E7 866258.0 15.0
2.6004472E7 866820.0 15.0
2.6020696E7 867359.0 15.0
2.6046345E7 868213.0 15.0
2.6053544E7 868455.0 15.0
2.6069081E7 868975.0 15.0
2.6069831E7 868999.0 15.0
2.6129937E7 871000.0 15.0
2.6143347E7 871448.0 15.0
2.6156271E7 871879.0 15.0
2.615647E7 871886.0 15.0
2.6183047E7 872772.0 15.0
2.6267907E7 875601.0 15.0
2.6281875E7 876066.0 15.0
2.6316784E7 877230.0 15.0
2.6322205E7 877411.0 15.0
2.6389756E7 879663.0 15.0
2.6392014E7 879738.0 15.0
2.6410011E7 880337.0 15.0
2.6417452E7 880585.0 15.0
2.6455907E7 881866.0 15.0
2.6537578E7 884590.0 15.0
2.663008E7 887672.0 15.0
2.6764367E7 892149.0 15.0
2.6764834E7 892167.0 15.0
2.6779559E7 892656.0 15.0
2.6787731E7 892928.0 15.0
2.6790073E7 893006.0 15.0
2.6797402E7 893249.0 15.0
2.6927018E7 897570.0 15.0
2.6936865E7 897898.0 15.0
2.7102449E7 903419.0 15.0
2.715942E7 905318.0 15.0
2.7241919E7 908068.0 15.0
2.7582685E7 919427.0 15.0
2.772267E7 924092.0 15.0
2.7922403E7 930750.0 15.0
2.8071188E7 935711.0 15.0
2.8075038E7 935837.0 15.0
2.9441611E7 981393.0 15.0
3.0338796E7 1011296.0 15.0
