rev2
121.0 5.0 15.0
151.0 6.0 15.0
151.0 6.0 15.0
181.0 7.0 15.0
181.0 7.0 15.0
181.0 7.0 15.0
181.0 7.0 15.0
181.0 7.0 15.0
181.0 7.0 15.0
181.0 7.0 15.0
181.0 7.0 15.0
181.0 7.0 15.0
181.0 7.0 15.0
211.0 8.0 15.0
211.0 8.0 15.0
211.0 8.0 15.0
211.0 8.0 15.0
211.0 8.0 15.0
211.0 8.0 15.0
211.0 8.0 15.0
211.0 8.0 15.0
211.0 8.0 15.0
211.0 8.0 15.0
211.0 8.0 15.0
211.0 8.0 15.0
211.0 8.0 15.0
211.0 8.0 15.0
211.0 8.0 15.0
211.0 8.0 15.0
211.0 8.0 15.0
241.0 9.0 15.0
241.0 9.0 15.0
241.0 9.0 15.0
241.0 9.0 15.0
241.0 9.0 15.0
241.0 9.0 15.0
241.0 9.0 15.0
241.0 9.0 15.0
241.0 9.0 15.0
241.0 9.0 15.0
241.0 9.0 15.0
241.0 9.0 15.0
241.0 9.0 15.0
241.0 9.0 15.0
241.0 9.0 15.0
241.0 9.0 15.0
241.0 9.0 15.0
241.0 9.0 15.0
241.0 9.0 15.0
241.0 9.0 15.0
241.0 9.0 15.0
271.0 10.0 15.0
271.0 10.0 15.0
271.0 10.0 15.0
271.0 10.0 15.0
271.0 10.0 15.0
271.0 10.0 15.0
271.0 10.0 15.0
271.0 10.0 15.0
271.0 10.0 15.0
271.0 10.0 15.0
271.0 10.0 15.0
271.0 10.0 15.0
271.0 10.0 15.0
301.0 11.0 15.0
301.0 11.0 15.0
301.0 11.0 15.0
301.0 11.0 15.0
301.0 11.0 15.0
301.0 11.0 15.0
301.0 11.0 15.0
301.0 11.0 15.0
301.0 11.0 15.0
301.0 11.0 15.0
301.0 11.0 15.0
331.0 12.0 15.0
331.0 12.0 15.0
331.0 12.0 15.0
331.0 12.0 15.0
331.0 12.0 15.0
331.0 12.0 15.0
331.0 12.0 15.0
331.0 12.0 15.0
331.0 12.0 15.0
361.0 13.0 15.0
361.0 13.0 15.0
361.0 13.0 15.0
361.0 13.0 15.0
361.0 13.0 15.0
391.0 14.0 15.0
391.0 14.0 15.0
391.0 14.0 15.0
391.0 14.0 15.0
391.0 14.0 15.0
391.0 14.0 15.0
391.0 14.0 15.0
451.0 16.0 15.0
481.0 17.0 15.0
541.0 19.0 15.0
571.0 20.0 15.0
