rev2
221221.0 7375.0 15.0
221551.0 7386.0 15.0
223741.0 7459.0 15.0
226021.0 7535.0 15.0
226591.0 7554.0 15.0
227251.0 7576.0 15.0
227911.0 7598.0 15.0
228841.0 7629.0 15.0
229771.0 7660.0 15.0
229921.0 7665.0 15.0
230821.0 7695.0 15.0
230911.0 7698.0 15.0
231631.0 7722.0 15.0
231631.0 7722.0 15.0
231961.0 7733.0 15.0
233491.0 7784.0 15.0
233791.0 7794.0 15.0
233911.0 7798.0 15.0
233911.0 7798.0 15.0
233941.0 7799.0 15.0
234451.0 7816.0 15.0
234721.0 7825.0 15.0
234961.0 7833.0 15.0
235141.0 7839.0 15.0
235201.0 7841.0 15.0
235261.0 7843.0 15.0
235471.0 7850.0 15.0
235531.0 7852.0 15.0
236101.0 7871.0 15.0
236611.0 7888.0 15.0
236731.0 7892.0 15.0
237271.0 7910.0 15.0
237391.0 7914.0 15.0
237391.0 7914.0 15.0
237691.0 7924.0 15.0
237811.0 7928.0 15.0
238021.0 7935.0 15.0
238471.0 7950.0 15.0
238741.0 7959.0 15.0
239671.0 7990.0 15.0
240031.0 8002.0 15.0
240241.0 8009.0 15.0
240781.0 8027.0 15.0
240781.0 8027.0 15.0
240931.0 8032.0 15.0
240961.0 8033.0 15.0
241111.0 8038.0 15.0
241231.0 8042.0 15.0
241351.0 8046.0 15.0
241441.0 8049.0 15.0
241951.0 8066.0 15.0
242131.0 8072.0 15.0
242551.0 8086.0 15.0
242671.0 8090.0 15.0
242731.0 8092.0 15.0
242911.0 8098.0 15.0
243031.0 8102.0 15.0
243211.0 8108.0 15.0
243421.0 8115.0 15.0
243481.0 8117.0 15.0
243841.0 8129.0 15.0
244051.0 8136.0 15.0
244111.0 8138.0 15.0
244621.0 8155.0 15.0
244681.0 8157.0 15.0
244891.0 8164.0 15.0
245341.0 8179.0 15.0
245611.0 8188.0 15.0
245731.0 8192.0 15.0
245791.0 8194.0 15.0
245821.0 8195.0 15.0
246421.0 8215.0 15.0
246601.0 8221.0 15.0
247381.0 8247.0 15.0
247501.0 8251.0 15.0
248101.0 8271.0 15.0
249001.0 8301.0 15.0
249271.0 8310.0 15.0
249571.0 8320.0 15.0
249571.0 8320.0 15.0
250381.0 8347.0 15.0
250411.0 8348.0 15.0
250711.0 8358.0 15.0
251041.0 8369.0 15.0
251491.0 8384.0 15.0
252301.0 8411.0 15.0
252361.0 8413.0 15.0
252361.0 8413.0 15.0
254341.0 8479.0 15.0
254461.0 8483.0 15.0
255661.0 8523.0 15.0
257071.0 8570.0 15.0
258211.0 8608.0 15.0
260461.0 8683.0 15.0
261181.0 8707.0 15.0
263011.0 8768.0 15.0
263611.0 8788.0 15.0
264781.0 8827.0 15.0
270601.0 9021.0 15.0
279781.0 9327.0 15.0
