rev2
2.80940371E8 9364680.0 15.0
2.83994791E8 9466494.0 15.0
2.85544021E8 9518135.0 15.0
2.85857191E8 9528574.0 15.0
2.86097791E8 9536594.0 15.0
2.86567831E8 9552262.0 15.0
2.86858981E8 9561967.0 15.0
2.88688741E8 9622959.0 15.0
2.89282171E8 9642740.0 15.0
2.89444201E8 9648141.0 15.0
2.89846621E8 9661555.0 15.0
2.90186611E8 9672888.0 15.0
2.90640751E8 9688026.0 15.0
2.90690071E8 9689670.0 15.0
2.90716411E8 9690548.0 15.0
2.90852551E8 9695086.0 15.0
2.90891491E8 9696384.0 15.0
2.91040471E8 9701350.0 15.0
2.91142231E8 9704742.0 15.0
2.91320671E8 9710690.0 15.0
2.91682021E8 9722735.0 15.0
2.91788161E8 9726273.0 15.0
2.91911941E8 9730399.0 15.0
2.92145371E8 9738180.0 15.0
2.92658851E8 9755296.0 15.0
2.93010421E8 9767015.0 15.0
2.93034031E8 9767802.0 15.0
2.93058781E8 9768627.0 15.0
2.93194411E8 9773148.0 15.0
2.93429461E8 9780983.0 15.0
2.93510761E8 9783693.0 15.0
2.93608831E8 9786962.0 15.0
2.93710471E8 9790350.0 15.0
2.93999851E8 9799996.0 15.0
2.94539071E8 9817970.0 15.0
2.95375771E8 9845860.0 15.0
2.95482841E8 9849429.0 15.0
2.95892251E8 9863076.0 15.0
2.96220481E8 9874017.0 15.0
2.96236501E8 9874551.0 15.0
2.96255551E8 9875186.0 15.0
2.96310001E8 9877001.0 15.0
2.96443501E8 9881451.0 15.0
2.96663041E8 9888769.0 15.0
2.96681731E8 9889392.0 15.0
2.96979541E8 9899319.0 15.0
2.97136651E8 9904556.0 15.0
2.97508801E8 9916961.0 15.0
2.98158091E8 9938604.0 15.0
2.98502131E8 9950072.0 15.0
2.98875121E8 9962505.0 15.0
2.98929841E8 9964329.0 15.0
2.99042281E8 9968077.0 15.0
2.99470231E8 9982342.0 15.0
2.99848471E8 9994950.0 15.0
2.99982421E8 9999415.0 15.0
2.99998621E8 9999955.0 15.0
3.00129601E8 1.0004321E7 15.0
3.00137611E8 1.0004588E7 15.0
3.00379951E8 1.0012666E7 15.0
3.00465511E8 1.0015518E7 15.0
3.00767461E8 1.0025583E7 15.0
3.01118851E8 1.0037296E7 15.0
3.01333261E8 1.0044443E7 15.0
3.01636171E8 1.005454E7 15.0
3.01898161E8 1.0063273E7 15.0
3.02078701E8 1.0069291E7 15.0
3.02085841E8 1.0069529E7 15.0
3.02200741E8 1.0073359E7 15.0
3.02350591E8 1.0078354E7 15.0
3.03016441E8 1.0100549E7 15.0
3.03099241E8 1.0103309E7 15.0
3.03965551E8 1.0132186E7 15.0
3.04864651E8 1.0162156E7 15.0
3.05096401E8 1.0169881E7 15.0
3.05161771E8 1.017206E7 15.0
3.05190631E8 1.0173022E7 15.0
3.05475031E8 1.0182502E7 15.0
3.05604151E8 1.0186806E7 15.0
3.05719051E8 1.0190636E7 15.0
3.05739301E8 1.0191311E7 15.0
3.05781841E8 1.0192729E7 15.0
3.05951671E8 1.019839E7 15.0
3.06527521E8 1.0217585E7 15.0
3.06683131E8 1.0222772E7 15.0
3.08416471E8 1.028055E7 15.0
3.08478241E8 1.0282609E7 15.0
3.09451261E8 1.0315043E7 15.0
3.09960361E8 1.0332013E7 15.0
3.10489951E8 1.0349666E7 15.0
3.10899331E8 1.0363312E7 15.0
3.11112211E8 1.0370408E7 15.0
3.12360451E8 1.0412016E7 15.0
3.12742891E8 1.0424764E7 15.0
3.14955061E8 1.0498503E7 15.0
3.15440581E8 1.0514687E7 15.0
3.15835831E8 1.0527862E7 15.0
3.23757151E8 1.0791906E7 15.0
3.25242841E8 1.0841429E7 15.0
3.27752491E8 1.0925084E7 15.0
