rev2
25921.0 865.0 15.0
25921.0 865.0 15.0
25951.0 866.0 15.0
26251.0 876.0 15.0
26311.0 878.0 15.0
26341.0 879.0 15.0
26401.0 881.0 15.0
26431.0 882.0 15.0
26551.0 886.0 15.0
26551.0 886.0 15.0
26611.0 888.0 15.0
26641.0 889.0 15.0
26671.0 890.0 15.0
26701.0 891.0 15.0
26731.0 892.0 15.0
26731.0 892.0 15.0
26851.0 896.0 15.0
26881.0 897.0 15.0
27001.0 901.0 15.0
27001.0 901.0 15.0
27121.0 905.0 15.0
27121.0 905.0 15.0
27151.0 906.0 15.0
27271.0 910.0 15.0
27331.0 912.0 15.0
27361.0 913.0 15.0
27451.0 916.0 15.0
27451.0 916.0 15.0
27571.0 920.0 15.0
27601.0 921.0 15.0
27631.0 922.0 15.0
27631.0 922.0 15.0
27661.0 923.0 15.0
27691.0 924.0 15.0
27691.0 924.0 15.0
27691.0 924.0 15.0
27721.0 925.0 15.0
27751.0 926.0 15.0
27751.0 926.0 15.0
27781.0 927.0 15.0
27781.0 927.0 15.0
27811.0 928.0 15.0
27841.0 929.0 15.0
27871.0 930.0 15.0
27871.0 930.0 15.0
27901.0 931.0 15.0
27961.0 933.0 15.0
27991.0 934.0 15.0
28051.0 936.0 15.0
28081.0 937.0 15.0
28171.0 940.0 15.0
28201.0 941.0 15.0
28201.0 941.0 15.0
28231.0 942.0 15.0
28321.0 945.0 15.0
28321.0 945.0 15.0
28351.0 946.0 15.0
28471.0 950.0 15.0
28531.0 952.0 15.0
28651.0 956.0 15.0
28741.0 959.0 15.0
28741.0 959.0 15.0
28741.0 959.0 15.0
28741.0 959.0 15.0
28771.0 960.0 15.0
28771.0 960.0 15.0
28771.0 960.0 15.0
28831.0 962.0 15.0
29071.0 970.0 15.0
29101.0 971.0 15.0
29191.0 974.0 15.0
29341.0 979.0 15.0
29461.0 983.0 15.0
29581.0 987.0 15.0
29581.0 987.0 15.0
29641.0 989.0 15.0
29731.0 992.0 15.0
29731.0 992.0 15.0
29761.0 993.0 15.0
29851.0 996.0 15.0
29881.0 997.0 15.0
29971.0 1000.0 15.0
30121.0 1005.0 15.0
30121.0 1005.0 15.0
30181.0 1007.0 15.0
30181.0 1007.0 15.0
30211.0 1008.0 15.0
30331.0 1012.0 15.0
30361.0 1013.0 15.0
30541.0 1019.0 15.0
30961.0 1033.0 15.0
31471.0 1050.0 15.0
31621.0 1055.0 15.0
31891.0 1064.0 15.0
31891.0 1064.0 15.0
32131.0 1072.0 15.0
32521.0 1085.0 15.0
32761.0 1093.0 15.0
32821.0 1095.0 15.0
33661.0 1123.0 15.0
