rev2
951661.0 31723.0 15.0
952561.0 31753.0 15.0
954181.0 31807.0 15.0
959701.0 31991.0 15.0
961591.0 32054.0 15.0
962011.0 32068.0 15.0
962551.0 32086.0 15.0
968581.0 32287.0 15.0
968641.0 32289.0 15.0
971821.0 32395.0 15.0
973261.0 32443.0 15.0
973921.0 32465.0 15.0
974791.0 32494.0 15.0
976711.0 32558.0 15.0
976771.0 32560.0 15.0
976861.0 32563.0 15.0
977311.0 32578.0 15.0
978091.0 32604.0 15.0
978601.0 32621.0 15.0
978691.0 32624.0 15.0
980101.0 32671.0 15.0
982021.0 32735.0 15.0
984841.0 32829.0 15.0
986191.0 32874.0 15.0
986551.0 32886.0 15.0
986731.0 32892.0 15.0
987001.0 32901.0 15.0
987121.0 32905.0 15.0
987571.0 32920.0 15.0
989731.0 32992.0 15.0
991021.0 33035.0 15.0
992461.0 33083.0 15.0
992881.0 33097.0 15.0
992971.0 33100.0 15.0
993271.0 33110.0 15.0
993541.0 33119.0 15.0
994441.0 33149.0 15.0
994561.0 33153.0 15.0
995161.0 33173.0 15.0
997561.0 33253.0 15.0
997591.0 33254.0 15.0
997831.0 33262.0 15.0
998551.0 33286.0 15.0
998551.0 33286.0 15.0
998581.0 33287.0 15.0
999901.0 33331.0 15.0
1000891.0 33364.0 15.0
1001041.0 33369.0 15.0
1002691.0 33424.0 15.0
1003021.0 33435.0 15.0
1003201.0 33441.0 15.0
1004221.0 33475.0 15.0
1005691.0 33524.0 15.0
1005811.0 33528.0 15.0
1007011.0 33568.0 15.0
1007431.0 33582.0 15.0
1007881.0 33597.0 15.0
1008121.0 33605.0 15.0
1008391.0 33614.0 15.0
1011811.0 33728.0 15.0
1012321.0 33745.0 15.0
1012441.0 33749.0 15.0
1015081.0 33837.0 15.0
1016521.0 33885.0 15.0
1017751.0 33926.0 15.0
1017781.0 33927.0 15.0
1020391.0 34014.0 15.0
1023901.0 34131.0 15.0
1025221.0 34175.0 15.0
1025521.0 34185.0 15.0
1025851.0 34196.0 15.0
1026691.0 34224.0 15.0
1028431.0 34282.0 15.0
1028521.0 34285.0 15.0
1029061.0 34303.0 15.0
1030261.0 34343.0 15.0
1030381.0 34347.0 15.0
1033471.0 34450.0 15.0
1034491.0 34484.0 15.0
1036861.0 34563.0 15.0
1043851.0 34796.0 15.0
1043941.0 34799.0 15.0
1044481.0 34817.0 15.0
1046821.0 34895.0 15.0
1047301.0 34911.0 15.0
1047601.0 34921.0 15.0
1049821.0 34995.0 15.0
1050211.0 35008.0 15.0
1055251.0 35176.0 15.0
1057951.0 35266.0 15.0
1059181.0 35307.0 15.0
1063621.0 35455.0 15.0
1065601.0 35521.0 15.0
1071511.0 35718.0 15.0
1073431.0 35782.0 15.0
1074241.0 35809.0 15.0
1082641.0 36089.0 15.0
1086721.0 36225.0 15.0
1103851.0 36796.0 15.0
1162321.0 38745.0 15.0
