rev4
1.1916142E7 397207.0 15.0
1.1938072E7 397937.0 15.0
1.2147971E7 404936.0 15.0
1.2149248E7 404978.0 15.0
1.2196206E7 406542.0 15.0
1.2201763E7 406728.0 15.0
1.2203764E7 406794.0 15.0
1.2215232E7 407176.0 15.0
1.2240219E7 408009.0 15.0
1.2253541E7 408454.0 15.0
1.2284291E7 409479.0 15.0
1.228514E7 409507.0 15.0
1.228596E7 409535.0 15.0
1.2286251E7 409543.0 15.0
1.2310747E7 410360.0 15.0
1.2313863E7 410465.0 15.0
1.2350603E7 411688.0 15.0
1.2364598E7 412155.0 15.0
1.2370846E7 412364.0 15.0
1.2378572E7 412621.0 15.0
1.2391512E7 413052.0 15.0
1.2408714E7 413626.0 15.0
1.2412505E7 413753.0 15.0
1.242278E7 414094.0 15.0
1.2425496E7 414186.0 15.0
1.2431483E7 414384.0 15.0
1.2432366E7 414416.0 15.0
1.2432482E7 414419.0 15.0
1.2434134E7 414474.0 15.0
1.2437736E7 414593.0 15.0
1.2438228E7 414610.0 15.0
1.243927E7 414644.0 15.0
1.2447951E7 414934.0 15.0
1.2471954E7 415733.0 15.0
1.2472346E7 415746.0 15.0
1.2476851E7 415898.0 15.0
1.2477956E7 415933.0 15.0
1.2482093E7 416073.0 15.0
1.2498485E7 416618.0 15.0
1.250071E7 416693.0 15.0
1.2504326E7 416813.0 15.0
1.2510384E7 417016.0 15.0
1.2512856E7 417098.0 15.0
1.2522934E7 417433.0 15.0
1.2533725E7 417792.0 15.0
1.2534365E7 417815.0 15.0
1.2538034E7 417937.0 15.0
1.2541959E7 418067.0 15.0
1.2545492E7 418185.0 15.0
1.2556144E7 418541.0 15.0
1.2561085E7 418705.0 15.0
1.2564414E7 418816.0 15.0
1.2584164E7 419475.0 15.0
1.2604734E7 420161.0 15.0
1.2624144E7 420806.0 15.0
1.2630835E7 421030.0 15.0
1.2660229E7 422010.0 15.0
1.2672764E7 422429.0 15.0
1.2674557E7 422487.0 15.0
1.2679058E7 422637.0 15.0
1.2692975E7 423102.0 15.0
1.273111E7 424372.0 15.0
1.2745239E7 424844.0 15.0
1.2748373E7 424949.0 15.0
1.2760045E7 425337.0 15.0
1.2769913E7 425666.0 15.0
1.2778866E7 425965.0 15.0
1.2825457E7 427517.0 15.0
1.2851214E7 428377.0 15.0
1.2855888E7 428533.0 15.0
1.2890924E7 429700.0 15.0
1.2905117E7 430172.0 15.0
1.2906154E7 430207.0 15.0
1.2920551E7 430687.0 15.0
1.2950529E7 431687.0 15.0
1.2976148E7 432541.0 15.0
1.2984874E7 432832.0 15.0
1.2990381E7 433014.0 15.0
1.2999543E7 433320.0 15.0
1.3004606E7 433489.0 15.0
1.3012551E7 433754.0 15.0
1.3075842E7 435864.0 15.0
1.3081819E7 436064.0 15.0
1.3094648E7 436492.0 15.0
1.3100661E7 436691.0 15.0
1.3120059E7 437337.0 15.0
1.316965E7 438992.0 15.0
1.3175748E7 439193.0 15.0
1.3189871E7 439664.0 15.0
1.323136E7 441048.0 15.0
1.324969E7 441658.0 15.0
1.3337439E7 444583.0 15.0
1.3380713E7 446026.0 15.0
1.3445883E7 448199.0 15.0
1.3452607E7 448422.0 15.0
1.3463255E7 448778.0 15.0
1.3707412E7 456916.0 15.0
1.3897826E7 463264.0 15.0
1.3954256E7 465145.0 15.0
1.518084E7 506031.0 15.0
