rev2
462811.0 15428.0 15.0
470491.0 15684.0 15.0
470521.0 15685.0 15.0
472681.0 15757.0 15.0
472861.0 15763.0 15.0
473221.0 15775.0 15.0
473221.0 15775.0 15.0
475081.0 15837.0 15.0
475981.0 15867.0 15.0
476011.0 15868.0 15.0
476791.0 15894.0 15.0
476911.0 15898.0 15.0
477481.0 15917.0 15.0
479131.0 15972.0 15.0
479281.0 15977.0 15.0
480721.0 16025.0 15.0
481171.0 16040.0 15.0
481501.0 16051.0 15.0
481621.0 16055.0 15.0
482281.0 16077.0 15.0
483061.0 16103.0 15.0
483181.0 16107.0 15.0
483511.0 16118.0 15.0
484051.0 16136.0 15.0
484771.0 16160.0 15.0
485341.0 16179.0 15.0
485491.0 16184.0 15.0
485521.0 16185.0 15.0
485521.0 16185.0 15.0
486211.0 16208.0 15.0
486421.0 16215.0 15.0
486901.0 16231.0 15.0
486991.0 16234.0 15.0
488011.0 16268.0 15.0
489151.0 16306.0 15.0
490051.0 16336.0 15.0
490381.0 16347.0 15.0
490891.0 16364.0 15.0
490951.0 16366.0 15.0
491431.0 16382.0 15.0
491911.0 16398.0 15.0
492331.0 16412.0 15.0
492511.0 16418.0 15.0
492511.0 16418.0 15.0
493171.0 16440.0 15.0
493441.0 16449.0 15.0
493951.0 16466.0 15.0
494461.0 16483.0 15.0
495031.0 16502.0 15.0
495061.0 16503.0 15.0
495361.0 16513.0 15.0
495811.0 16528.0 15.0
496021.0 16535.0 15.0
496051.0 16536.0 15.0
496861.0 16563.0 15.0
496921.0 16565.0 15.0
497221.0 16575.0 15.0
497701.0 16591.0 15.0
498931.0 16632.0 15.0
499201.0 16641.0 15.0
499651.0 16656.0 15.0
499741.0 16659.0 15.0
500071.0 16670.0 15.0
500131.0 16672.0 15.0
500191.0 16674.0 15.0
502051.0 16736.0 15.0
502141.0 16739.0 15.0
502381.0 16747.0 15.0
502561.0 16753.0 15.0
502741.0 16759.0 15.0
503461.0 16783.0 15.0
503521.0 16785.0 15.0
504181.0 16807.0 15.0
504841.0 16829.0 15.0
504841.0 16829.0 15.0
505141.0 16839.0 15.0
505381.0 16847.0 15.0
507391.0 16914.0 15.0
508651.0 16956.0 15.0
509821.0 16995.0 15.0
509851.0 16996.0 15.0
510031.0 17002.0 15.0
510631.0 17022.0 15.0
511861.0 17063.0 15.0
513361.0 17113.0 15.0
513691.0 17124.0 15.0
513991.0 17134.0 15.0
514591.0 17154.0 15.0
514831.0 17162.0 15.0
515251.0 17176.0 15.0
516931.0 17232.0 15.0
517201.0 17241.0 15.0
520921.0 17365.0 15.0
524791.0 17494.0 15.0
525301.0 17511.0 15.0
527431.0 17582.0 15.0
532561.0 17753.0 15.0
536221.0 17875.0 15.0
546241.0 18209.0 15.0
550921.0 18365.0 15.0
