rev2
1926001.0 64201.0 15.0
1948891.0 64964.0 15.0
1951981.0 65067.0 15.0
1966531.0 65552.0 15.0
1966651.0 65556.0 15.0
1968781.0 65627.0 15.0
1969171.0 65640.0 15.0
1969201.0 65641.0 15.0
1972591.0 65754.0 15.0
1979581.0 65987.0 15.0
1980301.0 66011.0 15.0
1983691.0 66124.0 15.0
1984681.0 66157.0 15.0
1985221.0 66175.0 15.0
1986181.0 66207.0 15.0
1990171.0 66340.0 15.0
1992901.0 66431.0 15.0
1993531.0 66452.0 15.0
1995121.0 66505.0 15.0
1998751.0 66626.0 15.0
2000581.0 66687.0 15.0
2002381.0 66747.0 15.0
2002831.0 66762.0 15.0
2005501.0 66851.0 15.0
2006791.0 66894.0 15.0
2007361.0 66913.0 15.0
2009011.0 66968.0 15.0
2010001.0 67001.0 15.0
2011171.0 67040.0 15.0
2012821.0 67095.0 15.0
2015131.0 67172.0 15.0
2017411.0 67248.0 15.0
2019301.0 67311.0 15.0
2023231.0 67442.0 15.0
2023981.0 67467.0 15.0
2025241.0 67509.0 15.0
2031871.0 67730.0 15.0
2035951.0 67866.0 15.0
2036881.0 67897.0 15.0
2038411.0 67948.0 15.0
2040151.0 68006.0 15.0
2040601.0 68021.0 15.0
2042311.0 68078.0 15.0
2046181.0 68207.0 15.0
2046751.0 68226.0 15.0
2051671.0 68390.0 15.0
2052061.0 68403.0 15.0
2052241.0 68409.0 15.0
2054101.0 68471.0 15.0
2058121.0 68605.0 15.0
2065441.0 68849.0 15.0
2065561.0 68853.0 15.0
2066041.0 68869.0 15.0
2066611.0 68888.0 15.0
2066821.0 68895.0 15.0
2066881.0 68897.0 15.0
2069731.0 68992.0 15.0
2071831.0 69062.0 15.0
2071921.0 69065.0 15.0
2073211.0 69108.0 15.0
2075341.0 69179.0 15.0
2076331.0 69212.0 15.0
2076871.0 69230.0 15.0
2079361.0 69313.0 15.0
2079541.0 69319.0 15.0
2080261.0 69343.0 15.0
2080891.0 69364.0 15.0
2084881.0 69497.0 15.0
2086441.0 69549.0 15.0
2086501.0 69551.0 15.0
2088961.0 69633.0 15.0
2089921.0 69665.0 15.0
2092261.0 69743.0 15.0
2099401.0 69981.0 15.0
2100421.0 70015.0 15.0
2101081.0 70037.0 15.0
2101141.0 70039.0 15.0
2107051.0 70236.0 15.0
2111941.0 70399.0 15.0
2111971.0 70400.0 15.0
2113111.0 70438.0 15.0
2120251.0 70676.0 15.0
2121481.0 70717.0 15.0
2132761.0 71093.0 15.0
2134921.0 71165.0 15.0
2136781.0 71227.0 15.0
2140741.0 71359.0 15.0
2153311.0 71778.0 15.0
2157751.0 71926.0 15.0
2158021.0 71935.0 15.0
2158831.0 71962.0 15.0
2160061.0 72003.0 15.0
2166481.0 72217.0 15.0
2177281.0 72577.0 15.0
2178751.0 72626.0 15.0
2180461.0 72683.0 15.0
2196571.0 73220.0 15.0
2218621.0 73955.0 15.0
2244391.0 74814.0 15.0
2276521.0 75885.0 15.0
