rev4
2161.0 73.0 15.0
2191.0 74.0 15.0
2221.0 75.0 15.0
2221.0 75.0 15.0
2221.0 75.0 15.0
2251.0 76.0 15.0
2251.0 76.0 15.0
2251.0 76.0 15.0
2251.0 76.0 15.0
2251.0 76.0 15.0
2251.0 76.0 15.0
2251.0 76.0 15.0
2251.0 76.0 15.0
2281.0 77.0 15.0
2281.0 77.0 15.0
2281.0 77.0 15.0
2281.0 77.0 15.0
2281.0 77.0 15.0
2281.0 77.0 15.0
2311.0 78.0 15.0
2311.0 78.0 15.0
2311.0 78.0 15.0
2311.0 78.0 15.0
2311.0 78.0 15.0
2341.0 79.0 15.0
2341.0 79.0 15.0
2341.0 79.0 15.0
2341.0 79.0 15.0
2341.0 79.0 15.0
2341.0 79.0 15.0
2371.0 80.0 15.0
2371.0 80.0 15.0
2371.0 80.0 15.0
2371.0 80.0 15.0
2371.0 80.0 15.0
2401.0 81.0 15.0
2401.0 81.0 15.0
2401.0 81.0 15.0
2401.0 81.0 15.0
2401.0 81.0 15.0
2401.0 81.0 15.0
2401.0 81.0 15.0
2431.0 82.0 15.0
2431.0 82.0 15.0
2431.0 82.0 15.0
2431.0 82.0 15.0
2431.0 82.0 15.0
2431.0 82.0 15.0
2431.0 82.0 15.0
2431.0 82.0 15.0
2431.0 82.0 15.0
2431.0 82.0 15.0
2431.0 82.0 15.0
2461.0 83.0 15.0
2461.0 83.0 15.0
2461.0 83.0 15.0
2461.0 83.0 15.0
2491.0 84.0 15.0
2491.0 84.0 15.0
2491.0 84.0 15.0
2491.0 84.0 15.0
2521.0 85.0 15.0
2521.0 85.0 15.0
2521.0 85.0 15.0
2551.0 86.0 15.0
2551.0 86.0 15.0
2551.0 86.0 15.0
2581.0 87.0 15.0
2581.0 87.0 15.0
2581.0 87.0 15.0
2581.0 87.0 15.0
2611.0 88.0 15.0
2611.0 88.0 15.0
2611.0 88.0 15.0
2611.0 88.0 15.0
2611.0 88.0 15.0
2611.0 88.0 15.0
2611.0 88.0 15.0
2641.0 89.0 15.0
2641.0 89.0 15.0
2641.0 89.0 15.0
2641.0 89.0 15.0
2671.0 90.0 15.0
2671.0 90.0 15.0
2701.0 91.0 15.0
2701.0 91.0 15.0
2731.0 92.0 15.0
2731.0 92.0 15.0
2731.0 92.0 15.0
2731.0 92.0 15.0
2731.0 92.0 15.0
2761.0 93.0 15.0
2761.0 93.0 15.0
2761.0 93.0 15.0
2791.0 94.0 15.0
2851.0 96.0 15.0
2911.0 98.0 15.0
2941.0 99.0 15.0
2941.0 99.0 15.0
3001.0 101.0 15.0
