rev2
8048971.0 268300.0 15.0
8136151.0 271206.0 15.0
8152531.0 271752.0 15.0
8160631.0 272022.0 15.0
8177761.0 272593.0 15.0
8197711.0 273258.0 15.0
8207341.0 273579.0 15.0
8221891.0 274064.0 15.0
8225071.0 274170.0 15.0
8228041.0 274269.0 15.0
8255551.0 275186.0 15.0
8268181.0 275607.0 15.0
8291941.0 276399.0 15.0
8295511.0 276518.0 15.0
8297131.0 276572.0 15.0
8304001.0 276801.0 15.0
8304301.0 276811.0 15.0
8308351.0 276946.0 15.0
8308621.0 276955.0 15.0
8313151.0 277106.0 15.0
8319871.0 277330.0 15.0
8326891.0 277564.0 15.0
8340481.0 278017.0 15.0
8345191.0 278174.0 15.0
8345911.0 278198.0 15.0
8346541.0 278219.0 15.0
8350231.0 278342.0 15.0
8354701.0 278491.0 15.0
8360971.0 278700.0 15.0
8361841.0 278729.0 15.0
8368261.0 278943.0 15.0
8390731.0 279692.0 15.0
8391391.0 279714.0 15.0
8405371.0 280180.0 15.0
8408581.0 280287.0 15.0
8412721.0 280425.0 15.0
8417011.0 280568.0 15.0
8419381.0 280647.0 15.0
8423431.0 280782.0 15.0
8430511.0 281018.0 15.0
8431711.0 281058.0 15.0
8443711.0 281458.0 15.0
8455681.0 281857.0 15.0
8472001.0 282401.0 15.0
8488261.0 282943.0 15.0
8510731.0 283692.0 15.0
8517331.0 283912.0 15.0
8529061.0 284303.0 15.0
8548861.0 284963.0 15.0
8548981.0 284967.0 15.0
8553541.0 285119.0 15.0
8557501.0 285251.0 15.0
8570581.0 285687.0 15.0
8579431.0 285982.0 15.0
8580001.0 286001.0 15.0
8586571.0 286220.0 15.0
8587771.0 286260.0 15.0
8588851.0 286296.0 15.0
8595031.0 286502.0 15.0
8601091.0 286704.0 15.0
8620531.0 287352.0 15.0
8621731.0 287392.0 15.0
8623231.0 287442.0 15.0
8623501.0 287451.0 15.0
8631211.0 287708.0 15.0
8646901.0 288231.0 15.0
8647471.0 288250.0 15.0
8649781.0 288327.0 15.0
8653831.0 288462.0 15.0
8656771.0 288560.0 15.0
8662531.0 288752.0 15.0
8663761.0 288793.0 15.0
8667691.0 288924.0 15.0
8702701.0 290091.0 15.0
8723041.0 290769.0 15.0
8727211.0 290908.0 15.0
8731891.0 291064.0 15.0
8738491.0 291284.0 15.0
8738821.0 291295.0 15.0
8739721.0 291325.0 15.0
8789641.0 292989.0 15.0
8789701.0 292991.0 15.0
8819221.0 293975.0 15.0
8831461.0 294383.0 15.0
8859751.0 295326.0 15.0
8880391.0 296014.0 15.0
8891401.0 296381.0 15.0
8920381.0 297347.0 15.0
8996611.0 299888.0 15.0
9118861.0 303963.0 15.0
9158941.0 305299.0 15.0
9161401.0 305381.0 15.0
9162751.0 305426.0 15.0
9165301.0 305511.0 15.0
9183301.0 306111.0 15.0
9185971.0 306200.0 15.0
9313021.0 310435.0 15.0
9354991.0 311834.0 15.0
9437401.0 314581.0 15.0
9444841.0 314829.0 15.0
