rev2
3975451.0 132516.0 15.0
3977551.0 132586.0 15.0
3978961.0 132633.0 15.0
3986671.0 132890.0 15.0
3989611.0 132988.0 15.0
3997801.0 133261.0 15.0
4004221.0 133475.0 15.0
4008211.0 133608.0 15.0
4009591.0 133654.0 15.0
4011901.0 133731.0 15.0
4016071.0 133870.0 15.0
4023301.0 134111.0 15.0
4023511.0 134118.0 15.0
4024261.0 134143.0 15.0
4030711.0 134358.0 15.0
4034971.0 134500.0 15.0
4037581.0 134587.0 15.0
4040221.0 134675.0 15.0
4046341.0 134879.0 15.0
4047301.0 134911.0 15.0
4054381.0 135147.0 15.0
4066621.0 135555.0 15.0
4070521.0 135685.0 15.0
4074571.0 135820.0 15.0
4078261.0 135943.0 15.0
4083121.0 136105.0 15.0
4083601.0 136121.0 15.0
4086691.0 136224.0 15.0
4090171.0 136340.0 15.0
4093051.0 136436.0 15.0
4093141.0 136439.0 15.0
4093621.0 136455.0 15.0
4102591.0 136754.0 15.0
4109731.0 136992.0 15.0
4112611.0 137088.0 15.0
4117381.0 137247.0 15.0
4119481.0 137317.0 15.0
4121731.0 137392.0 15.0
4122691.0 137424.0 15.0
4126531.0 137552.0 15.0
4128181.0 137607.0 15.0
4129501.0 137651.0 15.0
4130701.0 137691.0 15.0
4131871.0 137730.0 15.0
4135441.0 137849.0 15.0
4136551.0 137886.0 15.0
4137061.0 137903.0 15.0
4141201.0 138041.0 15.0
4147321.0 138245.0 15.0
4155841.0 138529.0 15.0
4156351.0 138546.0 15.0
4157551.0 138586.0 15.0
4158751.0 138626.0 15.0
4171621.0 139055.0 15.0
4176451.0 139216.0 15.0
4178371.0 139280.0 15.0
4178641.0 139289.0 15.0
4188691.0 139624.0 15.0
4191661.0 139723.0 15.0
4191931.0 139732.0 15.0
4204051.0 140136.0 15.0
4208131.0 140272.0 15.0
4210171.0 140340.0 15.0
4214791.0 140494.0 15.0
4217281.0 140577.0 15.0
4218691.0 140624.0 15.0
4219081.0 140637.0 15.0
4219711.0 140658.0 15.0
4225501.0 140851.0 15.0
4229011.0 140968.0 15.0
4230931.0 141032.0 15.0
4235011.0 141168.0 15.0
4237531.0 141252.0 15.0
4238041.0 141269.0 15.0
4271461.0 142383.0 15.0
4274101.0 142471.0 15.0
4278091.0 142604.0 15.0
4283311.0 142778.0 15.0
4286971.0 142900.0 15.0
4289941.0 142999.0 15.0
4291141.0 143039.0 15.0
4292491.0 143084.0 15.0
4292791.0 143094.0 15.0
4294081.0 143137.0 15.0
4303771.0 143460.0 15.0
4336081.0 144537.0 15.0
4346101.0 144871.0 15.0
4349431.0 144982.0 15.0
4357171.0 145240.0 15.0
4362301.0 145411.0 15.0
4385491.0 146184.0 15.0
4396171.0 146540.0 15.0
4399591.0 146654.0 15.0
4413031.0 147102.0 15.0
4413781.0 147127.0 15.0
4442041.0 148069.0 15.0
4452241.0 148409.0 15.0
4473661.0 149123.0 15.0
4588171.0 152940.0 15.0
4801531.0 160052.0 15.0
