rev2
12451.0 416.0 15.0
12781.0 427.0 15.0
12811.0 428.0 15.0
13051.0 436.0 15.0
13051.0 436.0 15.0
13081.0 437.0 15.0
13141.0 439.0 15.0
13231.0 442.0 15.0
13291.0 444.0 15.0
13321.0 445.0 15.0
13351.0 446.0 15.0
13411.0 448.0 15.0
13441.0 449.0 15.0
13441.0 449.0 15.0
13441.0 449.0 15.0
13501.0 451.0 15.0
13501.0 451.0 15.0
13501.0 451.0 15.0
13531.0 452.0 15.0
13531.0 452.0 15.0
13561.0 453.0 15.0
13561.0 453.0 15.0
13561.0 453.0 15.0
13621.0 455.0 15.0
13651.0 456.0 15.0
13651.0 456.0 15.0
13681.0 457.0 15.0
13681.0 457.0 15.0
13711.0 458.0 15.0
13741.0 459.0 15.0
13741.0 459.0 15.0
13801.0 461.0 15.0
13831.0 462.0 15.0
13831.0 462.0 15.0
13861.0 463.0 15.0
13861.0 463.0 15.0
13861.0 463.0 15.0
13921.0 465.0 15.0
13921.0 465.0 15.0
13921.0 465.0 15.0
13951.0 466.0 15.0
13951.0 466.0 15.0
13951.0 466.0 15.0
13951.0 466.0 15.0
13981.0 467.0 15.0
13981.0 467.0 15.0
13981.0 467.0 15.0
14011.0 468.0 15.0
14011.0 468.0 15.0
14011.0 468.0 15.0
14011.0 468.0 15.0
14041.0 469.0 15.0
14041.0 469.0 15.0
14071.0 470.0 15.0
14101.0 471.0 15.0
14101.0 471.0 15.0
14131.0 472.0 15.0
14221.0 475.0 15.0
14221.0 475.0 15.0
14221.0 475.0 15.0
14251.0 476.0 15.0
14251.0 476.0 15.0
14281.0 477.0 15.0
14311.0 478.0 15.0
14341.0 479.0 15.0
14341.0 479.0 15.0
14371.0 480.0 15.0
14371.0 480.0 15.0
14401.0 481.0 15.0
14401.0 481.0 15.0
14431.0 482.0 15.0
14431.0 482.0 15.0
14431.0 482.0 15.0
14431.0 482.0 15.0
14491.0 484.0 15.0
14521.0 485.0 15.0
14521.0 485.0 15.0
14521.0 485.0 15.0
14521.0 485.0 15.0
14551.0 486.0 15.0
14551.0 486.0 15.0
14551.0 486.0 15.0
14581.0 487.0 15.0
14671.0 490.0 15.0
14671.0 490.0 15.0
14701.0 491.0 15.0
14761.0 493.0 15.0
14821.0 495.0 15.0
14851.0 496.0 15.0
14941.0 499.0 15.0
14941.0 499.0 15.0
14971.0 500.0 15.0
15001.0 501.0 15.0
15061.0 503.0 15.0
15121.0 505.0 15.0
15121.0 505.0 15.0
15241.0 509.0 15.0
15241.0 509.0 15.0
15481.0 517.0 15.0
15691.0 524.0 15.0
