rev2
6061.0 203.0 15.0
6091.0 204.0 15.0
6091.0 204.0 15.0
6181.0 207.0 15.0
6211.0 208.0 15.0
6211.0 208.0 15.0
6211.0 208.0 15.0
6271.0 210.0 15.0
6271.0 210.0 15.0
6301.0 211.0 15.0
6301.0 211.0 15.0
6331.0 212.0 15.0
6361.0 213.0 15.0
6361.0 213.0 15.0
6361.0 213.0 15.0
6361.0 213.0 15.0
6391.0 214.0 15.0
6391.0 214.0 15.0
6391.0 214.0 15.0
6421.0 215.0 15.0
6421.0 215.0 15.0
6421.0 215.0 15.0
6421.0 215.0 15.0
6451.0 216.0 15.0
6481.0 217.0 15.0
6481.0 217.0 15.0
6481.0 217.0 15.0
6541.0 219.0 15.0
6571.0 220.0 15.0
6601.0 221.0 15.0
6601.0 221.0 15.0
6601.0 221.0 15.0
6631.0 222.0 15.0
6631.0 222.0 15.0
6631.0 222.0 15.0
6661.0 223.0 15.0
6661.0 223.0 15.0
6661.0 223.0 15.0
6721.0 225.0 15.0
6721.0 225.0 15.0
6751.0 226.0 15.0
6751.0 226.0 15.0
6751.0 226.0 15.0
6751.0 226.0 15.0
6781.0 227.0 15.0
6781.0 227.0 15.0
6811.0 228.0 15.0
6811.0 228.0 15.0
6841.0 229.0 15.0
6841.0 229.0 15.0
6841.0 229.0 15.0
6841.0 229.0 15.0
6841.0 229.0 15.0
6871.0 230.0 15.0
6871.0 230.0 15.0
6871.0 230.0 15.0
6871.0 230.0 15.0
6901.0 231.0 15.0
6931.0 232.0 15.0
6961.0 233.0 15.0
6991.0 234.0 15.0
7021.0 235.0 15.0
7021.0 235.0 15.0
7051.0 236.0 15.0
7051.0 236.0 15.0
7081.0 237.0 15.0
7081.0 237.0 15.0
7081.0 237.0 15.0
7081.0 237.0 15.0
7111.0 238.0 15.0
7111.0 238.0 15.0
7171.0 240.0 15.0
7171.0 240.0 15.0
7171.0 240.0 15.0
7201.0 241.0 15.0
7231.0 242.0 15.0
7231.0 242.0 15.0
7231.0 242.0 15.0
7261.0 243.0 15.0
7291.0 244.0 15.0
7321.0 245.0 15.0
7321.0 245.0 15.0
7381.0 247.0 15.0
7411.0 248.0 15.0
7411.0 248.0 15.0
7411.0 248.0 15.0
7471.0 250.0 15.0
7531.0 252.0 15.0
7531.0 252.0 15.0
7561.0 253.0 15.0
7561.0 253.0 15.0
7621.0 255.0 15.0
7651.0 256.0 15.0
7651.0 256.0 15.0
7801.0 261.0 15.0
7891.0 264.0 15.0
7921.0 265.0 15.0
8041.0 269.0 15.0
8221.0 275.0 15.0
9031.0 302.0 15.0
