rev2
66091.0 2204.0 15.0
68671.0 2290.0 15.0
69031.0 2302.0 15.0
69331.0 2312.0 15.0
69721.0 2325.0 15.0
69841.0 2329.0 15.0
70141.0 2339.0 15.0
70501.0 2351.0 15.0
70591.0 2354.0 15.0
70921.0 2365.0 15.0
71071.0 2370.0 15.0
71191.0 2374.0 15.0
71281.0 2377.0 15.0
71491.0 2384.0 15.0
71821.0 2395.0 15.0
71911.0 2398.0 15.0
72031.0 2402.0 15.0
72151.0 2406.0 15.0
72181.0 2407.0 15.0
72211.0 2408.0 15.0
72481.0 2417.0 15.0
72571.0 2420.0 15.0
72571.0 2420.0 15.0
72661.0 2423.0 15.0
72691.0 2424.0 15.0
72691.0 2424.0 15.0
72811.0 2428.0 15.0
72961.0 2433.0 15.0
73081.0 2437.0 15.0
73081.0 2437.0 15.0
73081.0 2437.0 15.0
73141.0 2439.0 15.0
73231.0 2442.0 15.0
73591.0 2454.0 15.0
73711.0 2458.0 15.0
73861.0 2463.0 15.0
73951.0 2466.0 15.0
73951.0 2466.0 15.0
74641.0 2489.0 15.0
74731.0 2492.0 15.0
74971.0 2500.0 15.0
75061.0 2503.0 15.0
75091.0 2504.0 15.0
75271.0 2510.0 15.0
75271.0 2510.0 15.0
75331.0 2512.0 15.0
75451.0 2516.0 15.0
75511.0 2518.0 15.0
76381.0 2547.0 15.0
76501.0 2551.0 15.0
76561.0 2553.0 15.0
76621.0 2555.0 15.0
76711.0 2558.0 15.0
77101.0 2571.0 15.0
77311.0 2578.0 15.0
77371.0 2580.0 15.0
77521.0 2585.0 15.0
77551.0 2586.0 15.0
77641.0 2589.0 15.0
77671.0 2590.0 15.0
77791.0 2594.0 15.0
77971.0 2600.0 15.0
78091.0 2604.0 15.0
78271.0 2610.0 15.0
78361.0 2613.0 15.0
78481.0 2617.0 15.0
78511.0 2618.0 15.0
78631.0 2622.0 15.0
78811.0 2628.0 15.0
78991.0 2634.0 15.0
79081.0 2637.0 15.0
79141.0 2639.0 15.0
79201.0 2641.0 15.0
79261.0 2643.0 15.0
79441.0 2649.0 15.0
79561.0 2653.0 15.0
79621.0 2655.0 15.0
79831.0 2662.0 15.0
79891.0 2664.0 15.0
80011.0 2668.0 15.0
80041.0 2669.0 15.0
80071.0 2670.0 15.0
80401.0 2681.0 15.0
80551.0 2686.0 15.0
80611.0 2688.0 15.0
81061.0 2703.0 15.0
81211.0 2708.0 15.0
81271.0 2710.0 15.0
81391.0 2714.0 15.0
81661.0 2723.0 15.0
81691.0 2724.0 15.0
82741.0 2759.0 15.0
83371.0 2780.0 15.0
83461.0 2783.0 15.0
84001.0 2801.0 15.0
84571.0 2820.0 15.0
86911.0 2898.0 15.0
87631.0 2922.0 15.0
89821.0 2995.0 15.0
93031.0 3102.0 15.0
