rev2
34291.0 1144.0 15.0
34471.0 1150.0 15.0
34561.0 1153.0 15.0
34891.0 1164.0 15.0
34981.0 1167.0 15.0
35221.0 1175.0 15.0
35251.0 1176.0 15.0
35251.0 1176.0 15.0
35281.0 1177.0 15.0
35311.0 1178.0 15.0
35341.0 1179.0 15.0
35461.0 1183.0 15.0
35521.0 1185.0 15.0
35551.0 1186.0 15.0
35641.0 1189.0 15.0
35641.0 1189.0 15.0
35671.0 1190.0 15.0
35911.0 1198.0 15.0
36061.0 1203.0 15.0
36391.0 1214.0 15.0
36421.0 1215.0 15.0
36481.0 1217.0 15.0
36511.0 1218.0 15.0
36511.0 1218.0 15.0
36571.0 1220.0 15.0
36571.0 1220.0 15.0
36601.0 1221.0 15.0
36751.0 1226.0 15.0
36781.0 1227.0 15.0
36811.0 1228.0 15.0
36841.0 1229.0 15.0
36931.0 1232.0 15.0
36931.0 1232.0 15.0
36931.0 1232.0 15.0
37021.0 1235.0 15.0
37051.0 1236.0 15.0
37081.0 1237.0 15.0
37081.0 1237.0 15.0
37111.0 1238.0 15.0
37141.0 1239.0 15.0
37201.0 1241.0 15.0
37201.0 1241.0 15.0
37201.0 1241.0 15.0
37321.0 1245.0 15.0
37351.0 1246.0 15.0
37351.0 1246.0 15.0
37651.0 1256.0 15.0
37741.0 1259.0 15.0
37771.0 1260.0 15.0
37771.0 1260.0 15.0
37801.0 1261.0 15.0
37891.0 1264.0 15.0
38041.0 1269.0 15.0
38071.0 1270.0 15.0
38131.0 1272.0 15.0
38131.0 1272.0 15.0
38191.0 1274.0 15.0
38191.0 1274.0 15.0
38221.0 1275.0 15.0
38311.0 1278.0 15.0
38311.0 1278.0 15.0
38341.0 1279.0 15.0
38341.0 1279.0 15.0
38371.0 1280.0 15.0
38461.0 1283.0 15.0
38581.0 1287.0 15.0
38851.0 1296.0 15.0
38881.0 1297.0 15.0
38941.0 1299.0 15.0
39091.0 1304.0 15.0
39271.0 1310.0 15.0
39361.0 1313.0 15.0
39361.0 1313.0 15.0
39361.0 1313.0 15.0
39451.0 1316.0 15.0
39601.0 1321.0 15.0
39751.0 1326.0 15.0
39781.0 1327.0 15.0
40171.0 1340.0 15.0
40651.0 1356.0 15.0
40801.0 1361.0 15.0
40861.0 1363.0 15.0
40891.0 1364.0 15.0
40891.0 1364.0 15.0
41281.0 1377.0 15.0
41431.0 1382.0 15.0
41551.0 1386.0 15.0
41851.0 1396.0 15.0
41851.0 1396.0 15.0
41851.0 1396.0 15.0
42181.0 1407.0 15.0
42241.0 1409.0 15.0
42841.0 1429.0 15.0
43531.0 1452.0 15.0
44011.0 1468.0 15.0
44101.0 1471.0 15.0
44641.0 1489.0 15.0
45061.0 1503.0 15.0
47311.0 1578.0 15.0
48511.0 1618.0 15.0
