rev2
2373241.0 79109.0 15.0
2390551.0 79686.0 15.0
2396701.0 79891.0 15.0
2399911.0 79998.0 15.0
2407111.0 80238.0 15.0
2410441.0 80349.0 15.0
2415661.0 80523.0 15.0
2417311.0 80578.0 15.0
2420791.0 80694.0 15.0
2421241.0 80709.0 15.0
2421781.0 80727.0 15.0
2434351.0 81146.0 15.0
2436931.0 81232.0 15.0
2443471.0 81450.0 15.0
2444611.0 81488.0 15.0
2446471.0 81550.0 15.0
2453011.0 81768.0 15.0
2453191.0 81774.0 15.0
2458141.0 81939.0 15.0
2459191.0 81974.0 15.0
2466661.0 82223.0 15.0
2468671.0 82290.0 15.0
2473501.0 82451.0 15.0
2474701.0 82491.0 15.0
2477911.0 82598.0 15.0
2482531.0 82752.0 15.0
2490361.0 83013.0 15.0
2497621.0 83255.0 15.0
2500861.0 83363.0 15.0
2501611.0 83388.0 15.0
2506561.0 83553.0 15.0
2509741.0 83659.0 15.0
2510581.0 83687.0 15.0
2510851.0 83696.0 15.0
2512861.0 83763.0 15.0
2514001.0 83801.0 15.0
2518651.0 83956.0 15.0
2520421.0 84015.0 15.0
2520841.0 84029.0 15.0
2521531.0 84052.0 15.0
2523841.0 84129.0 15.0
2524081.0 84137.0 15.0
2526961.0 84233.0 15.0
2527501.0 84251.0 15.0
2535901.0 84531.0 15.0
2536501.0 84551.0 15.0
2536561.0 84553.0 15.0
2537671.0 84590.0 15.0
2538061.0 84603.0 15.0
2542471.0 84750.0 15.0
2546251.0 84876.0 15.0
2554021.0 85135.0 15.0
2558101.0 85271.0 15.0
2563411.0 85448.0 15.0
2564101.0 85471.0 15.0
2564941.0 85499.0 15.0
2565511.0 85518.0 15.0
2569981.0 85667.0 15.0
2569981.0 85667.0 15.0
2573821.0 85795.0 15.0
2578501.0 85951.0 15.0
2589901.0 86331.0 15.0
2590711.0 86358.0 15.0
2602171.0 86740.0 15.0
2606821.0 86895.0 15.0
2609971.0 87000.0 15.0
2615551.0 87186.0 15.0
2617441.0 87249.0 15.0
2626681.0 87557.0 15.0
2637811.0 87928.0 15.0
2640691.0 88024.0 15.0
2641141.0 88039.0 15.0
2642161.0 88073.0 15.0
2647141.0 88239.0 15.0
2654101.0 88471.0 15.0
2660401.0 88681.0 15.0
2663551.0 88786.0 15.0
2665141.0 88839.0 15.0
2673061.0 89103.0 15.0
2677981.0 89267.0 15.0
2681011.0 89368.0 15.0
2681221.0 89375.0 15.0
2682031.0 89402.0 15.0
2682331.0 89412.0 15.0
2692951.0 89766.0 15.0
2697121.0 89905.0 15.0
2697721.0 89925.0 15.0
2703271.0 90110.0 15.0
2703901.0 90131.0 15.0
2731471.0 91050.0 15.0
2769301.0 92311.0 15.0
2828581.0 94287.0 15.0
2828791.0 94294.0 15.0
2845111.0 94838.0 15.0
2855311.0 95178.0 15.0
2869021.0 95635.0 15.0
2900521.0 96685.0 15.0
2938141.0 97939.0 15.0
2982511.0 99418.0 15.0
3060691.0 102024.0 15.0
