rev2
1158211.0 38608.0 15.0
1166611.0 38888.0 15.0
1175491.0 39184.0 15.0
1185301.0 39511.0 15.0
1188361.0 39613.0 15.0
1189111.0 39638.0 15.0
1191871.0 39730.0 15.0
1192951.0 39766.0 15.0
1193551.0 39786.0 15.0
1195861.0 39863.0 15.0
1198801.0 39961.0 15.0
1207081.0 40237.0 15.0
1210081.0 40337.0 15.0
1210771.0 40360.0 15.0
1212601.0 40421.0 15.0
1213471.0 40450.0 15.0
1214401.0 40481.0 15.0
1216381.0 40547.0 15.0
1217491.0 40584.0 15.0
1217731.0 40592.0 15.0
1217791.0 40594.0 15.0
1219231.0 40642.0 15.0
1221721.0 40725.0 15.0
1222651.0 40756.0 15.0
1232461.0 41083.0 15.0
1232581.0 41087.0 15.0
1233151.0 41106.0 15.0
1235851.0 41196.0 15.0
1235911.0 41198.0 15.0
1236151.0 41206.0 15.0
1238131.0 41272.0 15.0
1240231.0 41342.0 15.0
1241311.0 41378.0 15.0
1245091.0 41504.0 15.0
1245361.0 41513.0 15.0
1245451.0 41516.0 15.0
1245751.0 41526.0 15.0
1247071.0 41570.0 15.0
1250821.0 41695.0 15.0
1251361.0 41713.0 15.0
1256401.0 41881.0 15.0
1258261.0 41943.0 15.0
1258411.0 41948.0 15.0
1259251.0 41976.0 15.0
1260571.0 42020.0 15.0
1261081.0 42037.0 15.0
1262041.0 42069.0 15.0
1264171.0 42140.0 15.0
1266331.0 42212.0 15.0
1271071.0 42370.0 15.0
1271881.0 42397.0 15.0
1273921.0 42465.0 15.0
1274941.0 42499.0 15.0
1275421.0 42515.0 15.0
1278211.0 42608.0 15.0
1281511.0 42718.0 15.0
1281631.0 42722.0 15.0
1282381.0 42747.0 15.0
1283341.0 42779.0 15.0
1283911.0 42798.0 15.0
1285231.0 42842.0 15.0
1286551.0 42886.0 15.0
1288531.0 42952.0 15.0
1288981.0 42967.0 15.0
1297471.0 43250.0 15.0
1298671.0 43290.0 15.0
1299151.0 43306.0 15.0
1300441.0 43349.0 15.0
1306471.0 43550.0 15.0
1307461.0 43583.0 15.0
1308781.0 43627.0 15.0
1311361.0 43713.0 15.0
1312621.0 43755.0 15.0
1313761.0 43793.0 15.0
1314001.0 43801.0 15.0
1314901.0 43831.0 15.0
1315921.0 43865.0 15.0
1319491.0 43984.0 15.0
1321531.0 44052.0 15.0
1322071.0 44070.0 15.0
1323601.0 44121.0 15.0
1327741.0 44259.0 15.0
1328071.0 44270.0 15.0
1334821.0 44495.0 15.0
1336861.0 44563.0 15.0
1343311.0 44778.0 15.0
1351711.0 45058.0 15.0
1354771.0 45160.0 15.0
1371031.0 45702.0 15.0
1382851.0 46096.0 15.0
1384591.0 46154.0 15.0
1395211.0 46508.0 15.0
1398241.0 46609.0 15.0
1403581.0 46787.0 15.0
1429891.0 47664.0 15.0
1437241.0 47909.0 15.0
1453291.0 48444.0 15.0
1512811.0 50428.0 15.0
1522561.0 50753.0 15.0
1624021.0 54135.0 15.0
