rev2
9783691.0 326124.0 15.0
9864871.0 328830.0 15.0
9870511.0 329018.0 15.0
9871801.0 329061.0 15.0
9900331.0 330012.0 15.0
9918631.0 330622.0 15.0
9919561.0 330653.0 15.0
9945241.0 331509.0 15.0
9967891.0 332264.0 15.0
9984331.0 332812.0 15.0
1.0011061E7 333703.0 15.0
1.0018651E7 333956.0 15.0
1.0025221E7 334175.0 15.0
1.0032691E7 334424.0 15.0
1.0048051E7 334936.0 15.0
1.0049371E7 334980.0 15.0
1.0052641E7 335089.0 15.0
1.0074871E7 335830.0 15.0
1.0112341E7 337079.0 15.0
1.0119271E7 337310.0 15.0
1.0128061E7 337603.0 15.0
1.0141021E7 338035.0 15.0
1.0155301E7 338511.0 15.0
1.0156501E7 338551.0 15.0
1.0160311E7 338678.0 15.0
1.0163401E7 338781.0 15.0
1.0169341E7 338979.0 15.0
1.0170001E7 339001.0 15.0
1.0182091E7 339404.0 15.0
1.0189411E7 339648.0 15.0
1.0196521E7 339885.0 15.0
1.0200481E7 340017.0 15.0
1.0205461E7 340183.0 15.0
1.0207591E7 340254.0 15.0
1.0237471E7 341250.0 15.0
1.0241161E7 341373.0 15.0
1.0245841E7 341529.0 15.0
1.0254661E7 341823.0 15.0
1.0267951E7 342266.0 15.0
1.0293601E7 343121.0 15.0
1.0304131E7 343472.0 15.0
1.0308721E7 343625.0 15.0
1.0315081E7 343837.0 15.0
1.0318411E7 343948.0 15.0
1.0320841E7 344029.0 15.0
1.0322011E7 344068.0 15.0
1.0335361E7 344513.0 15.0
1.0358281E7 345277.0 15.0
1.0366441E7 345549.0 15.0
1.0379431E7 345982.0 15.0
1.0386121E7 346205.0 15.0
1.0390261E7 346343.0 15.0
1.0392931E7 346432.0 15.0
1.0394071E7 346470.0 15.0
1.0394581E7 346487.0 15.0
1.0405501E7 346851.0 15.0
1.0418101E7 347271.0 15.0
1.0422961E7 347433.0 15.0
1.0454191E7 348474.0 15.0
1.0468231E7 348942.0 15.0
1.0469761E7 348993.0 15.0
1.0471051E7 349036.0 15.0
1.0491091E7 349704.0 15.0
1.0492951E7 349766.0 15.0
1.0495171E7 349840.0 15.0
1.0506961E7 350233.0 15.0
1.0513861E7 350463.0 15.0
1.0586941E7 352899.0 15.0
1.0617511E7 353918.0 15.0
1.0646761E7 354893.0 15.0
1.0656661E7 355223.0 15.0
1.0686121E7 356205.0 15.0
1.0696441E7 356549.0 15.0
1.0701181E7 356707.0 15.0
1.0705651E7 356856.0 15.0
1.0727731E7 357592.0 15.0
1.0752451E7 358416.0 15.0
1.0767001E7 358901.0 15.0
1.0767811E7 358928.0 15.0
1.0798921E7 359965.0 15.0
1.0847911E7 361598.0 15.0
1.0850461E7 361683.0 15.0
1.0895071E7 363170.0 15.0
1.0919401E7 363981.0 15.0
1.0929541E7 364319.0 15.0
1.0953991E7 365134.0 15.0
1.0968601E7 365621.0 15.0
1.0970821E7 365695.0 15.0
1.0996891E7 366564.0 15.0
1.1008321E7 366945.0 15.0
1.1025001E7 367501.0 15.0
1.1056201E7 368541.0 15.0
1.1302021E7 376735.0 15.0
1.1443111E7 381438.0 15.0
1.1533321E7 384445.0 15.0
1.1598301E7 386611.0 15.0
1.1624341E7 387479.0 15.0
1.1681911E7 389398.0 15.0
1.1943181E7 398107.0 15.0
1.3343431E7 444782.0 15.0
