rev2
7651.0 256.0 15.0
7711.0 258.0 15.0
7801.0 261.0 15.0
7801.0 261.0 15.0
7861.0 263.0 15.0
7891.0 264.0 15.0
8101.0 271.0 15.0
8101.0 271.0 15.0
8161.0 273.0 15.0
8191.0 274.0 15.0
8191.0 274.0 15.0
8251.0 276.0 15.0
8311.0 278.0 15.0
8371.0 280.0 15.0
8401.0 281.0 15.0
8551.0 286.0 15.0
8551.0 286.0 15.0
8611.0 288.0 15.0
8641.0 289.0 15.0
8671.0 290.0 15.0
8671.0 290.0 15.0
8671.0 290.0 15.0
8701.0 291.0 15.0
8701.0 291.0 15.0
8701.0 291.0 15.0
8731.0 292.0 15.0
8761.0 293.0 15.0
8791.0 294.0 15.0
8821.0 295.0 15.0
8881.0 297.0 15.0
8881.0 297.0 15.0
8881.0 297.0 15.0
8911.0 298.0 15.0
8911.0 298.0 15.0
8911.0 298.0 15.0
8941.0 299.0 15.0
9001.0 301.0 15.0
9001.0 301.0 15.0
9001.0 301.0 15.0
9091.0 304.0 15.0
9151.0 306.0 15.0
9181.0 307.0 15.0
9181.0 307.0 15.0
9211.0 308.0 15.0
9241.0 309.0 15.0
9271.0 310.0 15.0
9331.0 312.0 15.0
9361.0 313.0 15.0
9361.0 313.0 15.0
9391.0 314.0 15.0
9421.0 315.0 15.0
9421.0 315.0 15.0
9451.0 316.0 15.0
9481.0 317.0 15.0
9541.0 319.0 15.0
9571.0 320.0 15.0
9601.0 321.0 15.0
9631.0 322.0 15.0
9631.0 322.0 15.0
9631.0 322.0 15.0
9661.0 323.0 15.0
9691.0 324.0 15.0
9721.0 325.0 15.0
9781.0 327.0 15.0
9811.0 328.0 15.0
9811.0 328.0 15.0
9841.0 329.0 15.0
9901.0 331.0 15.0
9901.0 331.0 15.0
9961.0 333.0 15.0
9961.0 333.0 15.0
9991.0 334.0 15.0
9991.0 334.0 15.0
10051.0 336.0 15.0
10051.0 336.0 15.0
10141.0 339.0 15.0
10201.0 341.0 15.0
10201.0 341.0 15.0
10201.0 341.0 15.0
10201.0 341.0 15.0
10261.0 343.0 15.0
10261.0 343.0 15.0
10381.0 347.0 15.0
10441.0 349.0 15.0
10531.0 352.0 15.0
10561.0 353.0 15.0
10561.0 353.0 15.0
10591.0 354.0 15.0
10591.0 354.0 15.0
10621.0 355.0 15.0
10651.0 356.0 15.0
10771.0 360.0 15.0
10771.0 360.0 15.0
10891.0 364.0 15.0
10951.0 366.0 15.0
11071.0 370.0 15.0
11131.0 372.0 15.0
11581.0 387.0 15.0
11881.0 397.0 15.0
12661.0 423.0 15.0
