rev2
3721.0 125.0 15.0
3871.0 130.0 15.0
3991.0 134.0 15.0
3991.0 134.0 15.0
4051.0 136.0 15.0
4081.0 137.0 15.0
4141.0 139.0 15.0
4141.0 139.0 15.0
4141.0 139.0 15.0
4141.0 139.0 15.0
4171.0 140.0 15.0
4171.0 140.0 15.0
4201.0 141.0 15.0
4261.0 143.0 15.0
4291.0 144.0 15.0
4291.0 144.0 15.0
4321.0 145.0 15.0
4321.0 145.0 15.0
4321.0 145.0 15.0
4351.0 146.0 15.0
4351.0 146.0 15.0
4351.0 146.0 15.0
4351.0 146.0 15.0
4381.0 147.0 15.0
4381.0 147.0 15.0
4381.0 147.0 15.0
4411.0 148.0 15.0
4441.0 149.0 15.0
4441.0 149.0 15.0
4501.0 151.0 15.0
4501.0 151.0 15.0
4531.0 152.0 15.0
4531.0 152.0 15.0
4531.0 152.0 15.0
4531.0 152.0 15.0
4561.0 153.0 15.0
4561.0 153.0 15.0
4561.0 153.0 15.0
4561.0 153.0 15.0
4591.0 154.0 15.0
4591.0 154.0 15.0
4621.0 155.0 15.0
4651.0 156.0 15.0
4651.0 156.0 15.0
4681.0 157.0 15.0
4681.0 157.0 15.0
4711.0 158.0 15.0
4711.0 158.0 15.0
4741.0 159.0 15.0
4741.0 159.0 15.0
4741.0 159.0 15.0
4861.0 163.0 15.0
4861.0 163.0 15.0
4861.0 163.0 15.0
4891.0 164.0 15.0
4891.0 164.0 15.0
4891.0 164.0 15.0
4921.0 165.0 15.0
4921.0 165.0 15.0
4921.0 165.0 15.0
4981.0 167.0 15.0
4981.0 167.0 15.0
5011.0 168.0 15.0
5011.0 168.0 15.0
5041.0 169.0 15.0
5041.0 169.0 15.0
5071.0 170.0 15.0
5071.0 170.0 15.0
5101.0 171.0 15.0
5131.0 172.0 15.0
5161.0 173.0 15.0
5161.0 173.0 15.0
5191.0 174.0 15.0
5221.0 175.0 15.0
5221.0 175.0 15.0
5251.0 176.0 15.0
5251.0 176.0 15.0
5251.0 176.0 15.0
5281.0 177.0 15.0
5311.0 178.0 15.0
5311.0 178.0 15.0
5371.0 180.0 15.0
5461.0 183.0 15.0
5461.0 183.0 15.0
5491.0 184.0 15.0
5521.0 185.0 15.0
5581.0 187.0 15.0
5641.0 189.0 15.0
5671.0 190.0 15.0
5701.0 191.0 15.0
5761.0 193.0 15.0
5851.0 196.0 15.0
5851.0 196.0 15.0
5941.0 199.0 15.0
6151.0 206.0 15.0
6211.0 208.0 15.0
6481.0 217.0 15.0
6541.0 219.0 15.0
6781.0 227.0 15.0
7051.0 236.0 15.0
