rev2
569041.0 18969.0 15.0
578461.0 19283.0 15.0
582691.0 19424.0 15.0
586141.0 19539.0 15.0
586771.0 19560.0 15.0
587971.0 19600.0 15.0
588151.0 19606.0 15.0
590671.0 19690.0 15.0
593791.0 19794.0 15.0
595591.0 19854.0 15.0
595651.0 19856.0 15.0
596491.0 19884.0 15.0
597031.0 19902.0 15.0
597271.0 19910.0 15.0
598981.0 19967.0 15.0
599191.0 19974.0 15.0
599671.0 19990.0 15.0
599821.0 19995.0 15.0
600601.0 20021.0 15.0
601261.0 20043.0 15.0
602641.0 20089.0 15.0
603061.0 20103.0 15.0
603631.0 20122.0 15.0
603661.0 20123.0 15.0
604531.0 20152.0 15.0
604531.0 20152.0 15.0
604711.0 20158.0 15.0
605191.0 20174.0 15.0
605281.0 20177.0 15.0
606331.0 20212.0 15.0
606601.0 20221.0 15.0
606961.0 20233.0 15.0
607801.0 20261.0 15.0
608731.0 20292.0 15.0
609721.0 20325.0 15.0
610081.0 20337.0 15.0
611251.0 20376.0 15.0
612481.0 20417.0 15.0
613411.0 20448.0 15.0
615421.0 20515.0 15.0
615781.0 20527.0 15.0
615811.0 20528.0 15.0
616321.0 20545.0 15.0
616681.0 20557.0 15.0
618481.0 20617.0 15.0
618631.0 20622.0 15.0
618961.0 20633.0 15.0
618961.0 20633.0 15.0
621481.0 20717.0 15.0
621661.0 20723.0 15.0
621721.0 20725.0 15.0
622081.0 20737.0 15.0
622681.0 20757.0 15.0
623161.0 20773.0 15.0
623641.0 20789.0 15.0
624601.0 20821.0 15.0
624961.0 20833.0 15.0
625531.0 20852.0 15.0
625741.0 20859.0 15.0
626011.0 20868.0 15.0
626851.0 20896.0 15.0
628171.0 20940.0 15.0
628261.0 20943.0 15.0
628411.0 20948.0 15.0
629401.0 20981.0 15.0
631291.0 21044.0 15.0
632041.0 21069.0 15.0
632581.0 21087.0 15.0
634411.0 21148.0 15.0
634711.0 21158.0 15.0
634741.0 21159.0 15.0
635131.0 21172.0 15.0
635371.0 21180.0 15.0
636271.0 21210.0 15.0
636571.0 21220.0 15.0
637171.0 21240.0 15.0
638671.0 21290.0 15.0
640261.0 21343.0 15.0
641071.0 21370.0 15.0
641161.0 21373.0 15.0
641761.0 21393.0 15.0
643381.0 21447.0 15.0
644191.0 21474.0 15.0
644401.0 21481.0 15.0
646471.0 21550.0 15.0
647221.0 21575.0 15.0
648331.0 21612.0 15.0
650401.0 21681.0 15.0
658231.0 21942.0 15.0
659791.0 21994.0 15.0
670141.0 22339.0 15.0
672151.0 22406.0 15.0
672361.0 22413.0 15.0
672391.0 22414.0 15.0
679351.0 22646.0 15.0
681721.0 22725.0 15.0
685381.0 22847.0 15.0
695671.0 23190.0 15.0
707851.0 23596.0 15.0
727201.0 24241.0 15.0
