rev2
15361.0 513.0 15.0
16171.0 540.0 15.0
16231.0 542.0 15.0
16471.0 550.0 15.0
16831.0 562.0 15.0
16861.0 563.0 15.0
16921.0 565.0 15.0
17071.0 570.0 15.0
17101.0 571.0 15.0
17401.0 581.0 15.0
17431.0 582.0 15.0
17491.0 584.0 15.0
17551.0 586.0 15.0
17551.0 586.0 15.0
17551.0 586.0 15.0
17551.0 586.0 15.0
17581.0 587.0 15.0
17611.0 588.0 15.0
17641.0 589.0 15.0
17641.0 589.0 15.0
17671.0 590.0 15.0
17761.0 593.0 15.0
17761.0 593.0 15.0
17851.0 596.0 15.0
17911.0 598.0 15.0
17971.0 600.0 15.0
17971.0 600.0 15.0
17971.0 600.0 15.0
18091.0 604.0 15.0
18091.0 604.0 15.0
18091.0 604.0 15.0
18091.0 604.0 15.0
18121.0 605.0 15.0
18181.0 607.0 15.0
18271.0 610.0 15.0
18271.0 610.0 15.0
18301.0 611.0 15.0
18301.0 611.0 15.0
18331.0 612.0 15.0
18361.0 613.0 15.0
18481.0 617.0 15.0
18481.0 617.0 15.0
18511.0 618.0 15.0
18511.0 618.0 15.0
18511.0 618.0 15.0
18571.0 620.0 15.0
18571.0 620.0 15.0
18661.0 623.0 15.0
18751.0 626.0 15.0
18811.0 628.0 15.0
18841.0 629.0 15.0
18931.0 632.0 15.0
18961.0 633.0 15.0
18991.0 634.0 15.0
19081.0 637.0 15.0
19111.0 638.0 15.0
19141.0 639.0 15.0
19141.0 639.0 15.0
19141.0 639.0 15.0
19171.0 640.0 15.0
19201.0 641.0 15.0
19231.0 642.0 15.0
19291.0 644.0 15.0
19351.0 646.0 15.0
19381.0 647.0 15.0
19621.0 655.0 15.0
19651.0 656.0 15.0
19651.0 656.0 15.0
19711.0 658.0 15.0
19831.0 662.0 15.0
19831.0 662.0 15.0
19831.0 662.0 15.0
19861.0 663.0 15.0
19891.0 664.0 15.0
19891.0 664.0 15.0
20011.0 668.0 15.0
20131.0 672.0 15.0
20161.0 673.0 15.0
20161.0 673.0 15.0
20221.0 675.0 15.0
20251.0 676.0 15.0
20311.0 678.0 15.0
20341.0 679.0 15.0
20491.0 684.0 15.0
20851.0 696.0 15.0
20971.0 700.0 15.0
21061.0 703.0 15.0
21091.0 704.0 15.0
21151.0 706.0 15.0
21301.0 711.0 15.0
21631.0 722.0 15.0
22051.0 736.0 15.0
22321.0 745.0 15.0
22531.0 752.0 15.0
22561.0 753.0 15.0
22861.0 763.0 15.0
23161.0 773.0 15.0
23191.0 774.0 15.0
24481.0 817.0 15.0
25891.0 864.0 15.0
