rev2
4811641.0 160389.0 15.0
4848481.0 161617.0 15.0
4848631.0 161622.0 15.0
4849711.0 161658.0 15.0
4875961.0 162533.0 15.0
4877911.0 162598.0 15.0
4908841.0 163629.0 15.0
4910131.0 163672.0 15.0
4916791.0 163894.0 15.0
4921081.0 164037.0 15.0
4924771.0 164160.0 15.0
4940461.0 164683.0 15.0
4952461.0 165083.0 15.0
4953451.0 165116.0 15.0
4955701.0 165191.0 15.0
4956541.0 165219.0 15.0
4961701.0 165391.0 15.0
4973971.0 165800.0 15.0
4985581.0 166187.0 15.0
5000161.0 166673.0 15.0
5001061.0 166703.0 15.0
5006701.0 166891.0 15.0
5007841.0 166929.0 15.0
5018491.0 167284.0 15.0
5024221.0 167475.0 15.0
5028421.0 167615.0 15.0
5043901.0 168131.0 15.0
5052751.0 168426.0 15.0
5054011.0 168468.0 15.0
5065561.0 168853.0 15.0
5068411.0 168948.0 15.0
5073361.0 169113.0 15.0
5076871.0 169230.0 15.0
5080201.0 169341.0 15.0
5087671.0 169590.0 15.0
5093671.0 169790.0 15.0
5095441.0 169849.0 15.0
5108791.0 170294.0 15.0
5111851.0 170396.0 15.0
5112331.0 170412.0 15.0
5115241.0 170509.0 15.0
5123611.0 170788.0 15.0
5127241.0 170909.0 15.0
5130661.0 171023.0 15.0
5145901.0 171531.0 15.0
5156131.0 171872.0 15.0
5158801.0 171961.0 15.0
5163331.0 172112.0 15.0
5163871.0 172130.0 15.0
5168521.0 172285.0 15.0
5173471.0 172450.0 15.0
5173891.0 172464.0 15.0
5181691.0 172724.0 15.0
5196271.0 173210.0 15.0
5213311.0 173778.0 15.0
5215921.0 173865.0 15.0
5216671.0 173890.0 15.0
5218921.0 173965.0 15.0
5230831.0 174362.0 15.0
5244361.0 174813.0 15.0
5245141.0 174839.0 15.0
5253001.0 175101.0 15.0
5254021.0 175135.0 15.0
5255221.0 175175.0 15.0
5255821.0 175195.0 15.0
5257111.0 175238.0 15.0
5258461.0 175283.0 15.0
5268811.0 175628.0 15.0
5283361.0 176113.0 15.0
5287351.0 176246.0 15.0
5287591.0 176254.0 15.0
5292391.0 176414.0 15.0
5311891.0 177064.0 15.0
5319811.0 177328.0 15.0
5321581.0 177387.0 15.0
5335981.0 177867.0 15.0
5339611.0 177988.0 15.0
5343901.0 178131.0 15.0
5348671.0 178290.0 15.0
5357041.0 178569.0 15.0
5361271.0 178710.0 15.0
5365291.0 178844.0 15.0
5380921.0 179365.0 15.0
5381131.0 179372.0 15.0
5391631.0 179722.0 15.0
5396671.0 179890.0 15.0
5404681.0 180157.0 15.0
5408041.0 180269.0 15.0
5409931.0 180332.0 15.0
5418961.0 180633.0 15.0
5430841.0 181029.0 15.0
5450611.0 181688.0 15.0
5473831.0 182462.0 15.0
5517301.0 183911.0 15.0
5582821.0 186095.0 15.0
5590321.0 186345.0 15.0
5627341.0 187579.0 15.0
5760481.0 192017.0 15.0
5805271.0 193510.0 15.0
5884531.0 196152.0 15.0
