rev2
1.9300081E7 643337.0 15.0
1.9557601E7 651921.0 15.0
1.9576531E7 652552.0 15.0
1.9731631E7 657722.0 15.0
1.9749301E7 658311.0 15.0
1.9802311E7 660078.0 15.0
1.9911811E7 663728.0 15.0
1.9998211E7 666608.0 15.0
2.0028391E7 667614.0 15.0
2.0052901E7 668431.0 15.0
2.0120581E7 670687.0 15.0
2.0226541E7 674219.0 15.0
2.0226541E7 674219.0 15.0
2.0272351E7 675746.0 15.0
2.0284531E7 676152.0 15.0
2.0321941E7 677399.0 15.0
2.0351671E7 678390.0 15.0
2.0355811E7 678528.0 15.0
2.0461381E7 682047.0 15.0
2.0476441E7 682549.0 15.0
2.0480161E7 682673.0 15.0
2.0495071E7 683170.0 15.0
2.0507071E7 683570.0 15.0
2.0518741E7 683959.0 15.0
2.0662951E7 688766.0 15.0
2.0705941E7 690199.0 15.0
2.0719531E7 690652.0 15.0
2.0737861E7 691263.0 15.0
2.0782411E7 692748.0 15.0
2.0798491E7 693284.0 15.0
2.0813551E7 693786.0 15.0
2.0814841E7 693829.0 15.0
2.0817511E7 693918.0 15.0
2.0817841E7 693929.0 15.0
2.0829631E7 694322.0 15.0
2.0910211E7 697008.0 15.0
2.0914801E7 697161.0 15.0
2.0957551E7 698586.0 15.0
2.0958151E7 698606.0 15.0
2.0969041E7 698969.0 15.0
2.0982661E7 699423.0 15.0
2.0988001E7 699601.0 15.0
2.1000961E7 700033.0 15.0
2.1004171E7 700140.0 15.0
2.1043891E7 701464.0 15.0
2.1097351E7 703246.0 15.0
2.1105061E7 703503.0 15.0
2.1121561E7 704053.0 15.0
2.1130621E7 704355.0 15.0
2.1154741E7 705159.0 15.0
2.1174841E7 705829.0 15.0
2.1192001E7 706401.0 15.0
2.1201991E7 706734.0 15.0
2.1219151E7 707306.0 15.0
2.1268201E7 708941.0 15.0
2.1280051E7 709336.0 15.0
2.1298561E7 709953.0 15.0
2.1352171E7 711740.0 15.0
2.1360211E7 712008.0 15.0
2.1374611E7 712488.0 15.0
2.1385111E7 712838.0 15.0
2.1389101E7 712971.0 15.0
2.1430801E7 714361.0 15.0
2.1445921E7 714865.0 15.0
2.1518521E7 717285.0 15.0
2.1535501E7 717851.0 15.0
2.1567181E7 718907.0 15.0
2.1669421E7 722315.0 15.0
2.1685621E7 722855.0 15.0
2.1691051E7 723036.0 15.0
2.1694081E7 723137.0 15.0
2.1749881E7 724997.0 15.0
2.1774061E7 725803.0 15.0
2.1787681E7 726257.0 15.0
2.1795151E7 726506.0 15.0
2.1807421E7 726915.0 15.0
2.1856531E7 728552.0 15.0
2.1876751E7 729226.0 15.0
2.1924721E7 730825.0 15.0
2.1989881E7 732997.0 15.0
2.2055461E7 735183.0 15.0
2.2115491E7 737184.0 15.0
2.2131541E7 737719.0 15.0
2.2148551E7 738286.0 15.0
2.2364221E7 745475.0 15.0
2.2447111E7 748238.0 15.0
2.2455841E7 748529.0 15.0
2.2491901E7 749731.0 15.0
2.2496671E7 749890.0 15.0
2.2513111E7 750438.0 15.0
2.2599181E7 753307.0 15.0
2.2631821E7 754395.0 15.0
2.2696591E7 756554.0 15.0
2.2737691E7 757924.0 15.0
2.2756831E7 758562.0 15.0
2.3008111E7 766938.0 15.0
2.3078011E7 769268.0 15.0
2.3111671E7 770390.0 15.0
2.3212861E7 773763.0 15.0
2.5238671E7 841290.0 15.0
