rev2
136711.0 4558.0 15.0
140371.0 4680.0 15.0
141181.0 4707.0 15.0
141391.0 4714.0 15.0
142171.0 4740.0 15.0
143161.0 4773.0 15.0
143611.0 4788.0 15.0
143731.0 4792.0 15.0
144391.0 4814.0 15.0
144421.0 4815.0 15.0
144451.0 4816.0 15.0
144571.0 4820.0 15.0
144751.0 4826.0 15.0
144991.0 4834.0 15.0
145261.0 4843.0 15.0
145351.0 4846.0 15.0
145441.0 4849.0 15.0
145801.0 4861.0 15.0
145801.0 4861.0 15.0
145831.0 4862.0 15.0
145981.0 4867.0 15.0
146311.0 4878.0 15.0
147181.0 4907.0 15.0
147241.0 4909.0 15.0
147421.0 4915.0 15.0
147481.0 4917.0 15.0
147541.0 4919.0 15.0
147631.0 4922.0 15.0
148231.0 4942.0 15.0
148441.0 4949.0 15.0
148501.0 4951.0 15.0
149161.0 4973.0 15.0
149251.0 4976.0 15.0
149311.0 4978.0 15.0
149701.0 4991.0 15.0
150091.0 5004.0 15.0
150121.0 5005.0 15.0
150121.0 5005.0 15.0
150151.0 5006.0 15.0
150301.0 5011.0 15.0
150481.0 5017.0 15.0
150481.0 5017.0 15.0
150751.0 5026.0 15.0
150811.0 5028.0 15.0
150841.0 5029.0 15.0
151141.0 5039.0 15.0
151171.0 5040.0 15.0
151501.0 5051.0 15.0
151561.0 5053.0 15.0
152011.0 5068.0 15.0
152371.0 5080.0 15.0
152491.0 5084.0 15.0
152491.0 5084.0 15.0
154291.0 5144.0 15.0
154321.0 5145.0 15.0
154471.0 5150.0 15.0
154621.0 5155.0 15.0
154921.0 5165.0 15.0
155341.0 5179.0 15.0
155461.0 5183.0 15.0
155641.0 5189.0 15.0
155761.0 5193.0 15.0
155821.0 5195.0 15.0
155911.0 5198.0 15.0
156211.0 5208.0 15.0
156301.0 5211.0 15.0
156391.0 5214.0 15.0
156811.0 5228.0 15.0
156871.0 5230.0 15.0
156931.0 5232.0 15.0
157021.0 5235.0 15.0
157351.0 5246.0 15.0
157831.0 5262.0 15.0
160231.0 5342.0 15.0
160261.0 5343.0 15.0
160591.0 5354.0 15.0
161071.0 5370.0 15.0
161341.0 5379.0 15.0
161461.0 5383.0 15.0
161461.0 5383.0 15.0
161641.0 5389.0 15.0
161671.0 5390.0 15.0
162121.0 5405.0 15.0
162931.0 5432.0 15.0
162991.0 5434.0 15.0
164041.0 5469.0 15.0
164671.0 5490.0 15.0
164671.0 5490.0 15.0
167131.0 5572.0 15.0
167191.0 5574.0 15.0
167191.0 5574.0 15.0
167641.0 5589.0 15.0
168751.0 5626.0 15.0
169741.0 5659.0 15.0
170971.0 5700.0 15.0
174301.0 5811.0 15.0
178321.0 5945.0 15.0
179641.0 5989.0 15.0
182281.0 6077.0 15.0
185701.0 6191.0 15.0
