rev4
212431.0 7082.0 15.0
213181.0 7107.0 15.0
214501.0 7151.0 15.0
215011.0 7168.0 15.0
215641.0 7189.0 15.0
215641.0 7189.0 15.0
216091.0 7204.0 15.0
216211.0 7208.0 15.0
216841.0 7229.0 15.0
217801.0 7261.0 15.0
217831.0 7262.0 15.0
218011.0 7268.0 15.0
218131.0 7272.0 15.0
218520.0 7285.0 15.0
219091.0 7304.0 15.0
219211.0 7308.0 15.0
219241.0 7309.0 15.0
219421.0 7315.0 15.0
219631.0 7322.0 15.0
220321.0 7345.0 15.0
220471.0 7350.0 15.0
220681.0 7357.0 15.0
220831.0 7362.0 15.0
220981.0 7367.0 15.0
220981.0 7367.0 15.0
221416.0 7382.0 15.0
221641.0 7389.0 15.0
221670.0 7390.0 15.0
221881.0 7397.0 15.0
222211.0 7408.0 15.0
222331.0 7412.0 15.0
222421.0 7415.0 15.0
222421.0 7415.0 15.0
222421.0 7415.0 15.0
222571.0 7420.0 15.0
222721.0 7425.0 15.0
222751.0 7426.0 15.0
223111.0 7438.0 15.0
224161.0 7473.0 15.0
224521.0 7485.0 15.0
224940.0 7499.0 15.0
225391.0 7514.0 15.0
225721.0 7525.0 15.0
226711.0 7558.0 15.0
226741.0 7559.0 15.0
226770.0 7560.0 15.0
226831.0 7562.0 15.0
227221.0 7575.0 15.0
228181.0 7607.0 15.0
228571.0 7620.0 15.0
228661.0 7623.0 15.0
229411.0 7648.0 15.0
229801.0 7661.0 15.0
230251.0 7676.0 15.0
230281.0 7677.0 15.0
230341.0 7679.0 15.0
231135.0 7706.0 15.0
231361.0 7713.0 15.0
231721.0 7725.0 15.0
231871.0 7730.0 15.0
232321.0 7745.0 15.0
232501.0 7751.0 15.0
232711.0 7758.0 15.0
233251.0 7776.0 15.0
233401.0 7781.0 15.0
233491.0 7784.0 15.0
233611.0 7788.0 15.0
233761.0 7793.0 15.0
234541.0 7819.0 15.0
234571.0 7820.0 15.0
234660.0 7823.0 15.0
234870.0 7830.0 15.0
235141.0 7839.0 15.0
235468.0 7850.0 15.0
235921.0 7865.0 15.0
236551.0 7886.0 15.0
236701.0 7891.0 15.0
236910.0 7898.0 15.0
237121.0 7905.0 15.0
237301.0 7911.0 15.0
237331.0 7912.0 15.0
237466.0 7917.0 15.0
237661.0 7923.0 15.0
237961.0 7933.0 15.0
238021.0 7935.0 15.0
238921.0 7965.0 15.0
240451.0 8016.0 15.0
240691.0 8024.0 15.0
241651.0 8056.0 15.0
241741.0 8059.0 15.0
242566.0 8087.0 15.0
243361.0 8113.0 15.0
243541.0 8119.0 15.0
243751.0 8126.0 15.0
245371.0 8180.0 15.0
245520.0 8185.0 15.0
247771.0 8260.0 15.0
248100.0 8271.0 15.0
256651.0 8556.0 15.0
265441.0 8849.0 15.0
