rev4
1291.0 44.0 15.0
1291.0 44.0 15.0
1321.0 45.0 15.0
1351.0 46.0 15.0
1381.0 47.0 15.0
1381.0 47.0 15.0
1411.0 48.0 15.0
1411.0 48.0 15.0
1411.0 48.0 15.0
1411.0 48.0 15.0
1441.0 49.0 15.0
1501.0 51.0 15.0
1531.0 52.0 15.0
1531.0 52.0 15.0
1561.0 53.0 15.0
1561.0 53.0 15.0
1591.0 54.0 15.0
1591.0 54.0 15.0
1591.0 54.0 15.0
1591.0 54.0 15.0
1621.0 55.0 15.0
1651.0 56.0 15.0
1651.0 56.0 15.0
1651.0 56.0 15.0
1651.0 56.0 15.0
1651.0 56.0 15.0
1651.0 56.0 15.0
1681.0 57.0 15.0
1681.0 57.0 15.0
1681.0 57.0 15.0
1681.0 57.0 15.0
1681.0 57.0 15.0
1681.0 57.0 15.0
1681.0 57.0 15.0
1681.0 57.0 15.0
1711.0 58.0 15.0
1711.0 58.0 15.0
1711.0 58.0 15.0
1741.0 59.0 15.0
1771.0 60.0 15.0
1771.0 60.0 15.0
1771.0 60.0 15.0
1771.0 60.0 15.0
1771.0 60.0 15.0
1801.0 61.0 15.0
1801.0 61.0 15.0
1801.0 61.0 15.0
1801.0 61.0 15.0
1801.0 61.0 15.0
1801.0 61.0 15.0
1831.0 62.0 15.0
1831.0 62.0 15.0
1831.0 62.0 15.0
1831.0 62.0 15.0
1831.0 62.0 15.0
1831.0 62.0 15.0
1861.0 63.0 15.0
1861.0 63.0 15.0
1861.0 63.0 15.0
1891.0 64.0 15.0
1891.0 64.0 15.0
1891.0 64.0 15.0
1891.0 64.0 15.0
1891.0 64.0 15.0
1951.0 66.0 15.0
1951.0 66.0 15.0
1951.0 66.0 15.0
1951.0 66.0 15.0
1951.0 66.0 15.0
1951.0 66.0 15.0
1981.0 67.0 15.0
2011.0 68.0 15.0
2011.0 68.0 15.0
2011.0 68.0 15.0
2011.0 68.0 15.0
2011.0 68.0 15.0
2041.0 69.0 15.0
2041.0 69.0 15.0
2041.0 69.0 15.0
2071.0 70.0 15.0
2101.0 71.0 15.0
2131.0 72.0 15.0
2161.0 73.0 15.0
2161.0 73.0 15.0
2161.0 73.0 15.0
2161.0 73.0 15.0
2221.0 75.0 15.0
2221.0 75.0 15.0
2251.0 76.0 15.0
2281.0 77.0 15.0
2281.0 77.0 15.0
2281.0 77.0 15.0
2311.0 78.0 15.0
2311.0 78.0 15.0
2371.0 80.0 15.0
2431.0 82.0 15.0
2521.0 85.0 15.0
2581.0 87.0 15.0
2641.0 89.0 15.0
2671.0 90.0 15.0
