rev2
3451157.0 862790.0 2.0
3551077.0 887770.0 2.0
3573141.0 893286.0 2.0
3770513.0 942629.0 2.0
3802797.0 950700.0 2.0
3810717.0 952680.0 2.0
3826453.0 956614.0 2.0
3839505.0 959877.0 2.0
3907149.0 976788.0 2.0
3947829.0 986958.0 2.0
3999209.0 999803.0 2.0
3999953.0 999989.0 2.0
4030277.0 1007570.0 2.0
4041545.0 1010387.0 2.0
4044473.0 1011119.0 2.0
4044789.0 1011198.0 2.0
4093509.0 1023378.0 2.0
4101425.0 1025357.0 2.0
4111969.0 1027993.0 2.0
4123209.0 1030803.0 2.0
4127193.0 1031799.0 2.0
4130929.0 1032733.0 2.0
4131945.0 1032987.0 2.0
4132493.0 1033124.0 2.0
4136769.0 1034193.0 2.0
4140025.0 1035007.0 2.0
4162861.0 1040716.0 2.0
4179309.0 1044828.0 2.0
4194297.0 1048575.0 2.0
4197009.0 1049253.0 2.0
4213505.0 1053377.0 2.0
4242821.0 1060706.0 2.0
4266077.0 1066520.0 2.0
4272389.0 1068098.0 2.0
4292569.0 1073143.0 2.0
4320825.0 1080207.0 2.0
4334777.0 1083695.0 2.0
4377461.0 1094366.0 2.0
4389337.0 1097335.0 2.0
4390013.0 1097504.0 2.0
4400725.0 1100182.0 2.0
4401421.0 1100356.0 2.0
4403421.0 1100856.0 2.0
4425145.0 1106287.0 2.0
4444497.0 1111125.0 2.0
4454577.0 1113645.0 2.0
4460389.0 1115098.0 2.0
4471093.0 1117774.0 2.0
4477317.0 1119330.0 2.0
4481485.0 1120372.0 2.0
4503385.0 1125847.0 2.0
4505089.0 1126273.0 2.0
4513049.0 1128263.0 2.0
4518073.0 1129519.0 2.0
4527057.0 1131765.0 2.0
4529417.0 1132355.0 2.0
4540817.0 1135205.0 2.0
4556901.0 1139226.0 2.0
4567649.0 1141913.0 2.0
4579209.0 1144803.0 2.0
4580177.0 1145045.0 2.0
4588637.0 1147160.0 2.0
4592933.0 1148234.0 2.0
4594733.0 1148684.0 2.0
4603817.0 1150955.0 2.0
4624021.0 1156006.0 2.0
4626705.0 1156677.0 2.0
4636053.0 1159014.0 2.0
4663881.0 1165971.0 2.0
4677789.0 1169448.0 2.0
4679041.0 1169761.0 2.0
4679737.0 1169935.0 2.0
4698305.0 1174577.0 2.0
4709397.0 1177350.0 2.0
4717101.0 1179276.0 2.0
4733401.0 1183351.0 2.0
4738293.0 1184574.0 2.0
4749885.0 1187472.0 2.0
4761697.0 1190425.0 2.0
4777977.0 1194495.0 2.0
4781185.0 1195297.0 2.0
4841213.0 1210304.0 2.0
4870013.0 1217504.0 2.0
4892677.0 1223170.0 2.0
4900629.0 1225158.0 2.0
4933493.0 1233374.0 2.0
4986841.0 1246711.0 2.0
5001597.0 1250400.0 2.0
5045077.0 1261270.0 2.0
5127221.0 1281806.0 2.0
5147461.0 1286866.0 2.0
5218089.0 1304523.0 2.0
5230557.0 1307640.0 2.0
5285321.0 1321331.0 2.0
5290177.0 1322545.0 2.0
5379765.0 1344942.0 2.0
5459125.0 1364782.0 2.0
5541505.0 1385377.0 2.0
5560993.0 1390249.0 2.0
6481529.0 1620383.0 2.0
