rev2
1.7113573E7 4278394.0 2.0
1.7549949E7 4387488.0 2.0
1.7642677E7 4410670.0 2.0
1.7648281E7 4412071.0 2.0
1.7725373E7 4431344.0 2.0
1.7973441E7 4493361.0 2.0
1.8157337E7 4539335.0 2.0
1.8164705E7 4541177.0 2.0
1.8238157E7 4559540.0 2.0
1.8331057E7 4582765.0 2.0
1.8341941E7 4585486.0 2.0
1.8386337E7 4596585.0 2.0
1.8423549E7 4605888.0 2.0
1.8459865E7 4614967.0 2.0
1.8496261E7 4624066.0 2.0
1.8518017E7 4629505.0 2.0
1.8690385E7 4672597.0 2.0
1.8810101E7 4702526.0 2.0
1.8920093E7 4730024.0 2.0
1.8950485E7 4737622.0 2.0
1.9090001E7 4772501.0 2.0
1.9097009E7 4774253.0 2.0
1.9114609E7 4778653.0 2.0
1.9233749E7 4808438.0 2.0
1.9234141E7 4808536.0 2.0
1.9237497E7 4809375.0 2.0
1.9325593E7 4831399.0 2.0
1.9327493E7 4831874.0 2.0
1.9332853E7 4833214.0 2.0
1.9345045E7 4836262.0 2.0
1.9348161E7 4837041.0 2.0
1.9377781E7 4844446.0 2.0
1.9407773E7 4851944.0 2.0
1.9417925E7 4854482.0 2.0
1.9450217E7 4862555.0 2.0
1.9459021E7 4864756.0 2.0
1.9480921E7 4870231.0 2.0
1.9559769E7 4889943.0 2.0
1.9576961E7 4894241.0 2.0
1.9662113E7 4915529.0 2.0
1.9692945E7 4923237.0 2.0
1.9699765E7 4924942.0 2.0
1.9770561E7 4942641.0 2.0
1.9788897E7 4947225.0 2.0
1.9797249E7 4949313.0 2.0
1.9804629E7 4951158.0 2.0
1.9831805E7 4957952.0 2.0
1.9835241E7 4958811.0 2.0
1.9893353E7 4973339.0 2.0
1.9912369E7 4978093.0 2.0
1.9973933E7 4993484.0 2.0
2.0030321E7 5007581.0 2.0
2.0075301E7 5018826.0 2.0
2.0147921E7 5036981.0 2.0
2.0216661E7 5054166.0 2.0
2.0361153E7 5090289.0 2.0
2.0469157E7 5117290.0 2.0
2.0485225E7 5121307.0 2.0
2.0585449E7 5146363.0 2.0
2.0723517E7 5180880.0 2.0
2.0736629E7 5184158.0 2.0
2.0757677E7 5189420.0 2.0
2.0786889E7 5196723.0 2.0
2.0807901E7 5201976.0 2.0
2.0899017E7 5224755.0 2.0
2.1081673E7 5270419.0 2.0
2.1093673E7 5273419.0 2.0
2.1149221E7 5287306.0 2.0
2.1363197E7 5340800.0 2.0
2.1381937E7 5345485.0 2.0
2.1391777E7 5347945.0 2.0
2.1434537E7 5358635.0 2.0
2.1435421E7 5358856.0 2.0
2.1491345E7 5372837.0 2.0
2.1530145E7 5382537.0 2.0
2.1558517E7 5389630.0 2.0
2.1668017E7 5417005.0 2.0
2.1679421E7 5419856.0 2.0
2.1690541E7 5422636.0 2.0
2.1756961E7 5439241.0 2.0
2.1799905E7 5449977.0 2.0
2.1814609E7 5453653.0 2.0
2.1895101E7 5473776.0 2.0
2.1990897E7 5497725.0 2.0
2.2007429E7 5501858.0 2.0
2.2162017E7 5540505.0 2.0
2.2188841E7 5547211.0 2.0
2.2475829E7 5618958.0 2.0
2.2851097E7 5712775.0 2.0
2.2879337E7 5719835.0 2.0
2.2903177E7 5725795.0 2.0
2.3235253E7 5808814.0 2.0
2.3458729E7 5864683.0 2.0
2.3823181E7 5955796.0 2.0
2.3939805E7 5984952.0 2.0
2.4130329E7 6032583.0 2.0
2.4462389E7 6115598.0 2.0
2.4732857E7 6183215.0 2.0
2.5589365E7 6397342.0 2.0
2.9894009E7 7473503.0 2.0
