rev2
164685.0 41172.0 2.0
165629.0 41408.0 2.0
166229.0 41558.0 2.0
171525.0 42882.0 2.0
172017.0 43005.0 2.0
176301.0 44076.0 2.0
177273.0 44319.0 2.0
178089.0 44523.0 2.0
179445.0 44862.0 2.0
180477.0 45120.0 2.0
180641.0 45161.0 2.0
180825.0 45207.0 2.0
180969.0 45243.0 2.0
182053.0 45514.0 2.0
182393.0 45599.0 2.0
183445.0 45862.0 2.0
183973.0 45994.0 2.0
185069.0 46268.0 2.0
186157.0 46540.0 2.0
186905.0 46727.0 2.0
187697.0 46925.0 2.0
190209.0 47553.0 2.0
190781.0 47696.0 2.0
191105.0 47777.0 2.0
192873.0 48219.0 2.0
194537.0 48635.0 2.0
194897.0 48725.0 2.0
194989.0 48748.0 2.0
195225.0 48807.0 2.0
196205.0 49052.0 2.0
196413.0 49104.0 2.0
196441.0 49111.0 2.0
196677.0 49170.0 2.0
197777.0 49445.0 2.0
199089.0 49773.0 2.0
199361.0 49841.0 2.0
199601.0 49901.0 2.0
199957.0 49990.0 2.0
200137.0 50035.0 2.0
200621.0 50156.0 2.0
201165.0 50292.0 2.0
201521.0 50381.0 2.0
202833.0 50709.0 2.0
203069.0 50768.0 2.0
203181.0 50796.0 2.0
204653.0 51164.0 2.0
204993.0 51249.0 2.0
205429.0 51358.0 2.0
206517.0 51630.0 2.0
207613.0 51904.0 2.0
207897.0 51975.0 2.0
208525.0 52132.0 2.0
208561.0 52141.0 2.0
208565.0 52142.0 2.0
209489.0 52373.0 2.0
210069.0 52518.0 2.0
210477.0 52620.0 2.0
211585.0 52897.0 2.0
211601.0 52901.0 2.0
211685.0 52922.0 2.0
213005.0 53252.0 2.0
213461.0 53366.0 2.0
213949.0 53488.0 2.0
214085.0 53522.0 2.0
214881.0 53721.0 2.0
217549.0 54388.0 2.0
218525.0 54632.0 2.0
221901.0 55476.0 2.0
223421.0 55856.0 2.0
223849.0 55963.0 2.0
226933.0 56734.0 2.0
227581.0 56896.0 2.0
228881.0 57221.0 2.0
228973.0 57244.0 2.0
229025.0 57257.0 2.0
229961.0 57491.0 2.0
231229.0 57808.0 2.0
235181.0 58796.0 2.0
235777.0 58945.0 2.0
240525.0 60132.0 2.0
240929.0 60233.0 2.0
241273.0 60319.0 2.0
244101.0 61026.0 2.0
245781.0 61446.0 2.0
246761.0 61691.0 2.0
249285.0 62322.0 2.0
251485.0 62872.0 2.0
252137.0 63035.0 2.0
252265.0 63067.0 2.0
253429.0 63358.0 2.0
253433.0 63359.0 2.0
259441.0 64861.0 2.0
269981.0 67496.0 2.0
270173.0 67544.0 2.0
271649.0 67913.0 2.0
275065.0 68767.0 2.0
283073.0 70769.0 2.0
300649.0 75163.0 2.0
328545.0 82137.0 2.0
364309.0 91078.0 2.0
