rev2
7.08285873E8 1.77071469E8 2.0
7.21766245E8 1.80441562E8 2.0
7.22618845E8 1.80654712E8 2.0
7.31556581E8 1.82889146E8 2.0
7.31952557E8 1.8298814E8 2.0
7.36500361E8 1.84125091E8 2.0
7.37704493E8 1.84426124E8 2.0
7.44033349E8 1.86008338E8 2.0
7.44063465E8 1.86015867E8 2.0
7.46026541E8 1.86506636E8 2.0
7.53323945E8 1.88330987E8 2.0
7.54738417E8 1.88684605E8 2.0
7.55949713E8 1.88987429E8 2.0
7.59355401E8 1.89838851E8 2.0
7.60671045E8 1.90167762E8 2.0
7.63607961E8 1.90901991E8 2.0
7.64480789E8 1.91120198E8 2.0
7.64904701E8 1.91226176E8 2.0
7.74385137E8 1.93596285E8 2.0
7.76133301E8 1.94033326E8 2.0
7.77097937E8 1.94274485E8 2.0
7.79155285E8 1.94788822E8 2.0
7.81500689E8 1.95375173E8 2.0
7.84648969E8 1.96162243E8 2.0
7.84886381E8 1.96221596E8 2.0
7.85499113E8 1.96374779E8 2.0
7.85604445E8 1.96401112E8 2.0
7.87331689E8 1.96832923E8 2.0
7.87773501E8 1.96943376E8 2.0
7.89301365E8 1.97325342E8 2.0
7.97040093E8 1.99260024E8 2.0
7.97539601E8 1.99384901E8 2.0
8.02719493E8 2.00679874E8 2.0
8.03532245E8 2.00883062E8 2.0
8.04710989E8 2.01177748E8 2.0
8.05144801E8 2.01286201E8 2.0
8.09214417E8 2.02303605E8 2.0
8.10381369E8 2.02595343E8 2.0
8.10433941E8 2.02608486E8 2.0
8.11330789E8 2.02832698E8 2.0
8.11676749E8 2.02919188E8 2.0
8.11709313E8 2.02927329E8 2.0
8.12244801E8 2.03061201E8 2.0
8.15843001E8 2.03960751E8 2.0
8.16005001E8 2.04001251E8 2.0
8.20451493E8 2.05112874E8 2.0
8.21160657E8 2.05290165E8 2.0
8.21205341E8 2.05301336E8 2.0
8.22713317E8 2.0567833E8 2.0
8.22958293E8 2.05739574E8 2.0
8.24293165E8 2.06073292E8 2.0
8.27947537E8 2.06986885E8 2.0
8.28816249E8 2.07204063E8 2.0
8.28829661E8 2.07207416E8 2.0
8.28840649E8 2.07210163E8 2.0
8.31932533E8 2.07983134E8 2.0
8.34663577E8 2.08665895E8 2.0
8.36265733E8 2.09066434E8 2.0
8.39100393E8 2.09775099E8 2.0
8.39607225E8 2.09901807E8 2.0
8.44717849E8 2.11179463E8 2.0
8.44880265E8 2.11220067E8 2.0
8.46116897E8 2.11529225E8 2.0
8.46205297E8 2.11551325E8 2.0
8.46961361E8 2.11740341E8 2.0
8.48267497E8 2.12066875E8 2.0
8.50382553E8 2.12595639E8 2.0
8.52213157E8 2.1305329E8 2.0
8.57412773E8 2.14353194E8 2.0
8.59738689E8 2.14934673E8 2.0
8.62976609E8 2.15744153E8 2.0
8.64054513E8 2.16013629E8 2.0
8.66542249E8 2.16635563E8 2.0
8.69711561E8 2.17427891E8 2.0
8.70221405E8 2.17555352E8 2.0
8.70787833E8 2.17696959E8 2.0
8.71145257E8 2.17786315E8 2.0
8.72727465E8 2.18181867E8 2.0
8.75296017E8 2.18824005E8 2.0
8.75476437E8 2.1886911E8 2.0
8.76232377E8 2.19058095E8 2.0
8.76687905E8 2.19171977E8 2.0
8.80202349E8 2.20050588E8 2.0
8.88353281E8 2.22088321E8 2.0
8.92091405E8 2.23022852E8 2.0
8.92203457E8 2.23050865E8 2.0
8.93843277E8 2.2346082E8 2.0
9.00188589E8 2.25047148E8 2.0
9.00915381E8 2.25228846E8 2.0
9.03274225E8 2.25818557E8 2.0
9.04719493E8 2.26179874E8 2.0
9.16433973E8 2.29108494E8 2.0
9.19260185E8 2.29815047E8 2.0
9.21505729E8 2.30376433E8 2.0
9.21760461E8 2.30440116E8 2.0
9.53716969E8 2.38429243E8 2.0
9.62145533E8 2.40536384E8 2.0
9.78499785E8 2.44624947E8 2.0
1.076434089E9 2.69108523E8 2.0
1.096144129E9 2.74036033E8 2.0
