rev4
189.0 65.0 2.0
202.0 65.0 2.0
217.0 75.0 2.0
238.0 77.0 2.0
240.0 82.0 2.0
240.0 76.0 2.0
247.0 85.0 2.0
251.0 81.0 2.0
251.0 86.0 2.0
263.0 78.0 2.0
281.0 92.0 2.0
283.0 92.0 2.0
297.0 93.0 2.0
298.0 92.0 2.0
298.0 98.0 2.0
300.0 100.0 2.0
304.0 103.0 2.0
305.0 101.0 2.0
305.0 97.0 2.0
306.0 100.0 2.0
306.0 99.0 2.0
311.0 103.0 2.0
315.0 101.0 2.0
319.0 106.0 2.0
325.0 107.0 2.0
334.0 105.0 2.0
340.0 111.0 2.0
348.0 113.0 2.0
349.0 122.0 2.0
350.0 115.0 2.0
351.0 113.0 2.0
352.0 114.0 2.0
352.0 113.0 2.0
355.0 116.0 2.0
358.0 113.0 2.0
361.0 117.0 2.0
362.0 120.0 2.0
375.0 126.0 2.0
377.0 120.0 2.0
379.0 121.0 2.0
383.0 123.0 2.0
388.0 122.0 2.0
389.0 129.0 2.0
393.0 126.0 2.0
400.0 131.0 2.0
406.0 136.0 2.0
407.0 132.0 2.0
416.0 138.0 2.0
418.0 135.0 2.0
421.0 133.0 2.0
426.0 128.0 2.0
427.0 140.0 2.0
435.0 139.0 2.0
437.0 143.0 2.0
440.0 144.0 2.0
440.0 147.0 2.0
440.0 141.0 2.0
442.0 147.0 2.0
443.0 143.0 2.0
444.0 145.0 2.0
452.0 148.0 2.0
453.0 145.0 2.0
453.0 146.0 2.0
456.0 147.0 2.0
459.0 152.0 2.0
463.0 147.0 2.0
465.0 160.0 2.0
466.0 157.0 2.0
467.0 157.0 2.0
468.0 153.0 2.0
474.0 148.0 2.0
475.0 153.0 2.0
475.0 156.0 2.0
479.0 158.0 2.0
481.0 155.0 2.0
492.0 165.0 2.0
506.0 169.0 2.0
534.0 172.0 2.0
536.0 172.0 2.0
537.0 173.0 2.0
537.0 170.0 2.0
553.0 176.0 2.0
560.0 174.0 2.0
564.0 179.0 2.0
568.0 181.0 2.0
610.0 198.0 2.0
612.0 197.0 2.0
626.0 205.0 2.0
643.0 207.0 2.0
668.0 214.0 2.0
669.0 212.0 2.0
683.0 225.0 2.0
689.0 226.0 2.0
709.0 228.0 2.0
723.0 226.0 2.0
732.0 233.0 2.0
763.0 247.0 2.0
774.0 247.0 2.0
897.0 298.0 2.0
1062.0 335.0 2.0
