rev2
45.0 12.0 2.0
49.0 13.0 2.0
49.0 13.0 2.0
49.0 13.0 2.0
49.0 13.0 2.0
53.0 14.0 2.0
53.0 14.0 2.0
57.0 15.0 2.0
57.0 15.0 2.0
61.0 16.0 2.0
69.0 18.0 2.0
69.0 18.0 2.0
69.0 18.0 2.0
69.0 18.0 2.0
73.0 19.0 2.0
73.0 19.0 2.0
73.0 19.0 2.0
77.0 20.0 2.0
77.0 20.0 2.0
77.0 20.0 2.0
77.0 20.0 2.0
81.0 21.0 2.0
81.0 21.0 2.0
81.0 21.0 2.0
81.0 21.0 2.0
81.0 21.0 2.0
85.0 22.0 2.0
85.0 22.0 2.0
85.0 22.0 2.0
85.0 22.0 2.0
85.0 22.0 2.0
85.0 22.0 2.0
85.0 22.0 2.0
85.0 22.0 2.0
89.0 23.0 2.0
89.0 23.0 2.0
89.0 23.0 2.0
93.0 24.0 2.0
93.0 24.0 2.0
93.0 24.0 2.0
97.0 25.0 2.0
97.0 25.0 2.0
97.0 25.0 2.0
101.0 26.0 2.0
105.0 27.0 2.0
109.0 28.0 2.0
109.0 28.0 2.0
113.0 29.0 2.0
117.0 30.0 2.0
121.0 31.0 2.0
121.0 31.0 2.0
121.0 31.0 2.0
121.0 31.0 2.0
121.0 31.0 2.0
121.0 31.0 2.0
125.0 32.0 2.0
125.0 32.0 2.0
129.0 33.0 2.0
129.0 33.0 2.0
129.0 33.0 2.0
133.0 34.0 2.0
133.0 34.0 2.0
133.0 34.0 2.0
133.0 34.0 2.0
137.0 35.0 2.0
137.0 35.0 2.0
137.0 35.0 2.0
145.0 37.0 2.0
145.0 37.0 2.0
145.0 37.0 2.0
153.0 39.0 2.0
157.0 40.0 2.0
157.0 40.0 2.0
157.0 40.0 2.0
157.0 40.0 2.0
161.0 41.0 2.0
161.0 41.0 2.0
165.0 42.0 2.0
165.0 42.0 2.0
165.0 42.0 2.0
181.0 46.0 2.0
181.0 46.0 2.0
181.0 46.0 2.0
185.0 47.0 2.0
201.0 51.0 2.0
201.0 51.0 2.0
217.0 55.0 2.0
233.0 59.0 2.0
237.0 60.0 2.0
237.0 60.0 2.0
249.0 63.0 2.0
257.0 65.0 2.0
261.0 66.0 2.0
265.0 67.0 2.0
281.0 71.0 2.0
321.0 81.0 2.0
321.0 81.0 2.0
329.0 83.0 2.0
337.0 85.0 2.0
377.0 95.0 2.0
