rev2
32465.0 8117.0 2.0
33349.0 8338.0 2.0
33389.0 8348.0 2.0
33885.0 8472.0 2.0
34797.0 8700.0 2.0
36345.0 9087.0 2.0
36705.0 9177.0 2.0
37057.0 9265.0 2.0
37457.0 9365.0 2.0
37589.0 9398.0 2.0
37825.0 9457.0 2.0
38453.0 9614.0 2.0
38617.0 9655.0 2.0
38861.0 9716.0 2.0
38937.0 9735.0 2.0
38965.0 9742.0 2.0
38973.0 9744.0 2.0
39305.0 9827.0 2.0
39373.0 9844.0 2.0
39497.0 9875.0 2.0
39741.0 9936.0 2.0
39749.0 9938.0 2.0
39757.0 9940.0 2.0
40161.0 10041.0 2.0
40305.0 10077.0 2.0
40329.0 10083.0 2.0
40565.0 10142.0 2.0
40705.0 10177.0 2.0
40745.0 10187.0 2.0
40905.0 10227.0 2.0
41437.0 10360.0 2.0
41973.0 10494.0 2.0
42029.0 10508.0 2.0
42261.0 10566.0 2.0
42265.0 10567.0 2.0
42345.0 10587.0 2.0
42545.0 10637.0 2.0
42757.0 10690.0 2.0
42781.0 10696.0 2.0
43145.0 10787.0 2.0
43185.0 10797.0 2.0
43249.0 10813.0 2.0
43305.0 10827.0 2.0
43477.0 10870.0 2.0
43625.0 10907.0 2.0
43649.0 10913.0 2.0
43753.0 10939.0 2.0
43869.0 10968.0 2.0
44041.0 11011.0 2.0
44097.0 11025.0 2.0
44177.0 11045.0 2.0
44625.0 11157.0 2.0
44837.0 11210.0 2.0
45269.0 11318.0 2.0
45273.0 11319.0 2.0
45365.0 11342.0 2.0
45397.0 11350.0 2.0
45429.0 11358.0 2.0
45981.0 11496.0 2.0
46089.0 11523.0 2.0
46121.0 11531.0 2.0
46681.0 11671.0 2.0
46781.0 11696.0 2.0
46901.0 11726.0 2.0
47265.0 11817.0 2.0
47293.0 11824.0 2.0
47533.0 11884.0 2.0
48357.0 12090.0 2.0
48469.0 12118.0 2.0
48849.0 12213.0 2.0
50149.0 12538.0 2.0
50153.0 12539.0 2.0
50405.0 12602.0 2.0
50505.0 12627.0 2.0
50537.0 12635.0 2.0
50585.0 12647.0 2.0
50605.0 12652.0 2.0
50621.0 12656.0 2.0
51601.0 12901.0 2.0
52333.0 13084.0 2.0
52405.0 13102.0 2.0
52481.0 13121.0 2.0
53125.0 13282.0 2.0
53133.0 13284.0 2.0
53193.0 13299.0 2.0
53673.0 13419.0 2.0
53957.0 13490.0 2.0
53957.0 13490.0 2.0
54617.0 13655.0 2.0
58777.0 14695.0 2.0
59237.0 14810.0 2.0
59741.0 14936.0 2.0
60089.0 15023.0 2.0
60225.0 15057.0 2.0
63093.0 15774.0 2.0
63393.0 15849.0 2.0
63941.0 15986.0 2.0
65801.0 16451.0 2.0
73129.0 18283.0 2.0
76773.0 19194.0 2.0
