rev4
948074.0 306946.0 2.0
983632.0 318668.0 2.0
994969.0 322234.0 2.0
997071.0 322939.0 2.0
1001334.0 324366.0 2.0
1007904.0 326222.0 2.0
1024850.0 331832.0 2.0
1037283.0 335794.0 2.0
1039081.0 336397.0 2.0
1052260.0 340735.0 2.0
1052431.0 341064.0 2.0
1055118.0 341594.0 2.0
1056828.0 342249.0 2.0
1062600.0 343872.0 2.0
1066474.0 345072.0 2.0
1066834.0 345616.0 2.0
1067582.0 345678.0 2.0
1080767.0 349949.0 2.0
1081784.0 350245.0 2.0
1086390.0 351499.0 2.0
1096897.0 355213.0 2.0
1100312.0 356154.0 2.0
1104799.0 357676.0 2.0
1104800.0 357671.0 2.0
1104982.0 357934.0 2.0
1106718.0 358619.0 2.0
1121171.0 362822.0 2.0
1127354.0 364985.0 2.0
1132317.0 366696.0 2.0
1133056.0 367021.0 2.0
1136998.0 368178.0 2.0
1137422.0 368130.0 2.0
1137652.0 368259.0 2.0
1146359.0 371049.0 2.0
1147000.0 371225.0 2.0
1151701.0 372586.0 2.0
1152666.0 373286.0 2.0
1153854.0 373802.0 2.0
1154183.0 373850.0 2.0
1155914.0 374343.0 2.0
1164689.0 376894.0 2.0
1171901.0 379298.0 2.0
1171983.0 379397.0 2.0
1172102.0 379371.0 2.0
1178695.0 381558.0 2.0
1179048.0 381626.0 2.0
1193448.0 386215.0 2.0
1198616.0 388104.0 2.0
1203412.0 389536.0 2.0
1204452.0 390529.0 2.0
1205126.0 390108.0 2.0
1207240.0 391040.0 2.0
1212498.0 392410.0 2.0
1213785.0 392808.0 2.0
1217187.0 394128.0 2.0
1219361.0 394919.0 2.0
1220297.0 395269.0 2.0
1222670.0 395601.0 2.0
1223555.0 395797.0 2.0
1227650.0 397602.0 2.0
1229953.0 398284.0 2.0
1234347.0 399551.0 2.0
1235343.0 400117.0 2.0
1238180.0 400684.0 2.0
1242803.0 402523.0 2.0
1245180.0 403449.0 2.0
1249564.0 404503.0 2.0
1249825.0 404574.0 2.0
1250727.0 404983.0 2.0
1250909.0 405071.0 2.0
1252517.0 405305.0 2.0
1255558.0 406718.0 2.0
1272344.0 411778.0 2.0
1274084.0 412524.0 2.0
1274831.0 412553.0 2.0
1281725.0 415036.0 2.0
1290491.0 417724.0 2.0
1294813.0 419268.0 2.0
1295347.0 419482.0 2.0
1309758.0 424203.0 2.0
1310538.0 424599.0 2.0
1311038.0 424517.0 2.0
1311052.0 424439.0 2.0
1320714.0 427557.0 2.0
1325554.0 429280.0 2.0
1326332.0 429780.0 2.0
1334536.0 432216.0 2.0
1351920.0 437609.0 2.0
1367375.0 442778.0 2.0
1383430.0 447840.0 2.0
1390062.0 450292.0 2.0
1414692.0 457806.0 2.0
1427549.0 462069.0 2.0
1432638.0 463625.0 2.0
1432984.0 463722.0 2.0
1458530.0 472318.0 2.0
1472039.0 476862.0 2.0
1479947.0 479076.0 2.0
1503804.0 486971.0 2.0
1515557.0 490435.0 2.0
