rev2
331257.0 82815.0 2.0
371097.0 92775.0 2.0
378785.0 94697.0 2.0
379125.0 94782.0 2.0
382037.0 95510.0 2.0
386077.0 96520.0 2.0
387489.0 96873.0 2.0
387941.0 96986.0 2.0
392313.0 98079.0 2.0
392897.0 98225.0 2.0
393077.0 98270.0 2.0
394381.0 98596.0 2.0
396729.0 99183.0 2.0
401253.0 100314.0 2.0
401621.0 100406.0 2.0
403861.0 100966.0 2.0
407501.0 101876.0 2.0
407829.0 101958.0 2.0
408125.0 102032.0 2.0
411205.0 102802.0 2.0
412433.0 103109.0 2.0
414177.0 103545.0 2.0
414629.0 103658.0 2.0
414713.0 103679.0 2.0
415013.0 103754.0 2.0
415085.0 103772.0 2.0
419769.0 104943.0 2.0
420165.0 105042.0 2.0
421637.0 105410.0 2.0
421685.0 105422.0 2.0
422077.0 105520.0 2.0
424357.0 106090.0 2.0
425805.0 106452.0 2.0
426121.0 106531.0 2.0
428077.0 107020.0 2.0
429717.0 107430.0 2.0
432661.0 108166.0 2.0
433973.0 108494.0 2.0
436633.0 109159.0 2.0
436641.0 109161.0 2.0
437025.0 109257.0 2.0
437377.0 109345.0 2.0
437769.0 109443.0 2.0
446669.0 111668.0 2.0
448341.0 112086.0 2.0
450049.0 112513.0 2.0
456249.0 114063.0 2.0
466513.0 116629.0 2.0
467889.0 116973.0 2.0
467961.0 116991.0 2.0
468861.0 117216.0 2.0
470325.0 117582.0 2.0
471597.0 117900.0 2.0
471829.0 117958.0 2.0
472773.0 118194.0 2.0
473025.0 118257.0 2.0
474497.0 118625.0 2.0
474801.0 118701.0 2.0
475165.0 118792.0 2.0
477021.0 119256.0 2.0
477313.0 119329.0 2.0
482717.0 120680.0 2.0
485569.0 121393.0 2.0
490549.0 122638.0 2.0
491333.0 122834.0 2.0
493465.0 123367.0 2.0
494589.0 123648.0 2.0
495321.0 123831.0 2.0
496909.0 124228.0 2.0
497981.0 124496.0 2.0
498553.0 124639.0 2.0
499921.0 124981.0 2.0
502317.0 125580.0 2.0
502501.0 125626.0 2.0
502733.0 125684.0 2.0
502837.0 125710.0 2.0
503221.0 125806.0 2.0
509281.0 127321.0 2.0
511733.0 127934.0 2.0
512113.0 128029.0 2.0
512349.0 128088.0 2.0
512549.0 128138.0 2.0
513869.0 128468.0 2.0
516725.0 129182.0 2.0
517225.0 129307.0 2.0
522245.0 130562.0 2.0
522413.0 130604.0 2.0
531353.0 132839.0 2.0
533353.0 133339.0 2.0
537957.0 134490.0 2.0
541505.0 135377.0 2.0
552061.0 138016.0 2.0
554381.0 138596.0 2.0
560265.0 140067.0 2.0
563429.0 140858.0 2.0
565825.0 141457.0 2.0
573033.0 143259.0 2.0
583369.0 145843.0 2.0
620365.0 155092.0 2.0
647645.0 161912.0 2.0
