rev2
137.0 35.0 2.0
149.0 38.0 2.0
153.0 39.0 2.0
153.0 39.0 2.0
153.0 39.0 2.0
153.0 39.0 2.0
165.0 42.0 2.0
169.0 43.0 2.0
181.0 46.0 2.0
185.0 47.0 2.0
193.0 49.0 2.0
193.0 49.0 2.0
197.0 50.0 2.0
201.0 51.0 2.0
205.0 52.0 2.0
209.0 53.0 2.0
213.0 54.0 2.0
213.0 54.0 2.0
221.0 56.0 2.0
221.0 56.0 2.0
221.0 56.0 2.0
237.0 60.0 2.0
237.0 60.0 2.0
237.0 60.0 2.0
237.0 60.0 2.0
241.0 61.0 2.0
245.0 62.0 2.0
253.0 64.0 2.0
253.0 64.0 2.0
253.0 64.0 2.0
253.0 64.0 2.0
257.0 65.0 2.0
257.0 65.0 2.0
257.0 65.0 2.0
261.0 66.0 2.0
265.0 67.0 2.0
265.0 67.0 2.0
265.0 67.0 2.0
269.0 68.0 2.0
269.0 68.0 2.0
273.0 69.0 2.0
273.0 69.0 2.0
273.0 69.0 2.0
281.0 71.0 2.0
285.0 72.0 2.0
289.0 73.0 2.0
297.0 75.0 2.0
297.0 75.0 2.0
297.0 75.0 2.0
301.0 76.0 2.0
305.0 77.0 2.0
309.0 78.0 2.0
313.0 79.0 2.0
313.0 79.0 2.0
313.0 79.0 2.0
321.0 81.0 2.0
329.0 83.0 2.0
333.0 84.0 2.0
333.0 84.0 2.0
333.0 84.0 2.0
333.0 84.0 2.0
333.0 84.0 2.0
341.0 86.0 2.0
341.0 86.0 2.0
345.0 87.0 2.0
345.0 87.0 2.0
345.0 87.0 2.0
349.0 88.0 2.0
349.0 88.0 2.0
353.0 89.0 2.0
353.0 89.0 2.0
357.0 90.0 2.0
357.0 90.0 2.0
357.0 90.0 2.0
361.0 91.0 2.0
361.0 91.0 2.0
369.0 93.0 2.0
381.0 96.0 2.0
381.0 96.0 2.0
385.0 97.0 2.0
385.0 97.0 2.0
393.0 99.0 2.0
397.0 100.0 2.0
401.0 101.0 2.0
401.0 101.0 2.0
401.0 101.0 2.0
425.0 107.0 2.0
429.0 108.0 2.0
429.0 108.0 2.0
433.0 109.0 2.0
445.0 112.0 2.0
449.0 113.0 2.0
465.0 117.0 2.0
497.0 125.0 2.0
497.0 125.0 2.0
501.0 126.0 2.0
549.0 138.0 2.0
561.0 141.0 2.0
601.0 151.0 2.0
609.0 153.0 2.0
