rev2
74581.0 18646.0 2.0
77329.0 19333.0 2.0
77829.0 19458.0 2.0
79289.0 19823.0 2.0
79841.0 19961.0 2.0
81429.0 20358.0 2.0
81601.0 20401.0 2.0
83653.0 20914.0 2.0
83957.0 20990.0 2.0
84069.0 21018.0 2.0
84137.0 21035.0 2.0
84661.0 21166.0 2.0
84757.0 21190.0 2.0
84945.0 21237.0 2.0
85321.0 21331.0 2.0
86117.0 21530.0 2.0
86285.0 21572.0 2.0
87077.0 21770.0 2.0
87465.0 21867.0 2.0
88321.0 22081.0 2.0
88373.0 22094.0 2.0
88421.0 22106.0 2.0
88553.0 22139.0 2.0
88653.0 22164.0 2.0
89289.0 22323.0 2.0
89605.0 22402.0 2.0
90689.0 22673.0 2.0
90813.0 22704.0 2.0
91409.0 22853.0 2.0
91461.0 22866.0 2.0
91665.0 22917.0 2.0
91837.0 22960.0 2.0
92073.0 23019.0 2.0
92197.0 23050.0 2.0
92233.0 23059.0 2.0
92381.0 23096.0 2.0
92429.0 23108.0 2.0
92625.0 23157.0 2.0
92945.0 23237.0 2.0
93121.0 23281.0 2.0
93261.0 23316.0 2.0
93525.0 23382.0 2.0
93645.0 23412.0 2.0
94109.0 23528.0 2.0
94289.0 23573.0 2.0
94361.0 23591.0 2.0
94769.0 23693.0 2.0
95049.0 23763.0 2.0
95481.0 23871.0 2.0
96085.0 24022.0 2.0
96201.0 24051.0 2.0
96341.0 24086.0 2.0
96413.0 24104.0 2.0
96953.0 24239.0 2.0
97169.0 24293.0 2.0
97257.0 24315.0 2.0
97269.0 24318.0 2.0
97861.0 24466.0 2.0
98233.0 24559.0 2.0
98993.0 24749.0 2.0
99009.0 24753.0 2.0
99505.0 24877.0 2.0
99565.0 24892.0 2.0
99933.0 24984.0 2.0
99945.0 24987.0 2.0
100225.0 25057.0 2.0
101437.0 25360.0 2.0
103273.0 25819.0 2.0
104357.0 26090.0 2.0
104473.0 26119.0 2.0
105405.0 26352.0 2.0
106217.0 26555.0 2.0
106813.0 26704.0 2.0
107333.0 26834.0 2.0
107881.0 26971.0 2.0
107929.0 26983.0 2.0
108541.0 27136.0 2.0
109037.0 27260.0 2.0
109549.0 27388.0 2.0
110093.0 27524.0 2.0
110345.0 27587.0 2.0
110433.0 27609.0 2.0
110469.0 27618.0 2.0
110837.0 27710.0 2.0
111337.0 27835.0 2.0
111357.0 27840.0 2.0
112129.0 28033.0 2.0
113773.0 28444.0 2.0
113797.0 28450.0 2.0
114225.0 28557.0 2.0
126921.0 31731.0 2.0
129685.0 32422.0 2.0
129793.0 32449.0 2.0
133073.0 33269.0 2.0
133117.0 33280.0 2.0
133729.0 33433.0 2.0
138209.0 34553.0 2.0
141405.0 35352.0 2.0
148709.0 37178.0 2.0
165845.0 41462.0 2.0
