rev2
2361.0 591.0 2.0
2493.0 624.0 2.0
2593.0 649.0 2.0
2649.0 663.0 2.0
2741.0 686.0 2.0
2749.0 688.0 2.0
2809.0 703.0 2.0
2813.0 704.0 2.0
2833.0 709.0 2.0
2877.0 720.0 2.0
2885.0 722.0 2.0
2933.0 734.0 2.0
2937.0 735.0 2.0
2969.0 743.0 2.0
2973.0 744.0 2.0
2977.0 745.0 2.0
2989.0 748.0 2.0
3029.0 758.0 2.0
3089.0 773.0 2.0
3125.0 782.0 2.0
3145.0 787.0 2.0
3161.0 791.0 2.0
3165.0 792.0 2.0
3197.0 800.0 2.0
3229.0 808.0 2.0
3241.0 811.0 2.0
3241.0 811.0 2.0
3245.0 812.0 2.0
3301.0 826.0 2.0
3325.0 832.0 2.0
3337.0 835.0 2.0
3357.0 840.0 2.0
3433.0 859.0 2.0
3469.0 868.0 2.0
3477.0 870.0 2.0
3497.0 875.0 2.0
3501.0 876.0 2.0
3525.0 882.0 2.0
3593.0 899.0 2.0
3621.0 906.0 2.0
3637.0 910.0 2.0
3645.0 912.0 2.0
3653.0 914.0 2.0
3693.0 924.0 2.0
3697.0 925.0 2.0
3713.0 929.0 2.0
3725.0 932.0 2.0
3737.0 935.0 2.0
3745.0 937.0 2.0
3753.0 939.0 2.0
3789.0 948.0 2.0
3797.0 950.0 2.0
3877.0 970.0 2.0
3917.0 980.0 2.0
3953.0 989.0 2.0
3981.0 996.0 2.0
4073.0 1019.0 2.0
4081.0 1021.0 2.0
4085.0 1022.0 2.0
4141.0 1036.0 2.0
4173.0 1044.0 2.0
4185.0 1047.0 2.0
4209.0 1053.0 2.0
4233.0 1059.0 2.0
4241.0 1061.0 2.0
4241.0 1061.0 2.0
4249.0 1063.0 2.0
4329.0 1083.0 2.0
4345.0 1087.0 2.0
4357.0 1090.0 2.0
4365.0 1092.0 2.0
4369.0 1093.0 2.0
4473.0 1119.0 2.0
4489.0 1123.0 2.0
4501.0 1126.0 2.0
4505.0 1127.0 2.0
4633.0 1159.0 2.0
4653.0 1164.0 2.0
4681.0 1171.0 2.0
4689.0 1173.0 2.0
4841.0 1211.0 2.0
4849.0 1213.0 2.0
4929.0 1233.0 2.0
4933.0 1234.0 2.0
4937.0 1235.0 2.0
4981.0 1246.0 2.0
4981.0 1246.0 2.0
4997.0 1250.0 2.0
5029.0 1258.0 2.0
5065.0 1267.0 2.0
5089.0 1273.0 2.0
5133.0 1284.0 2.0
5237.0 1310.0 2.0
5309.0 1328.0 2.0
5637.0 1410.0 2.0
6173.0 1544.0 2.0
6209.0 1553.0 2.0
6525.0 1632.0 2.0
7657.0 1915.0 2.0
8293.0 2074.0 2.0
