rev2
6217.0 1555.0 2.0
6405.0 1602.0 2.0
6741.0 1686.0 2.0
6857.0 1715.0 2.0
6901.0 1726.0 2.0
6925.0 1732.0 2.0
6957.0 1740.0 2.0
7285.0 1822.0 2.0
7341.0 1836.0 2.0
7373.0 1844.0 2.0
7397.0 1850.0 2.0
7465.0 1867.0 2.0
7521.0 1881.0 2.0
7589.0 1898.0 2.0
7665.0 1917.0 2.0
7685.0 1922.0 2.0
7709.0 1928.0 2.0
7733.0 1934.0 2.0
7777.0 1945.0 2.0
7781.0 1946.0 2.0
7797.0 1950.0 2.0
7845.0 1962.0 2.0
7849.0 1963.0 2.0
7929.0 1983.0 2.0
7949.0 1988.0 2.0
7965.0 1992.0 2.0
7989.0 1998.0 2.0
7997.0 2000.0 2.0
8093.0 2024.0 2.0
8237.0 2060.0 2.0
8269.0 2068.0 2.0
8309.0 2078.0 2.0
8393.0 2099.0 2.0
8401.0 2101.0 2.0
8413.0 2104.0 2.0
8425.0 2107.0 2.0
8453.0 2114.0 2.0
8497.0 2125.0 2.0
8637.0 2160.0 2.0
8685.0 2172.0 2.0
8709.0 2178.0 2.0
8733.0 2184.0 2.0
8785.0 2197.0 2.0
8805.0 2202.0 2.0
8917.0 2230.0 2.0
9029.0 2258.0 2.0
9049.0 2263.0 2.0
9089.0 2273.0 2.0
9101.0 2276.0 2.0
9121.0 2281.0 2.0
9149.0 2288.0 2.0
9189.0 2298.0 2.0
9309.0 2328.0 2.0
9349.0 2338.0 2.0
9369.0 2343.0 2.0
9393.0 2349.0 2.0
9449.0 2363.0 2.0
9641.0 2411.0 2.0
9737.0 2435.0 2.0
9745.0 2437.0 2.0
9749.0 2438.0 2.0
9869.0 2468.0 2.0
9873.0 2469.0 2.0
9913.0 2479.0 2.0
9961.0 2491.0 2.0
9969.0 2493.0 2.0
9969.0 2493.0 2.0
10073.0 2519.0 2.0
10157.0 2540.0 2.0
10169.0 2543.0 2.0
10213.0 2554.0 2.0
10733.0 2684.0 2.0
10757.0 2690.0 2.0
10757.0 2690.0 2.0
10781.0 2696.0 2.0
10797.0 2700.0 2.0
10797.0 2700.0 2.0
10801.0 2701.0 2.0
10917.0 2730.0 2.0
11113.0 2779.0 2.0
11181.0 2796.0 2.0
11265.0 2817.0 2.0
11385.0 2847.0 2.0
11485.0 2872.0 2.0
11517.0 2880.0 2.0
11569.0 2893.0 2.0
11889.0 2973.0 2.0
11901.0 2976.0 2.0
11909.0 2978.0 2.0
11957.0 2990.0 2.0
12073.0 3019.0 2.0
12637.0 3160.0 2.0
12829.0 3208.0 2.0
13349.0 3338.0 2.0
13693.0 3424.0 2.0
13929.0 3483.0 2.0
13933.0 3484.0 2.0
14145.0 3537.0 2.0
15161.0 3791.0 2.0
16937.0 4235.0 2.0
