rev2
7.4674509E7 1.8668628E7 2.0
7.7991145E7 1.9497787E7 2.0
7.8007141E7 1.9501786E7 2.0
7.8277113E7 1.9569279E7 2.0
7.8857185E7 1.9714297E7 2.0
7.9750489E7 1.9937623E7 2.0
7.9761369E7 1.9940343E7 2.0
8.0068181E7 2.0017046E7 2.0
8.0177005E7 2.0044252E7 2.0
8.0602545E7 2.0150637E7 2.0
8.0687229E7 2.0171808E7 2.0
8.0901405E7 2.0225352E7 2.0
8.1317909E7 2.0329478E7 2.0
8.1693973E7 2.0423494E7 2.0
8.1895405E7 2.0473852E7 2.0
8.2617713E7 2.0654429E7 2.0
8.2827877E7 2.070697E7 2.0
8.2888489E7 2.0722123E7 2.0
8.2952541E7 2.0738136E7 2.0
8.3066973E7 2.0766744E7 2.0
8.3288825E7 2.0822207E7 2.0
8.3300237E7 2.082506E7 2.0
8.3584953E7 2.0896239E7 2.0
8.4031733E7 2.1007934E7 2.0
8.4161245E7 2.1040312E7 2.0
8.4391365E7 2.1097842E7 2.0
8.4658469E7 2.1164618E7 2.0
8.4660433E7 2.1165109E7 2.0
8.4749817E7 2.1187455E7 2.0
8.4891453E7 2.1222864E7 2.0
8.4937641E7 2.1234411E7 2.0
8.4981581E7 2.1245396E7 2.0
8.5007617E7 2.1251905E7 2.0
8.5039489E7 2.1259873E7 2.0
8.5696169E7 2.1424043E7 2.0
8.5865445E7 2.1466362E7 2.0
8.5966937E7 2.1491735E7 2.0
8.6160329E7 2.1540083E7 2.0
8.6502773E7 2.1625694E7 2.0
8.6921241E7 2.1730311E7 2.0
8.7068389E7 2.1767098E7 2.0
8.7281881E7 2.1820471E7 2.0
8.7475809E7 2.1868953E7 2.0
8.7569001E7 2.1892251E7 2.0
8.7573085E7 2.1893272E7 2.0
8.7603765E7 2.1900942E7 2.0
8.7831041E7 2.1957761E7 2.0
8.7936229E7 2.1984058E7 2.0
8.8052017E7 2.2013005E7 2.0
8.8359129E7 2.2089783E7 2.0
8.8375157E7 2.209379E7 2.0
8.8492153E7 2.2123039E7 2.0
8.8913721E7 2.2228431E7 2.0
8.8922333E7 2.2230584E7 2.0
8.9163977E7 2.2290995E7 2.0
8.9308265E7 2.2327067E7 2.0
8.9474789E7 2.2368698E7 2.0
8.9675769E7 2.2418943E7 2.0
8.9780545E7 2.2445137E7 2.0
8.9796625E7 2.2449157E7 2.0
8.9874309E7 2.2468578E7 2.0
8.9961709E7 2.2490428E7 2.0
9.0071941E7 2.2517986E7 2.0
9.0327697E7 2.2581925E7 2.0
9.0632753E7 2.2658189E7 2.0
9.0793925E7 2.2698482E7 2.0
9.0806277E7 2.270157E7 2.0
9.0880933E7 2.2720234E7 2.0
9.1029085E7 2.2757272E7 2.0
9.1395117E7 2.284878E7 2.0
9.1457985E7 2.2864497E7 2.0
9.1466701E7 2.2866676E7 2.0
9.1639317E7 2.290983E7 2.0
9.2093989E7 2.3023498E7 2.0
9.2299305E7 2.3074827E7 2.0
9.2589601E7 2.3147401E7 2.0
9.2760281E7 2.3190071E7 2.0
9.2863997E7 2.3216E7 2.0
9.2915489E7 2.3228873E7 2.0
9.4152901E7 2.3538226E7 2.0
9.4171533E7 2.3542884E7 2.0
9.4224605E7 2.3556152E7 2.0
9.4306001E7 2.3576501E7 2.0
9.4711489E7 2.3677873E7 2.0
9.5546169E7 2.3886543E7 2.0
9.6797785E7 2.4199447E7 2.0
9.6907037E7 2.422676E7 2.0
9.7100673E7 2.4275169E7 2.0
9.7250249E7 2.4312563E7 2.0
9.7363457E7 2.4340865E7 2.0
9.7370949E7 2.4342738E7 2.0
9.7432985E7 2.4358247E7 2.0
9.7581765E7 2.4395442E7 2.0
9.8078741E7 2.4519686E7 2.0
9.8188941E7 2.4547236E7 2.0
1.02109897E8 2.5527475E7 2.0
1.06635349E8 2.6658838E7 2.0
1.08204993E8 2.7051249E7 2.0
1.09814389E8 2.7453598E7 2.0
1.17198313E8 2.9299579E7 2.0
