rev2
1.63637169E8 4.0909293E7 2.0
1.64334217E8 4.1083555E7 2.0
1.65618233E8 4.1404559E7 2.0
1.68029701E8 4.2007426E7 2.0
1.68872733E8 4.2218184E7 2.0
1.69197677E8 4.229942E7 2.0
1.69227709E8 4.2306928E7 2.0
1.70241617E8 4.2560405E7 2.0
1.70781601E8 4.2695401E7 2.0
1.71200601E8 4.2800151E7 2.0
1.72048277E8 4.301207E7 2.0
1.72884245E8 4.3221062E7 2.0
1.72988649E8 4.3247163E7 2.0
1.73167597E8 4.32919E7 2.0
1.73730037E8 4.343251E7 2.0
1.73746365E8 4.3436592E7 2.0
1.74009533E8 4.3502384E7 2.0
1.74036221E8 4.3509056E7 2.0
1.74147345E8 4.3536837E7 2.0
1.74967449E8 4.3741863E7 2.0
1.75135761E8 4.3783941E7 2.0
1.76106533E8 4.4026634E7 2.0
1.76416097E8 4.4104025E7 2.0
1.77071017E8 4.4267755E7 2.0
1.77305885E8 4.4326472E7 2.0
1.77723525E8 4.4430882E7 2.0
1.77749253E8 4.4437314E7 2.0
1.78109189E8 4.4527298E7 2.0
1.78787305E8 4.4696827E7 2.0
1.78999885E8 4.4749972E7 2.0
1.79137921E8 4.4784481E7 2.0
1.79434745E8 4.4858687E7 2.0
1.79876365E8 4.4969092E7 2.0
1.80382529E8 4.5095633E7 2.0
1.80433649E8 4.5108413E7 2.0
1.80463481E8 4.5115871E7 2.0
1.80480677E8 4.512017E7 2.0
1.80628953E8 4.5157239E7 2.0
1.81055109E8 4.5263778E7 2.0
1.81566113E8 4.5391529E7 2.0
1.81940189E8 4.5485048E7 2.0
1.82528149E8 4.5632038E7 2.0
1.82751505E8 4.5687877E7 2.0
1.83790257E8 4.5947565E7 2.0
1.83818525E8 4.5954632E7 2.0
1.84298537E8 4.6074635E7 2.0
1.85041141E8 4.6260286E7 2.0
1.85763525E8 4.6440882E7 2.0
1.86062769E8 4.6515693E7 2.0
1.86615977E8 4.6653995E7 2.0
1.87042077E8 4.676052E7 2.0
1.87279297E8 4.6819825E7 2.0
1.87422465E8 4.6855617E7 2.0
1.87588157E8 4.689704E7 2.0
1.88020777E8 4.7005195E7 2.0
1.88445649E8 4.7111413E7 2.0
1.88489545E8 4.7122387E7 2.0
1.88892189E8 4.7223048E7 2.0
1.89423413E8 4.7355854E7 2.0
1.89531477E8 4.738287E7 2.0
1.89607869E8 4.7401968E7 2.0
1.89768345E8 4.7442087E7 2.0
1.90108453E8 4.7527114E7 2.0
1.90330477E8 4.758262E7 2.0
1.90786473E8 4.7696619E7 2.0
1.91280789E8 4.7820198E7 2.0
1.91289337E8 4.7822335E7 2.0
1.91300541E8 4.7825136E7 2.0
1.91570617E8 4.7892655E7 2.0
1.91982737E8 4.7995685E7 2.0
1.91989021E8 4.7997256E7 2.0
1.92384681E8 4.8096171E7 2.0
1.93002805E8 4.8250702E7 2.0
1.93738017E8 4.8434505E7 2.0
1.93779549E8 4.8444888E7 2.0
1.93909289E8 4.8477323E7 2.0
1.94261309E8 4.8565328E7 2.0
1.95373505E8 4.8843377E7 2.0
1.95727941E8 4.8931986E7 2.0
1.97582037E8 4.939551E7 2.0
1.99173757E8 4.979344E7 2.0
2.01551909E8 5.0387978E7 2.0
2.02326217E8 5.0581555E7 2.0
2.02491357E8 5.062284E7 2.0
2.02594533E8 5.0648634E7 2.0
2.03171725E8 5.0792932E7 2.0
2.06797089E8 5.1699273E7 2.0
2.07738857E8 5.1934715E7 2.0
2.07918201E8 5.1979551E7 2.0
2.08090665E8 5.2022667E7 2.0
2.08963517E8 5.224088E7 2.0
2.13104481E8 5.3276121E7 2.0
2.17159605E8 5.4289902E7 2.0
2.20960233E8 5.5240059E7 2.0
2.23707613E8 5.5926904E7 2.0
2.24031093E8 5.6007774E7 2.0
2.24505137E8 5.6126285E7 2.0
2.27588153E8 5.6897039E7 2.0
2.49901101E8 6.2475276E7 2.0
2.52145889E8 6.3036473E7 2.0
