rev4
4492580.0 1454718.0 2.0
4588147.0 1485249.0 2.0
4594081.0 1487355.0 2.0
4639301.0 1502613.0 2.0
4657051.0 1508048.0 2.0
4726554.0 1530251.0 2.0
4763758.0 1542459.0 2.0
4768407.0 1544086.0 2.0
4829711.0 1564015.0 2.0
4841408.0 1567787.0 2.0
4890179.0 1583436.0 2.0
4900091.0 1586443.0 2.0
4942015.0 1600195.0 2.0
4968096.0 1608881.0 2.0
4968863.0 1608539.0 2.0
4978684.0 1612281.0 2.0
4980897.0 1612797.0 2.0
4981429.0 1612889.0 2.0
5001703.0 1619408.0 2.0
5006025.0 1621339.0 2.0
5007197.0 1621469.0 2.0
5021025.0 1625433.0 2.0
5030561.0 1628081.0 2.0
5041853.0 1632246.0 2.0
5043584.0 1632359.0 2.0
5043876.0 1633331.0 2.0
5044566.0 1633465.0 2.0
5067211.0 1640941.0 2.0
5069705.0 1641651.0 2.0
5082337.0 1645922.0 2.0
5111318.0 1655140.0 2.0
5133712.0 1662744.0 2.0
5153264.0 1669354.0 2.0
5158328.0 1670359.0 2.0
5158389.0 1670516.0 2.0
5187149.0 1680045.0 2.0
5187249.0 1679740.0 2.0
5200618.0 1683695.0 2.0
5215394.0 1688291.0 2.0
5219455.0 1690597.0 2.0
5237316.0 1695846.0 2.0
5242571.0 1697938.0 2.0
5270576.0 1705743.0 2.0
5274379.0 1707544.0 2.0
5279798.0 1709431.0 2.0
5298666.0 1715463.0 2.0
5323238.0 1723270.0 2.0
5326656.0 1724984.0 2.0
5335000.0 1727167.0 2.0
5362299.0 1735981.0 2.0
5362528.0 1735288.0 2.0
5390448.0 1745482.0 2.0
5391732.0 1745696.0 2.0
5395128.0 1746928.0 2.0
5398974.0 1747849.0 2.0
5412934.0 1752308.0 2.0
5426716.0 1756490.0 2.0
5433985.0 1759632.0 2.0
5447475.0 1763520.0 2.0
5450679.0 1764845.0 2.0
5454964.0 1766529.0 2.0
5471920.0 1771425.0 2.0
5478298.0 1773325.0 2.0
5565599.0 1802179.0 2.0
5575743.0 1805295.0 2.0
5590047.0 1810089.0 2.0
5605607.0 1814424.0 2.0
5611645.0 1816499.0 2.0
5637784.0 1826103.0 2.0
5651860.0 1830344.0 2.0
5669267.0 1835381.0 2.0
5681127.0 1840012.0 2.0
5706677.0 1848161.0 2.0
5715351.0 1850015.0 2.0
5716925.0 1851645.0 2.0
5771019.0 1868685.0 2.0
5785927.0 1873113.0 2.0
5819047.0 1883865.0 2.0
5822270.0 1884301.0 2.0
5830621.0 1888048.0 2.0
5848793.0 1894232.0 2.0
5892031.0 1907070.0 2.0
5932797.0 1921604.0 2.0
5966301.0 1931191.0 2.0
6012511.0 1947454.0 2.0
6038286.0 1954332.0 2.0
6042140.0 1956170.0 2.0
6057265.0 1961338.0 2.0
6157832.0 1993481.0 2.0
6188919.0 2004491.0 2.0
6220079.0 2014125.0 2.0
6226312.0 2015913.0 2.0
6252646.0 2024411.0 2.0
6260940.0 2027546.0 2.0
6297259.0 2037803.0 2.0
6383211.0 2067301.0 2.0
6585461.0 2132675.0 2.0
6753097.0 2186709.0 2.0
7700187.0 2493486.0 2.0
8323723.0 2695913.0 2.0
