rev2
14013.0 3504.0 2.0
14041.0 3511.0 2.0
14273.0 3569.0 2.0
14337.0 3585.0 2.0
15597.0 3900.0 2.0
15757.0 3940.0 2.0
15861.0 3966.0 2.0
15897.0 3975.0 2.0
16405.0 4102.0 2.0
16541.0 4136.0 2.0
16833.0 4209.0 2.0
16841.0 4211.0 2.0
16861.0 4216.0 2.0
16961.0 4241.0 2.0
17085.0 4272.0 2.0
17293.0 4324.0 2.0
17373.0 4344.0 2.0
17377.0 4345.0 2.0
17413.0 4354.0 2.0
17689.0 4423.0 2.0
17745.0 4437.0 2.0
17905.0 4477.0 2.0
17957.0 4490.0 2.0
18013.0 4504.0 2.0
18037.0 4510.0 2.0
18081.0 4521.0 2.0
18353.0 4589.0 2.0
18361.0 4591.0 2.0
18405.0 4602.0 2.0
18489.0 4623.0 2.0
18633.0 4659.0 2.0
18813.0 4704.0 2.0
18821.0 4706.0 2.0
18937.0 4735.0 2.0
18953.0 4739.0 2.0
19081.0 4771.0 2.0
19109.0 4778.0 2.0
19173.0 4794.0 2.0
19177.0 4795.0 2.0
19189.0 4798.0 2.0
19293.0 4824.0 2.0
19365.0 4842.0 2.0
19377.0 4845.0 2.0
19393.0 4849.0 2.0
19393.0 4849.0 2.0
19421.0 4856.0 2.0
19449.0 4863.0 2.0
19573.0 4894.0 2.0
19669.0 4918.0 2.0
19685.0 4922.0 2.0
19729.0 4933.0 2.0
19793.0 4949.0 2.0
19873.0 4969.0 2.0
19905.0 4977.0 2.0
20157.0 5040.0 2.0
20213.0 5054.0 2.0
20541.0 5136.0 2.0
20617.0 5155.0 2.0
20617.0 5155.0 2.0
20653.0 5164.0 2.0
21057.0 5265.0 2.0
21201.0 5301.0 2.0
21269.0 5318.0 2.0
21369.0 5343.0 2.0
21401.0 5351.0 2.0
21429.0 5358.0 2.0
21453.0 5364.0 2.0
21553.0 5389.0 2.0
21645.0 5412.0 2.0
21677.0 5420.0 2.0
22153.0 5539.0 2.0
22249.0 5563.0 2.0
22273.0 5569.0 2.0
22365.0 5592.0 2.0
22909.0 5728.0 2.0
22949.0 5738.0 2.0
22949.0 5738.0 2.0
23213.0 5804.0 2.0
23585.0 5897.0 2.0
23941.0 5986.0 2.0
24273.0 6069.0 2.0
24305.0 6077.0 2.0
24465.0 6117.0 2.0
24581.0 6146.0 2.0
24761.0 6191.0 2.0
25061.0 6266.0 2.0
25137.0 6285.0 2.0
25337.0 6335.0 2.0
26841.0 6711.0 2.0
27317.0 6830.0 2.0
27337.0 6835.0 2.0
28593.0 7149.0 2.0
28813.0 7204.0 2.0
28897.0 7225.0 2.0
28997.0 7250.0 2.0
29809.0 7453.0 2.0
31589.0 7898.0 2.0
32021.0 8006.0 2.0
34965.0 8742.0 2.0
36877.0 9220.0 2.0
