rev4
2.1000627E7 6799664.0 2.0
2.1061281E7 6817836.0 2.0
2.1540786E7 6974089.0 2.0
2.1789278E7 7054717.0 2.0
2.1851631E7 7074485.0 2.0
2.193064E7 7102458.0 2.0
2.1940816E7 7104357.0 2.0
2.2055395E7 7141394.0 2.0
2.2118088E7 7163215.0 2.0
2.2316775E7 7226112.0 2.0
2.2336207E7 7232147.0 2.0
2.2476341E7 7278033.0 2.0
2.2502003E7 7284539.0 2.0
2.2557221E7 7304357.0 2.0
2.2592258E7 7314520.0 2.0
2.2654246E7 7335056.0 2.0
2.2673883E7 7341998.0 2.0
2.2775068E7 7374197.0 2.0
2.2845983E7 7395896.0 2.0
2.2892881E7 7411224.0 2.0
2.2953928E7 7432820.0 2.0
2.2960024E7 7433149.0 2.0
2.3043366E7 7460752.0 2.0
2.3124572E7 7486653.0 2.0
2.3148196E7 7494909.0 2.0
2.3178846E7 7504673.0 2.0
2.3365671E7 7566342.0 2.0
2.3374598E7 7567180.0 2.0
2.3386827E7 7572026.0 2.0
2.3518808E7 7613676.0 2.0
2.3521224E7 7615000.0 2.0
2.353442E7 7620834.0 2.0
2.3544083E7 7621500.0 2.0
2.3551662E7 7626387.0 2.0
2.3570482E7 7631523.0 2.0
2.3619322E7 7648174.0 2.0
2.3775685E7 7698363.0 2.0
2.38225E7 7712944.0 2.0
2.3889836E7 7736022.0 2.0
2.3898853E7 7737349.0 2.0
2.4042477E7 7784380.0 2.0
2.4102862E7 7805328.0 2.0
2.4113848E7 7808293.0 2.0
2.4162943E7 7824443.0 2.0
2.4228907E7 7844807.0 2.0
2.4312019E7 7872433.0 2.0
2.4341122E7 7880316.0 2.0
2.4364162E7 7887596.0 2.0
2.4375215E7 7891544.0 2.0
2.4392926E7 7898066.0 2.0
2.4396296E7 7898418.0 2.0
2.4409012E7 7903775.0 2.0
2.4487524E7 7927103.0 2.0
2.4614597E7 7969886.0 2.0
2.4694408E7 7994241.0 2.0
2.473937E7 8009426.0 2.0
2.4772802E7 8020755.0 2.0
2.4799752E7 8030994.0 2.0
2.4912216E7 8066220.0 2.0
2.4915904E7 8065968.0 2.0
2.500643E7 8095954.0 2.0
2.5064341E7 8114241.0 2.0
2.5064438E7 8115883.0 2.0
2.5112622E7 8131833.0 2.0
2.5113815E7 8132062.0 2.0
2.5216239E7 8163667.0 2.0
2.5256909E7 8178239.0 2.0
2.5273886E7 8181838.0 2.0
2.5286225E7 8187280.0 2.0
2.5313479E7 8195883.0 2.0
2.5331987E7 8200694.0 2.0
2.5422524E7 8231539.0 2.0
2.5480002E7 8251076.0 2.0
2.5554299E7 8273457.0 2.0
2.5616493E7 8293614.0 2.0
2.5617519E7 8295165.0 2.0
2.5735483E7 8332434.0 2.0
2.574025E7 8334411.0 2.0
2.5751326E7 8337601.0 2.0
2.5765705E7 8342007.0 2.0
2.5870042E7 8377189.0 2.0
2.5886768E7 8381046.0 2.0
2.5903919E7 8386889.0 2.0
2.5952064E7 8403726.0 2.0
2.5960868E7 8406741.0 2.0
2.6504296E7 8580926.0 2.0
2.6621719E7 8621109.0 2.0
2.7010975E7 8744260.0 2.0
2.7024099E7 8751246.0 2.0
2.7361007E7 8857358.0 2.0
2.7388221E7 8868017.0 2.0
2.7654774E7 8953368.0 2.0
2.785891E7 9020321.0 2.0
2.8028964E7 9076066.0 2.0
2.8591016E7 9257166.0 2.0
2.8811564E7 9329415.0 2.0
2.8819988E7 9330392.0 2.0
2.8910756E7 9361120.0 2.0
3.0556709E7 9894124.0 2.0
3.38435E7 1.095897E7 2.0
