rev2
803017.0 200755.0 2.0
843465.0 210867.0 2.0
851773.0 212944.0 2.0
853085.0 213272.0 2.0
858509.0 214628.0 2.0
863225.0 215807.0 2.0
871901.0 217976.0 2.0
872149.0 218038.0 2.0
874045.0 218512.0 2.0
882993.0 220749.0 2.0
882997.0 220750.0 2.0
886945.0 221737.0 2.0
888597.0 222150.0 2.0
901621.0 225406.0 2.0
903957.0 225990.0 2.0
905113.0 226279.0 2.0
907057.0 226765.0 2.0
909989.0 227498.0 2.0
911177.0 227795.0 2.0
918917.0 229730.0 2.0
918957.0 229740.0 2.0
921113.0 230279.0 2.0
921929.0 230483.0 2.0
925981.0 231496.0 2.0
927409.0 231853.0 2.0
927961.0 231991.0 2.0
932665.0 233167.0 2.0
936033.0 234009.0 2.0
937669.0 234418.0 2.0
937913.0 234479.0 2.0
938945.0 234737.0 2.0
939809.0 234953.0 2.0
942805.0 235702.0 2.0
947641.0 236911.0 2.0
948357.0 237090.0 2.0
948533.0 237134.0 2.0
949805.0 237452.0 2.0
949921.0 237481.0 2.0
960473.0 240119.0 2.0
963637.0 240910.0 2.0
965077.0 241270.0 2.0
966021.0 241506.0 2.0
968065.0 242017.0 2.0
968169.0 242043.0 2.0
969729.0 242433.0 2.0
972373.0 243094.0 2.0
979605.0 244902.0 2.0
983237.0 245810.0 2.0
984313.0 246079.0 2.0
989113.0 247279.0 2.0
994105.0 248527.0 2.0
999673.0 249919.0 2.0
1010013.0 252504.0 2.0
1013305.0 253327.0 2.0
1014733.0 253684.0 2.0
1015249.0 253813.0 2.0
1018417.0 254605.0 2.0
1021317.0 255330.0 2.0
1028641.0 257161.0 2.0
1029073.0 257269.0 2.0
1030037.0 257510.0 2.0
1030905.0 257727.0 2.0
1033373.0 258344.0 2.0
1033529.0 258383.0 2.0
1033577.0 258395.0 2.0
1034109.0 258528.0 2.0
1044717.0 261180.0 2.0
1057221.0 264306.0 2.0
1062017.0 265505.0 2.0
1062481.0 265621.0 2.0
1064741.0 266186.0 2.0
1066313.0 266579.0 2.0
1067093.0 266774.0 2.0
1067605.0 266902.0 2.0
1069185.0 267297.0 2.0
1070821.0 267706.0 2.0
1072089.0 268023.0 2.0
1073197.0 268300.0 2.0
1077097.0 269275.0 2.0
1087601.0 271901.0 2.0
1090589.0 272648.0 2.0
1095773.0 273944.0 2.0
1104609.0 276153.0 2.0
1126313.0 281579.0 2.0
1126737.0 281685.0 2.0
1127453.0 281864.0 2.0
1135709.0 283928.0 2.0
1154001.0 288501.0 2.0
1162061.0 290516.0 2.0
1164257.0 291065.0 2.0
1170993.0 292749.0 2.0
1201517.0 300380.0 2.0
1215161.0 303791.0 2.0
1253593.0 313399.0 2.0
1258901.0 314726.0 2.0
1261897.0 315475.0 2.0
1391369.0 347843.0 2.0
1445297.0 361325.0 2.0
1503149.0 375788.0 2.0
1601697.0 400425.0 2.0
