rev2
35521.0 8881.0 2.0
36101.0 9026.0 2.0
36145.0 9037.0 2.0
36545.0 9137.0 2.0
36565.0 9142.0 2.0
37345.0 9337.0 2.0
38249.0 9563.0 2.0
38309.0 9578.0 2.0
39349.0 9838.0 2.0
39629.0 9908.0 2.0
40013.0 10004.0 2.0
40061.0 10016.0 2.0
40653.0 10164.0 2.0
40973.0 10244.0 2.0
41169.0 10293.0 2.0
41281.0 10321.0 2.0
41501.0 10376.0 2.0
41673.0 10419.0 2.0
42033.0 10509.0 2.0
42673.0 10669.0 2.0
43061.0 10766.0 2.0
43149.0 10788.0 2.0
43237.0 10810.0 2.0
43529.0 10883.0 2.0
43829.0 10958.0 2.0
43953.0 10989.0 2.0
43965.0 10992.0 2.0
43981.0 10996.0 2.0
44025.0 11007.0 2.0
44205.0 11052.0 2.0
44241.0 11061.0 2.0
44293.0 11074.0 2.0
44333.0 11084.0 2.0
44621.0 11156.0 2.0
44793.0 11199.0 2.0
44869.0 11218.0 2.0
44945.0 11237.0 2.0
45389.0 11348.0 2.0
45429.0 11358.0 2.0
45553.0 11389.0 2.0
45865.0 11467.0 2.0
45893.0 11474.0 2.0
45941.0 11486.0 2.0
46177.0 11545.0 2.0
46433.0 11609.0 2.0
46773.0 11694.0 2.0
46853.0 11714.0 2.0
46877.0 11720.0 2.0
46993.0 11749.0 2.0
47121.0 11781.0 2.0
47189.0 11798.0 2.0
47357.0 11840.0 2.0
47445.0 11862.0 2.0
47541.0 11886.0 2.0
47977.0 11995.0 2.0
48457.0 12115.0 2.0
48581.0 12146.0 2.0
48881.0 12221.0 2.0
48993.0 12249.0 2.0
49161.0 12291.0 2.0
49429.0 12358.0 2.0
49553.0 12389.0 2.0
49649.0 12413.0 2.0
49789.0 12448.0 2.0
49837.0 12460.0 2.0
50129.0 12533.0 2.0
50325.0 12582.0 2.0
50549.0 12638.0 2.0
50677.0 12670.0 2.0
50761.0 12691.0 2.0
50865.0 12717.0 2.0
51577.0 12895.0 2.0
52289.0 13073.0 2.0
52309.0 13078.0 2.0
52509.0 13128.0 2.0
52793.0 13199.0 2.0
53093.0 13274.0 2.0
53185.0 13297.0 2.0
53229.0 13308.0 2.0
53589.0 13398.0 2.0
54089.0 13523.0 2.0
54389.0 13598.0 2.0
54629.0 13658.0 2.0
55133.0 13784.0 2.0
55309.0 13828.0 2.0
55437.0 13860.0 2.0
55653.0 13914.0 2.0
56645.0 14162.0 2.0
56809.0 14203.0 2.0
57921.0 14481.0 2.0
60009.0 15003.0 2.0
60233.0 15059.0 2.0
60317.0 15080.0 2.0
60885.0 15222.0 2.0
61221.0 15306.0 2.0
62385.0 15597.0 2.0
62513.0 15629.0 2.0
64041.0 16011.0 2.0
66397.0 16600.0 2.0
72697.0 18175.0 2.0
