rev2
1.7000537E7 4250135.0 2.0
1.7528309E7 4382078.0 2.0
1.7570449E7 4392613.0 2.0
1.7838857E7 4459715.0 2.0
1.8004349E7 4501088.0 2.0
1.8051913E7 4512979.0 2.0
1.8069313E7 4517329.0 2.0
1.8073885E7 4518472.0 2.0
1.8189689E7 4547423.0 2.0
1.8397381E7 4599346.0 2.0
1.8558545E7 4639637.0 2.0
1.8591321E7 4647831.0 2.0
1.8622857E7 4655715.0 2.0
1.8773489E7 4693373.0 2.0
1.8802713E7 4700679.0 2.0
1.8805781E7 4701446.0 2.0
1.8998853E7 4749714.0 2.0
1.9047205E7 4761802.0 2.0
1.9057497E7 4764375.0 2.0
1.9091697E7 4772925.0 2.0
1.9092841E7 4773211.0 2.0
1.9115185E7 4778797.0 2.0
1.9121757E7 4780440.0 2.0
1.9177733E7 4794434.0 2.0
1.9201361E7 4800341.0 2.0
1.9228677E7 4807170.0 2.0
1.9382185E7 4845547.0 2.0
1.9464225E7 4866057.0 2.0
1.9470793E7 4867699.0 2.0
1.9547673E7 4886919.0 2.0
1.9565901E7 4891476.0 2.0
1.9572569E7 4893143.0 2.0
1.9672649E7 4918163.0 2.0
1.9717233E7 4929309.0 2.0
1.9730233E7 4932559.0 2.0
1.9746885E7 4936722.0 2.0
1.9752853E7 4938214.0 2.0
1.9775313E7 4943829.0 2.0
1.9799957E7 4949990.0 2.0
1.9818569E7 4954643.0 2.0
1.9860509E7 4965128.0 2.0
1.9862645E7 4965662.0 2.0
1.9899869E7 4974968.0 2.0
1.9936629E7 4984158.0 2.0
2.0001981E7 5000496.0 2.0
2.0004729E7 5001183.0 2.0
2.0042041E7 5010511.0 2.0
2.0071605E7 5017902.0 2.0
2.0098409E7 5024603.0 2.0
2.0105469E7 5026368.0 2.0
2.0171829E7 5042958.0 2.0
2.0180549E7 5045138.0 2.0
2.0191717E7 5047930.0 2.0
2.0236573E7 5059144.0 2.0
2.0425153E7 5106289.0 2.0
2.0447121E7 5111781.0 2.0
2.0461481E7 5115371.0 2.0
2.0481097E7 5120275.0 2.0
2.0495361E7 5123841.0 2.0
2.0539309E7 5134828.0 2.0
2.0628113E7 5157029.0 2.0
2.0762317E7 5190580.0 2.0
2.0765025E7 5191257.0 2.0
2.0891469E7 5222868.0 2.0
2.0916761E7 5229191.0 2.0
2.0999265E7 5249817.0 2.0
2.1019961E7 5254991.0 2.0
2.1023545E7 5255887.0 2.0
2.1170481E7 5292621.0 2.0
2.1202901E7 5300726.0 2.0
2.1212841E7 5303211.0 2.0
2.1232461E7 5308116.0 2.0
2.1244369E7 5311093.0 2.0
2.1283089E7 5320773.0 2.0
2.1384801E7 5346201.0 2.0
2.1397193E7 5349299.0 2.0
2.1415793E7 5353949.0 2.0
2.1706405E7 5426602.0 2.0
2.1767737E7 5441935.0 2.0
2.1788829E7 5447208.0 2.0
2.1803553E7 5450889.0 2.0
2.1879745E7 5469937.0 2.0
2.1928005E7 5482002.0 2.0
2.1928329E7 5482083.0 2.0
2.2030161E7 5507541.0 2.0
2.2107205E7 5526802.0 2.0
2.2184029E7 5546008.0 2.0
2.2194577E7 5548645.0 2.0
2.2255913E7 5563979.0 2.0
2.2641189E7 5660298.0 2.0
2.2709041E7 5677261.0 2.0
2.2766481E7 5691621.0 2.0
2.2933457E7 5733365.0 2.0
2.3386157E7 5846540.0 2.0
2.4110957E7 6027740.0 2.0
2.4503681E7 6125921.0 2.0
2.4504133E7 6126034.0 2.0
2.4836965E7 6209242.0 2.0
2.4918573E7 6229644.0 2.0
2.5618201E7 6404551.0 2.0
