rev4
45104.0 14655.0 2.0
46358.0 15066.0 2.0
46507.0 15079.0 2.0
47384.0 15369.0 2.0
48694.0 15695.0 2.0
48824.0 15808.0 2.0
49189.0 15946.0 2.0
49836.0 16124.0 2.0
49858.0 16133.0 2.0
50172.0 16190.0 2.0
50719.0 16506.0 2.0
50882.0 16471.0 2.0
50930.0 16506.0 2.0
50984.0 16474.0 2.0
51073.0 16556.0 2.0
51106.0 16593.0 2.0
51180.0 16620.0 2.0
51325.0 16604.0 2.0
51458.0 16667.0 2.0
51965.0 16781.0 2.0
52113.0 16879.0 2.0
52233.0 16919.0 2.0
52255.0 16915.0 2.0
52256.0 16918.0 2.0
52585.0 16975.0 2.0
52590.0 17037.0 2.0
52640.0 17065.0 2.0
52796.0 17063.0 2.0
53095.0 17183.0 2.0
53229.0 17183.0 2.0
53396.0 17234.0 2.0
53720.0 17389.0 2.0
53781.0 17393.0 2.0
53810.0 17400.0 2.0
54061.0 17512.0 2.0
54084.0 17473.0 2.0
54239.0 17579.0 2.0
54368.0 17610.0 2.0
54553.0 17642.0 2.0
54612.0 17654.0 2.0
54621.0 17681.0 2.0
54992.0 17837.0 2.0
55306.0 17905.0 2.0
55422.0 17936.0 2.0
55566.0 18003.0 2.0
55675.0 18072.0 2.0
55926.0 18106.0 2.0
55945.0 18064.0 2.0
55991.0 18113.0 2.0
56110.0 18165.0 2.0
56943.0 18483.0 2.0
56961.0 18471.0 2.0
57084.0 18521.0 2.0
57356.0 18608.0 2.0
57507.0 18670.0 2.0
57604.0 18636.0 2.0
57714.0 18703.0 2.0
57782.0 18772.0 2.0
57808.0 18744.0 2.0
58241.0 18848.0 2.0
58803.0 18996.0 2.0
59023.0 19131.0 2.0
59024.0 19139.0 2.0
59033.0 19135.0 2.0
59227.0 19178.0 2.0
59476.0 19309.0 2.0
59515.0 19317.0 2.0
59706.0 19376.0 2.0
59740.0 19393.0 2.0
60123.0 19507.0 2.0
60124.0 19510.0 2.0
60222.0 19457.0 2.0
60266.0 19485.0 2.0
60803.0 19754.0 2.0
60948.0 19735.0 2.0
61494.0 19884.0 2.0
61585.0 19866.0 2.0
62020.0 20085.0 2.0
62406.0 20182.0 2.0
63064.0 20416.0 2.0
63100.0 20411.0 2.0
63366.0 20564.0 2.0
63687.0 20636.0 2.0
63783.0 20654.0 2.0
64054.0 20814.0 2.0
64830.0 20968.0 2.0
64836.0 20982.0 2.0
65673.0 21236.0 2.0
65911.0 21344.0 2.0
66727.0 21559.0 2.0
67298.0 21771.0 2.0
67674.0 21892.0 2.0
67724.0 21946.0 2.0
68384.0 22168.0 2.0
69075.0 22403.0 2.0
71471.0 23172.0 2.0
72622.0 23521.0 2.0
74909.0 24197.0 2.0
75777.0 24502.0 2.0
86487.0 28015.0 2.0
