rev4
3469.0 1116.0 2.0
3549.0 1147.0 2.0
3857.0 1254.0 2.0
4050.0 1316.0 2.0
4110.0 1323.0 2.0
4205.0 1341.0 2.0
4363.0 1408.0 2.0
4381.0 1429.0 2.0
4390.0 1408.0 2.0
4405.0 1424.0 2.0
4436.0 1430.0 2.0
4460.0 1452.0 2.0
4485.0 1444.0 2.0
4523.0 1465.0 2.0
4627.0 1506.0 2.0
4642.0 1496.0 2.0
4660.0 1492.0 2.0
4758.0 1537.0 2.0
4781.0 1558.0 2.0
4793.0 1544.0 2.0
4808.0 1570.0 2.0
4865.0 1574.0 2.0
4898.0 1592.0 2.0
4905.0 1597.0 2.0
4918.0 1598.0 2.0
4927.0 1591.0 2.0
4944.0 1610.0 2.0
4964.0 1597.0 2.0
5008.0 1603.0 2.0
5025.0 1641.0 2.0
5026.0 1635.0 2.0
5058.0 1661.0 2.0
5060.0 1635.0 2.0
5070.0 1650.0 2.0
5094.0 1664.0 2.0
5172.0 1661.0 2.0
5192.0 1670.0 2.0
5248.0 1698.0 2.0
5250.0 1693.0 2.0
5268.0 1701.0 2.0
5279.0 1719.0 2.0
5287.0 1710.0 2.0
5315.0 1718.0 2.0
5422.0 1772.0 2.0
5440.0 1763.0 2.0
5452.0 1764.0 2.0
5473.0 1754.0 2.0
5478.0 1772.0 2.0
5498.0 1786.0 2.0
5515.0 1770.0 2.0
5532.0 1799.0 2.0
5547.0 1800.0 2.0
5553.0 1806.0 2.0
5600.0 1802.0 2.0
5618.0 1819.0 2.0
5623.0 1844.0 2.0
5634.0 1802.0 2.0
5660.0 1839.0 2.0
5677.0 1851.0 2.0
5686.0 1845.0 2.0
5701.0 1842.0 2.0
5785.0 1865.0 2.0
5790.0 1874.0 2.0
5806.0 1883.0 2.0
5808.0 1867.0 2.0
5838.0 1888.0 2.0
5898.0 1912.0 2.0
5962.0 1941.0 2.0
5968.0 1946.0 2.0
6005.0 1939.0 2.0
6098.0 1984.0 2.0
6107.0 1976.0 2.0
6191.0 2018.0 2.0
6216.0 2041.0 2.0
6219.0 2002.0 2.0
6266.0 2018.0 2.0
6302.0 2044.0 2.0
6342.0 2052.0 2.0
6373.0 2043.0 2.0
6411.0 2070.0 2.0
6429.0 2039.0 2.0
6452.0 2082.0 2.0
6548.0 2119.0 2.0
6591.0 2149.0 2.0
6637.0 2152.0 2.0
6653.0 2152.0 2.0
6719.0 2157.0 2.0
6824.0 2205.0 2.0
6894.0 2244.0 2.0
6971.0 2269.0 2.0
7001.0 2241.0 2.0
7011.0 2276.0 2.0
7052.0 2285.0 2.0
7210.0 2335.0 2.0
7212.0 2343.0 2.0
7773.0 2527.0 2.0
7858.0 2555.0 2.0
8116.0 2628.0 2.0
8125.0 2610.0 2.0
8648.0 2824.0 2.0
