rev2
2857.0 715.0 2.0
3017.0 755.0 2.0
3085.0 772.0 2.0
3101.0 776.0 2.0
3137.0 785.0 2.0
3317.0 830.0 2.0
3321.0 831.0 2.0
3369.0 843.0 2.0
3421.0 856.0 2.0
3421.0 856.0 2.0
3469.0 868.0 2.0
3501.0 876.0 2.0
3509.0 878.0 2.0
3565.0 892.0 2.0
3657.0 915.0 2.0
3721.0 931.0 2.0
3761.0 941.0 2.0
3801.0 951.0 2.0
3801.0 951.0 2.0
3845.0 962.0 2.0
3845.0 962.0 2.0
3869.0 968.0 2.0
3909.0 978.0 2.0
3941.0 986.0 2.0
3949.0 988.0 2.0
3953.0 989.0 2.0
3957.0 990.0 2.0
3981.0 996.0 2.0
4009.0 1003.0 2.0
4013.0 1004.0 2.0
4037.0 1010.0 2.0
4113.0 1029.0 2.0
4121.0 1031.0 2.0
4165.0 1042.0 2.0
4177.0 1045.0 2.0
4193.0 1049.0 2.0
4213.0 1054.0 2.0
4221.0 1056.0 2.0
4225.0 1057.0 2.0
4229.0 1058.0 2.0
4329.0 1083.0 2.0
4329.0 1083.0 2.0
4361.0 1091.0 2.0
4369.0 1093.0 2.0
4373.0 1094.0 2.0
4393.0 1099.0 2.0
4409.0 1103.0 2.0
4421.0 1106.0 2.0
4421.0 1106.0 2.0
4457.0 1115.0 2.0
4497.0 1125.0 2.0
4501.0 1126.0 2.0
4513.0 1129.0 2.0
4581.0 1146.0 2.0
4617.0 1155.0 2.0
4633.0 1159.0 2.0
4645.0 1162.0 2.0
4669.0 1168.0 2.0
4673.0 1169.0 2.0
4737.0 1185.0 2.0
4749.0 1188.0 2.0
4765.0 1192.0 2.0
4769.0 1193.0 2.0
4777.0 1195.0 2.0
4785.0 1197.0 2.0
4793.0 1199.0 2.0
4849.0 1213.0 2.0
4889.0 1223.0 2.0
4949.0 1238.0 2.0
4997.0 1250.0 2.0
5069.0 1268.0 2.0
5125.0 1282.0 2.0
5133.0 1284.0 2.0
5153.0 1289.0 2.0
5277.0 1320.0 2.0
5345.0 1337.0 2.0
5353.0 1339.0 2.0
5429.0 1358.0 2.0
5461.0 1366.0 2.0
5501.0 1376.0 2.0
5517.0 1380.0 2.0
5605.0 1402.0 2.0
5637.0 1410.0 2.0
5685.0 1422.0 2.0
5701.0 1426.0 2.0
5709.0 1428.0 2.0
5717.0 1430.0 2.0
5733.0 1434.0 2.0
5761.0 1441.0 2.0
5869.0 1468.0 2.0
5873.0 1469.0 2.0
6117.0 1530.0 2.0
6217.0 1555.0 2.0
6353.0 1589.0 2.0
6357.0 1590.0 2.0
6569.0 1643.0 2.0
6805.0 1702.0 2.0
6925.0 1732.0 2.0
8625.0 2157.0 2.0
8677.0 2170.0 2.0
