rev4
214300.0 69323.0 2.0
217595.0 70297.0 2.0
219399.0 70987.0 2.0
221092.0 71681.0 2.0
221893.0 71863.0 2.0
221895.0 71799.0 2.0
222329.0 72007.0 2.0
229147.0 74097.0 2.0
229254.0 74237.0 2.0
230298.0 74515.0 2.0
232082.0 75125.0 2.0
232298.0 75212.0 2.0
233600.0 75653.0 2.0
234165.0 75816.0 2.0
234547.0 75950.0 2.0
234972.0 76066.0 2.0
236183.0 76422.0 2.0
239956.0 77610.0 2.0
240503.0 77778.0 2.0
243058.0 78602.0 2.0
243983.0 78986.0 2.0
245026.0 79383.0 2.0
246023.0 79701.0 2.0
247654.0 80205.0 2.0
248271.0 80378.0 2.0
248952.0 80612.0 2.0
250359.0 80990.0 2.0
250577.0 81105.0 2.0
252125.0 81455.0 2.0
252800.0 81872.0 2.0
253948.0 82382.0 2.0
254230.0 82345.0 2.0
255051.0 82761.0 2.0
255160.0 82685.0 2.0
256770.0 83138.0 2.0
258190.0 83522.0 2.0
259612.0 84131.0 2.0
260391.0 84422.0 2.0
261138.0 84433.0 2.0
262066.0 84753.0 2.0
262886.0 85172.0 2.0
263391.0 85194.0 2.0
264476.0 85532.0 2.0
264763.0 85755.0 2.0
264821.0 85712.0 2.0
265262.0 85999.0 2.0
265615.0 86097.0 2.0
267411.0 86576.0 2.0
268175.0 86803.0 2.0
268895.0 87112.0 2.0
269255.0 87186.0 2.0
270897.0 87828.0 2.0
271966.0 88063.0 2.0
274608.0 89056.0 2.0
274913.0 88898.0 2.0
277244.0 89781.0 2.0
277411.0 89791.0 2.0
277489.0 89825.0 2.0
278751.0 90233.0 2.0
282388.0 91290.0 2.0
284244.0 92164.0 2.0
285528.0 92544.0 2.0
285797.0 92490.0 2.0
286026.0 92608.0 2.0
287976.0 93159.0 2.0
291770.0 94458.0 2.0
293096.0 94780.0 2.0
293168.0 94932.0 2.0
294674.0 95383.0 2.0
295504.0 95568.0 2.0
296284.0 95842.0 2.0
296645.0 96004.0 2.0
297878.0 96592.0 2.0
299020.0 96775.0 2.0
299813.0 97064.0 2.0
300873.0 97459.0 2.0
302789.0 97873.0 2.0
303298.0 98176.0 2.0
304405.0 98645.0 2.0
305071.0 98799.0 2.0
306792.0 99377.0 2.0
311213.0 100789.0 2.0
312189.0 101038.0 2.0
313153.0 101402.0 2.0
313173.0 101278.0 2.0
313232.0 101483.0 2.0
315310.0 101909.0 2.0
316860.0 102736.0 2.0
316902.0 102606.0 2.0
318311.0 103171.0 2.0
325165.0 105285.0 2.0
328694.0 106476.0 2.0
331934.0 107606.0 2.0
335574.0 108521.0 2.0
343675.0 111375.0 2.0
349027.0 112919.0 2.0
353344.0 114307.0 2.0
360009.0 116638.0 2.0
374254.0 121083.0 2.0
423748.0 137313.0 2.0
