rev4
99541.0 32248.0 2.0
99877.0 32294.0 2.0
102322.0 33180.0 2.0
102837.0 33284.0 2.0
102918.0 33319.0 2.0
105251.0 34047.0 2.0
105778.0 34287.0 2.0
105990.0 34224.0 2.0
106545.0 34499.0 2.0
106786.0 34623.0 2.0
107445.0 34962.0 2.0
107682.0 34820.0 2.0
107722.0 34987.0 2.0
107750.0 34890.0 2.0
109179.0 35251.0 2.0
109785.0 35507.0 2.0
110837.0 35908.0 2.0
110915.0 35903.0 2.0
111127.0 35940.0 2.0
111454.0 36040.0 2.0
111693.0 36257.0 2.0
112254.0 36350.0 2.0
112337.0 36428.0 2.0
112774.0 36438.0 2.0
112890.0 36586.0 2.0
112918.0 36595.0 2.0
112954.0 36620.0 2.0
112962.0 36632.0 2.0
113402.0 36844.0 2.0
113759.0 36885.0 2.0
113763.0 36891.0 2.0
114076.0 36979.0 2.0
114926.0 37248.0 2.0
115333.0 37421.0 2.0
115819.0 37473.0 2.0
115871.0 37497.0 2.0
116082.0 37664.0 2.0
116769.0 37767.0 2.0
116887.0 37831.0 2.0
117149.0 37992.0 2.0
117253.0 37922.0 2.0
117395.0 37898.0 2.0
117571.0 38008.0 2.0
117847.0 38072.0 2.0
118046.0 38176.0 2.0
118611.0 38438.0 2.0
119109.0 38594.0 2.0
119165.0 38539.0 2.0
121154.0 39266.0 2.0
121204.0 39188.0 2.0
122160.0 39638.0 2.0
123198.0 39782.0 2.0
123385.0 40041.0 2.0
124341.0 40294.0 2.0
125005.0 40523.0 2.0
126255.0 40700.0 2.0
126516.0 41068.0 2.0
126868.0 41092.0 2.0
126967.0 41118.0 2.0
127338.0 41229.0 2.0
127821.0 41294.0 2.0
128104.0 41461.0 2.0
128371.0 41535.0 2.0
128771.0 41696.0 2.0
129767.0 42056.0 2.0
130495.0 42199.0 2.0
131816.0 42738.0 2.0
132046.0 42829.0 2.0
132591.0 42946.0 2.0
132628.0 43006.0 2.0
133526.0 43239.0 2.0
133779.0 43289.0 2.0
134410.0 43383.0 2.0
134438.0 43432.0 2.0
134776.0 43606.0 2.0
134787.0 43690.0 2.0
134853.0 43697.0 2.0
134949.0 43705.0 2.0
135244.0 43821.0 2.0
135890.0 43847.0 2.0
137301.0 44478.0 2.0
138823.0 45011.0 2.0
139370.0 45109.0 2.0
139544.0 45183.0 2.0
140407.0 45305.0 2.0
140619.0 45502.0 2.0
141099.0 45671.0 2.0
141184.0 45600.0 2.0
142570.0 46209.0 2.0
142661.0 46259.0 2.0
143455.0 46503.0 2.0
144356.0 46763.0 2.0
144670.0 46896.0 2.0
147046.0 47556.0 2.0
147239.0 47690.0 2.0
149730.0 48494.0 2.0
149943.0 48447.0 2.0
150650.0 48919.0 2.0
167778.0 54473.0 2.0
172975.0 56034.0 2.0
