rev2
3759749.0 939938.0 2.0
3760721.0 940181.0 2.0
3801985.0 950497.0 2.0
3828177.0 957045.0 2.0
3869005.0 967252.0 2.0
3878833.0 969709.0 2.0
3897393.0 974349.0 2.0
3920541.0 980136.0 2.0
3941353.0 985339.0 2.0
3973845.0 993462.0 2.0
3994453.0 998614.0 2.0
3995345.0 998837.0 2.0
4023297.0 1005825.0 2.0
4029705.0 1007427.0 2.0
4035161.0 1008791.0 2.0
4039713.0 1009929.0 2.0
4049601.0 1012401.0 2.0
4056129.0 1014033.0 2.0
4059233.0 1014809.0 2.0
4074121.0 1018531.0 2.0
4089333.0 1022334.0 2.0
4107121.0 1026781.0 2.0
4119841.0 1029961.0 2.0
4180145.0 1045037.0 2.0
4191577.0 1047895.0 2.0
4198881.0 1049721.0 2.0
4225333.0 1056334.0 2.0
4236637.0 1059160.0 2.0
4272829.0 1068208.0 2.0
4276085.0 1069022.0 2.0
4277361.0 1069341.0 2.0
4294689.0 1073673.0 2.0
4295229.0 1073808.0 2.0
4303113.0 1075779.0 2.0
4305973.0 1076494.0 2.0
4314901.0 1078726.0 2.0
4322185.0 1080547.0 2.0
4336997.0 1084250.0 2.0
4355833.0 1088959.0 2.0
4356989.0 1089248.0 2.0
4372717.0 1093180.0 2.0
4384161.0 1096041.0 2.0
4402685.0 1100672.0 2.0
4415761.0 1103941.0 2.0
4418309.0 1104578.0 2.0
4431257.0 1107815.0 2.0
4440533.0 1110134.0 2.0
4456565.0 1114142.0 2.0
4511521.0 1127881.0 2.0
4514097.0 1128525.0 2.0
4535669.0 1133918.0 2.0
4536041.0 1134011.0 2.0
4570529.0 1142633.0 2.0
4590885.0 1147722.0 2.0
4620841.0 1155211.0 2.0
4693853.0 1173464.0 2.0
4698781.0 1174696.0 2.0
4704817.0 1176205.0 2.0
4713693.0 1178424.0 2.0
4714269.0 1178568.0 2.0
4721149.0 1180288.0 2.0
4725221.0 1181306.0 2.0
4752505.0 1188127.0 2.0
4755601.0 1188901.0 2.0
4757429.0 1189358.0 2.0
4765065.0 1191267.0 2.0
4777113.0 1194279.0 2.0
4797861.0 1199466.0 2.0
4809981.0 1202496.0 2.0
4832873.0 1208219.0 2.0
4854313.0 1213579.0 2.0
4864161.0 1216041.0 2.0
4865725.0 1216432.0 2.0
4888905.0 1222227.0 2.0
4916321.0 1229081.0 2.0
4953725.0 1238432.0 2.0
4954053.0 1238514.0 2.0
4979113.0 1244779.0 2.0
4987081.0 1246771.0 2.0
5060333.0 1265084.0 2.0
5074173.0 1268544.0 2.0
5084077.0 1271020.0 2.0
5105477.0 1276370.0 2.0
5109493.0 1277374.0 2.0
5126637.0 1281660.0 2.0
5165169.0 1291293.0 2.0
5199357.0 1299840.0 2.0
5225005.0 1306252.0 2.0
5245581.0 1311396.0 2.0
5304825.0 1326207.0 2.0
5318877.0 1329720.0 2.0
5326405.0 1331602.0 2.0
5334785.0 1333697.0 2.0
5343181.0 1335796.0 2.0
5395765.0 1348942.0 2.0
5400769.0 1350193.0 2.0
5429025.0 1357257.0 2.0
5800981.0 1450246.0 2.0
5811381.0 1452846.0 2.0
6563441.0 1640861.0 2.0
