rev2
15173.0 3794.0 2.0
15657.0 3915.0 2.0
15877.0 3970.0 2.0
16165.0 4042.0 2.0
16701.0 4176.0 2.0
16885.0 4222.0 2.0
16925.0 4232.0 2.0
17257.0 4315.0 2.0
17645.0 4412.0 2.0
17797.0 4450.0 2.0
17813.0 4454.0 2.0
18033.0 4509.0 2.0
18097.0 4525.0 2.0
18197.0 4550.0 2.0
18265.0 4567.0 2.0
18341.0 4586.0 2.0
18349.0 4588.0 2.0
18421.0 4606.0 2.0
18753.0 4689.0 2.0
18877.0 4720.0 2.0
19073.0 4769.0 2.0
19085.0 4772.0 2.0
19101.0 4776.0 2.0
19113.0 4779.0 2.0
19245.0 4812.0 2.0
19533.0 4884.0 2.0
19629.0 4908.0 2.0
19669.0 4918.0 2.0
19705.0 4927.0 2.0
19741.0 4936.0 2.0
20013.0 5004.0 2.0
20089.0 5023.0 2.0
20093.0 5024.0 2.0
20365.0 5092.0 2.0
20393.0 5099.0 2.0
20473.0 5119.0 2.0
20513.0 5129.0 2.0
20765.0 5192.0 2.0
20789.0 5198.0 2.0
20797.0 5200.0 2.0
20893.0 5224.0 2.0
20957.0 5240.0 2.0
21077.0 5270.0 2.0
21081.0 5271.0 2.0
21233.0 5309.0 2.0
21429.0 5358.0 2.0
21513.0 5379.0 2.0
21565.0 5392.0 2.0
21665.0 5417.0 2.0
21693.0 5424.0 2.0
21865.0 5467.0 2.0
21925.0 5482.0 2.0
21933.0 5484.0 2.0
21985.0 5497.0 2.0
22009.0 5503.0 2.0
22053.0 5514.0 2.0
22145.0 5537.0 2.0
22241.0 5561.0 2.0
22301.0 5576.0 2.0
22365.0 5592.0 2.0
22401.0 5601.0 2.0
22437.0 5610.0 2.0
22441.0 5611.0 2.0
22457.0 5615.0 2.0
22473.0 5619.0 2.0
22557.0 5640.0 2.0
22681.0 5671.0 2.0
22713.0 5679.0 2.0
22785.0 5697.0 2.0
22909.0 5728.0 2.0
23109.0 5778.0 2.0
23177.0 5795.0 2.0
23261.0 5816.0 2.0
23581.0 5896.0 2.0
23769.0 5943.0 2.0
23777.0 5945.0 2.0
23997.0 6000.0 2.0
24053.0 6014.0 2.0
24281.0 6071.0 2.0
24377.0 6095.0 2.0
24685.0 6172.0 2.0
24921.0 6231.0 2.0
24969.0 6243.0 2.0
25005.0 6252.0 2.0
25269.0 6318.0 2.0
25333.0 6334.0 2.0
25457.0 6365.0 2.0
25457.0 6365.0 2.0
26221.0 6556.0 2.0
26797.0 6700.0 2.0
27177.0 6795.0 2.0
27561.0 6891.0 2.0
27621.0 6906.0 2.0
27981.0 6996.0 2.0
28225.0 7057.0 2.0
29505.0 7377.0 2.0
29677.0 7420.0 2.0
29949.0 7488.0 2.0
30921.0 7731.0 2.0
31253.0 7814.0 2.0
