rev2
7994037.0 1998510.0 2.0
8118441.0 2029611.0 2.0
8145825.0 2036457.0 2.0
8307141.0 2076786.0 2.0
8339605.0 2084902.0 2.0
8404581.0 2101146.0 2.0
8428753.0 2107189.0 2.0
8435277.0 2108820.0 2.0
8463009.0 2115753.0 2.0
8494853.0 2123714.0 2.0
8531977.0 2132995.0 2.0
8546433.0 2136609.0 2.0
8563945.0 2140987.0 2.0
8591905.0 2147977.0 2.0
8612173.0 2153044.0 2.0
8627061.0 2156766.0 2.0
8656133.0 2164034.0 2.0
8684429.0 2171108.0 2.0
8692429.0 2173108.0 2.0
8813325.0 2203332.0 2.0
8849833.0 2212459.0 2.0
8880293.0 2220074.0 2.0
8900493.0 2225124.0 2.0
8900817.0 2225205.0 2.0
8905249.0 2226313.0 2.0
9000085.0 2250022.0 2.0
9002377.0 2250595.0 2.0
9015017.0 2253755.0 2.0
9017469.0 2254368.0 2.0
9053193.0 2263299.0 2.0
9079377.0 2269845.0 2.0
9079485.0 2269872.0 2.0
9099153.0 2274789.0 2.0
9110677.0 2277670.0 2.0
9116869.0 2279218.0 2.0
9145513.0 2286379.0 2.0
9193801.0 2298451.0 2.0
9211441.0 2302861.0 2.0
9292965.0 2323242.0 2.0
9295357.0 2323840.0 2.0
9335449.0 2333863.0 2.0
9341209.0 2335303.0 2.0
9356305.0 2339077.0 2.0
9362677.0 2340670.0 2.0
9394409.0 2348603.0 2.0
9420513.0 2355129.0 2.0
9457969.0 2364493.0 2.0
9476745.0 2369187.0 2.0
9558977.0 2389745.0 2.0
9584345.0 2396087.0 2.0
9596209.0 2399053.0 2.0
9605385.0 2401347.0 2.0
9622473.0 2405619.0 2.0
9627877.0 2406970.0 2.0
9647385.0 2411847.0 2.0
9671249.0 2417813.0 2.0
9674889.0 2418723.0 2.0
9694529.0 2423633.0 2.0
9725573.0 2431394.0 2.0
9741629.0 2435408.0 2.0
9744545.0 2436137.0 2.0
9744825.0 2436207.0 2.0
9817381.0 2454346.0 2.0
9825213.0 2456304.0 2.0
9836261.0 2459066.0 2.0
9840453.0 2460114.0 2.0
9854457.0 2463615.0 2.0
9860093.0 2465024.0 2.0
9897357.0 2474340.0 2.0
9935317.0 2483830.0 2.0
9953357.0 2488340.0 2.0
9996901.0 2499226.0 2.0
1.0006701E7 2501676.0 2.0
1.0069005E7 2517252.0 2.0
1.0090821E7 2522706.0 2.0
1.0092809E7 2523203.0 2.0
1.0117437E7 2529360.0 2.0
1.0141101E7 2535276.0 2.0
1.0159625E7 2539907.0 2.0
1.0280841E7 2570211.0 2.0
1.0303241E7 2575811.0 2.0
1.0395733E7 2598934.0 2.0
1.0398649E7 2599663.0 2.0
1.0420829E7 2605208.0 2.0
1.0568153E7 2642039.0 2.0
1.0597349E7 2649338.0 2.0
1.0663265E7 2665817.0 2.0
1.1061697E7 2765425.0 2.0
1.1149777E7 2787445.0 2.0
1.1218093E7 2804524.0 2.0
1.1250953E7 2812739.0 2.0
1.1531461E7 2882866.0 2.0
1.1677757E7 2919440.0 2.0
1.1684601E7 2921151.0 2.0
1.1742857E7 2935715.0 2.0
1.1755645E7 2938912.0 2.0
1.1808545E7 2952137.0 2.0
1.1982589E7 2995648.0 2.0
1.2017181E7 3004296.0 2.0
1.2113145E7 3028287.0 2.0
