rev2
534521.0 13364.0 20.0
535801.0 13396.0 20.0
536681.0 13418.0 20.0
537641.0 13442.0 20.0
537881.0 13448.0 20.0
538281.0 13458.0 20.0
538681.0 13468.0 20.0
538841.0 13472.0 20.0
539321.0 13484.0 20.0
539601.0 13491.0 20.0
540081.0 13503.0 20.0
540241.0 13507.0 20.0
541121.0 13529.0 20.0
541201.0 13531.0 20.0
541321.0 13534.0 20.0
541601.0 13541.0 20.0
542001.0 13551.0 20.0
543881.0 13598.0 20.0
544961.0 13625.0 20.0
545121.0 13629.0 20.0
545401.0 13636.0 20.0
545401.0 13636.0 20.0
545841.0 13647.0 20.0
546721.0 13669.0 20.0
546881.0 13673.0 20.0
547001.0 13676.0 20.0
547761.0 13695.0 20.0
547921.0 13699.0 20.0
548641.0 13717.0 20.0
548801.0 13721.0 20.0
549161.0 13730.0 20.0
549721.0 13744.0 20.0
551041.0 13777.0 20.0
551201.0 13781.0 20.0
551961.0 13800.0 20.0
553121.0 13829.0 20.0
553441.0 13837.0 20.0
553601.0 13841.0 20.0
553601.0 13841.0 20.0
553961.0 13850.0 20.0
554241.0 13857.0 20.0
554321.0 13859.0 20.0
554441.0 13862.0 20.0
554441.0 13862.0 20.0
554761.0 13870.0 20.0
555481.0 13888.0 20.0
555521.0 13889.0 20.0
555561.0 13890.0 20.0
555841.0 13897.0 20.0
555921.0 13899.0 20.0
556241.0 13907.0 20.0
556401.0 13911.0 20.0
556441.0 13912.0 20.0
557041.0 13927.0 20.0
557521.0 13939.0 20.0
557521.0 13939.0 20.0
557641.0 13942.0 20.0
557641.0 13942.0 20.0
557801.0 13946.0 20.0
558001.0 13951.0 20.0
558241.0 13957.0 20.0
558281.0 13958.0 20.0
558281.0 13958.0 20.0
558521.0 13964.0 20.0
558641.0 13967.0 20.0
559001.0 13976.0 20.0
560241.0 14007.0 20.0
560401.0 14011.0 20.0
560521.0 14014.0 20.0
561241.0 14032.0 20.0
561481.0 14038.0 20.0
561601.0 14041.0 20.0
561601.0 14041.0 20.0
562081.0 14053.0 20.0
562441.0 14062.0 20.0
562601.0 14066.0 20.0
563441.0 14087.0 20.0
563481.0 14088.0 20.0
564001.0 14101.0 20.0
564321.0 14109.0 20.0
565721.0 14144.0 20.0
567121.0 14179.0 20.0
569241.0 14232.0 20.0
570001.0 14251.0 20.0
571361.0 14285.0 20.0
572001.0 14301.0 20.0
572481.0 14313.0 20.0
573121.0 14329.0 20.0
573241.0 14332.0 20.0
574161.0 14355.0 20.0
576121.0 14404.0 20.0
576561.0 14415.0 20.0
578481.0 14463.0 20.0
581401.0 14536.0 20.0
590001.0 14751.0 20.0
590361.0 14760.0 20.0
595001.0 14876.0 20.0
601401.0 15036.0 20.0
602681.0 15068.0 20.0
604441.0 15112.0 20.0
