rev2
1.8225881E7 455648.0 20.0
1.8303241E7 457582.0 20.0
1.8368481E7 459213.0 20.0
1.8419361E7 460485.0 20.0
1.8439241E7 460982.0 20.0
1.8441521E7 461039.0 20.0
1.8450281E7 461258.0 20.0
1.8467921E7 461699.0 20.0
1.8519761E7 462995.0 20.0
1.8533481E7 463338.0 20.0
1.8545521E7 463639.0 20.0
1.8550521E7 463764.0 20.0
1.8555081E7 463878.0 20.0
1.8562001E7 464051.0 20.0
1.8562001E7 464051.0 20.0
1.8590241E7 464757.0 20.0
1.8616041E7 465402.0 20.0
1.8632881E7 465823.0 20.0
1.8635441E7 465887.0 20.0
1.8665681E7 466643.0 20.0
1.8673681E7 466843.0 20.0
1.8689241E7 467232.0 20.0
1.8700321E7 467509.0 20.0
1.8704361E7 467610.0 20.0
1.8710081E7 467753.0 20.0
1.8711641E7 467792.0 20.0
1.8722041E7 468052.0 20.0
1.8725001E7 468126.0 20.0
1.8742641E7 468567.0 20.0
1.8753601E7 468841.0 20.0
1.8784881E7 469623.0 20.0
1.8794641E7 469867.0 20.0
1.8802481E7 470063.0 20.0
1.8807281E7 470183.0 20.0
1.8811921E7 470299.0 20.0
1.8812721E7 470319.0 20.0
1.8819321E7 470484.0 20.0
1.8820121E7 470504.0 20.0
1.8830961E7 470775.0 20.0
1.8836921E7 470924.0 20.0
1.8846681E7 471168.0 20.0
1.8849521E7 471239.0 20.0
1.8855321E7 471384.0 20.0
1.8860161E7 471505.0 20.0
1.8888521E7 472214.0 20.0
1.8916041E7 472902.0 20.0
1.8923961E7 473100.0 20.0
1.8936201E7 473406.0 20.0
1.8947161E7 473680.0 20.0
1.8961881E7 474048.0 20.0
1.8964961E7 474125.0 20.0
1.8974561E7 474365.0 20.0
1.8978321E7 474459.0 20.0
1.8986081E7 474653.0 20.0
1.8993241E7 474832.0 20.0
1.8994481E7 474863.0 20.0
1.9003201E7 475081.0 20.0
1.9004881E7 475123.0 20.0
1.9019881E7 475498.0 20.0
1.9028161E7 475705.0 20.0
1.9037881E7 475948.0 20.0
1.9100401E7 477511.0 20.0
1.9115081E7 477878.0 20.0
1.9135241E7 478382.0 20.0
1.9137961E7 478450.0 20.0
1.9153761E7 478845.0 20.0
1.9165081E7 479128.0 20.0
1.9170401E7 479261.0 20.0
1.9186521E7 479664.0 20.0
1.9204401E7 480111.0 20.0
1.9206041E7 480152.0 20.0
1.9218481E7 480463.0 20.0
1.9227201E7 480681.0 20.0
1.9264681E7 481618.0 20.0
1.9293281E7 482333.0 20.0
1.9321201E7 483031.0 20.0
1.9328761E7 483220.0 20.0
1.9353041E7 483827.0 20.0
1.9354481E7 483863.0 20.0
1.9359721E7 483994.0 20.0
1.9378161E7 484455.0 20.0
1.9392121E7 484804.0 20.0
1.9392361E7 484810.0 20.0
1.9395641E7 484892.0 20.0
1.9479161E7 486980.0 20.0
1.9480121E7 487004.0 20.0
1.9512361E7 487810.0 20.0
1.9528401E7 488211.0 20.0
1.9543441E7 488587.0 20.0
1.9636721E7 490919.0 20.0
1.9680921E7 492024.0 20.0
1.9695201E7 492381.0 20.0
1.9717041E7 492927.0 20.0
1.9958161E7 498955.0 20.0
1.9991601E7 499791.0 20.0
2.0024081E7 500603.0 20.0
2.0165121E7 504129.0 20.0
2.0322521E7 508064.0 20.0
2.0390281E7 509758.0 20.0
2.1750441E7 543762.0 20.0
