rev2
14521.0 364.0 20.0
14681.0 368.0 20.0
14961.0 375.0 20.0
15121.0 379.0 20.0
15161.0 380.0 20.0
15161.0 380.0 20.0
15201.0 381.0 20.0
15241.0 382.0 20.0
15281.0 383.0 20.0
15281.0 383.0 20.0
15281.0 383.0 20.0
15361.0 385.0 20.0
15401.0 386.0 20.0
15401.0 386.0 20.0
15401.0 386.0 20.0
15441.0 387.0 20.0
15481.0 388.0 20.0
15481.0 388.0 20.0
15481.0 388.0 20.0
15561.0 390.0 20.0
15561.0 390.0 20.0
15561.0 390.0 20.0
15601.0 391.0 20.0
15641.0 392.0 20.0
15641.0 392.0 20.0
15641.0 392.0 20.0
15681.0 393.0 20.0
15681.0 393.0 20.0
15681.0 393.0 20.0
15681.0 393.0 20.0
15721.0 394.0 20.0
15721.0 394.0 20.0
15761.0 395.0 20.0
15801.0 396.0 20.0
15801.0 396.0 20.0
15801.0 396.0 20.0
15801.0 396.0 20.0
15841.0 397.0 20.0
15841.0 397.0 20.0
15841.0 397.0 20.0
15841.0 397.0 20.0
15921.0 399.0 20.0
16041.0 402.0 20.0
16041.0 402.0 20.0
16041.0 402.0 20.0
16081.0 403.0 20.0
16121.0 404.0 20.0
16121.0 404.0 20.0
16121.0 404.0 20.0
16121.0 404.0 20.0
16161.0 405.0 20.0
16161.0 405.0 20.0
16161.0 405.0 20.0
16201.0 406.0 20.0
16201.0 406.0 20.0
16201.0 406.0 20.0
16201.0 406.0 20.0
16201.0 406.0 20.0
16241.0 407.0 20.0
16281.0 408.0 20.0
16281.0 408.0 20.0
16321.0 409.0 20.0
16361.0 410.0 20.0
16361.0 410.0 20.0
16361.0 410.0 20.0
16361.0 410.0 20.0
16441.0 412.0 20.0
16481.0 413.0 20.0
16481.0 413.0 20.0
16601.0 416.0 20.0
16601.0 416.0 20.0
16601.0 416.0 20.0
16601.0 416.0 20.0
16641.0 417.0 20.0
16681.0 418.0 20.0
16721.0 419.0 20.0
16721.0 419.0 20.0
16761.0 420.0 20.0
16761.0 420.0 20.0
16841.0 422.0 20.0
16921.0 424.0 20.0
16921.0 424.0 20.0
16961.0 425.0 20.0
16961.0 425.0 20.0
17041.0 427.0 20.0
17041.0 427.0 20.0
17161.0 430.0 20.0
17321.0 434.0 20.0
17361.0 435.0 20.0
17361.0 435.0 20.0
17441.0 437.0 20.0
17561.0 440.0 20.0
17641.0 442.0 20.0
17721.0 444.0 20.0
17801.0 446.0 20.0
17841.0 447.0 20.0
18001.0 451.0 20.0
18041.0 452.0 20.0
18121.0 454.0 20.0
18401.0 461.0 20.0
