rev4
281.0 8.0 20.0
281.0 8.0 20.0
281.0 8.0 20.0
281.0 8.0 20.0
281.0 8.0 20.0
281.0 8.0 20.0
281.0 8.0 20.0
281.0 8.0 20.0
281.0 8.0 20.0
281.0 8.0 20.0
321.0 9.0 20.0
321.0 9.0 20.0
321.0 9.0 20.0
321.0 9.0 20.0
321.0 9.0 20.0
321.0 9.0 20.0
321.0 9.0 20.0
321.0 9.0 20.0
321.0 9.0 20.0
321.0 9.0 20.0
321.0 9.0 20.0
321.0 9.0 20.0
361.0 10.0 20.0
361.0 10.0 20.0
361.0 10.0 20.0
361.0 10.0 20.0
361.0 10.0 20.0
361.0 10.0 20.0
361.0 10.0 20.0
361.0 10.0 20.0
361.0 10.0 20.0
361.0 10.0 20.0
361.0 10.0 20.0
361.0 10.0 20.0
361.0 10.0 20.0
361.0 10.0 20.0
361.0 10.0 20.0
401.0 11.0 20.0
401.0 11.0 20.0
401.0 11.0 20.0
401.0 11.0 20.0
401.0 11.0 20.0
401.0 11.0 20.0
401.0 11.0 20.0
401.0 11.0 20.0
401.0 11.0 20.0
401.0 11.0 20.0
401.0 11.0 20.0
401.0 11.0 20.0
401.0 11.0 20.0
401.0 11.0 20.0
401.0 11.0 20.0
441.0 12.0 20.0
441.0 12.0 20.0
441.0 12.0 20.0
441.0 12.0 20.0
441.0 12.0 20.0
441.0 12.0 20.0
441.0 12.0 20.0
441.0 12.0 20.0
441.0 12.0 20.0
441.0 12.0 20.0
441.0 12.0 20.0
441.0 12.0 20.0
441.0 12.0 20.0
441.0 12.0 20.0
441.0 12.0 20.0
441.0 12.0 20.0
441.0 12.0 20.0
441.0 12.0 20.0
441.0 12.0 20.0
441.0 12.0 20.0
441.0 12.0 20.0
441.0 12.0 20.0
481.0 13.0 20.0
481.0 13.0 20.0
481.0 13.0 20.0
481.0 13.0 20.0
481.0 13.0 20.0
481.0 13.0 20.0
481.0 13.0 20.0
481.0 13.0 20.0
481.0 13.0 20.0
481.0 13.0 20.0
481.0 13.0 20.0
521.0 14.0 20.0
521.0 14.0 20.0
521.0 14.0 20.0
521.0 14.0 20.0
521.0 14.0 20.0
521.0 14.0 20.0
561.0 15.0 20.0
561.0 15.0 20.0
561.0 15.0 20.0
561.0 15.0 20.0
561.0 15.0 20.0
601.0 16.0 20.0
601.0 16.0 20.0
601.0 16.0 20.0
641.0 17.0 20.0
