rev2
4420561.0 110515.0 20.0
4448481.0 111213.0 20.0
4465801.0 111646.0 20.0
4468121.0 111704.0 20.0
4490361.0 112260.0 20.0
4496521.0 112414.0 20.0
4499121.0 112479.0 20.0
4504041.0 112602.0 20.0
4506721.0 112669.0 20.0
4507841.0 112697.0 20.0
4509281.0 112733.0 20.0
4510761.0 112770.0 20.0
4512121.0 112804.0 20.0
4521201.0 113031.0 20.0
4521721.0 113044.0 20.0
4522081.0 113053.0 20.0
4536041.0 113402.0 20.0
4538601.0 113466.0 20.0
4548601.0 113716.0 20.0
4552441.0 113812.0 20.0
4555401.0 113886.0 20.0
4555641.0 113892.0 20.0
4556681.0 113918.0 20.0
4561721.0 114044.0 20.0
4563681.0 114093.0 20.0
4564881.0 114123.0 20.0
4566081.0 114153.0 20.0
4571441.0 114287.0 20.0
4572001.0 114301.0 20.0
4576241.0 114407.0 20.0
4577641.0 114442.0 20.0
4579961.0 114500.0 20.0
4584241.0 114607.0 20.0
4584601.0 114616.0 20.0
4585081.0 114628.0 20.0
4586841.0 114672.0 20.0
4590441.0 114762.0 20.0
4591441.0 114787.0 20.0
4592441.0 114812.0 20.0
4595721.0 114894.0 20.0
4601081.0 115028.0 20.0
4607401.0 115186.0 20.0
4607561.0 115190.0 20.0
4607721.0 115194.0 20.0
4610121.0 115254.0 20.0
4611521.0 115289.0 20.0
4614961.0 115375.0 20.0
4616001.0 115401.0 20.0
4624201.0 115606.0 20.0
4624561.0 115615.0 20.0
4630161.0 115755.0 20.0
4630961.0 115775.0 20.0
4632281.0 115808.0 20.0
4632921.0 115824.0 20.0
4638321.0 115959.0 20.0
4641081.0 116028.0 20.0
4642921.0 116074.0 20.0
4643041.0 116077.0 20.0
4647121.0 116179.0 20.0
4648681.0 116218.0 20.0
4652601.0 116316.0 20.0
4659281.0 116483.0 20.0
4659921.0 116499.0 20.0
4663281.0 116583.0 20.0
4666121.0 116654.0 20.0
4672001.0 116801.0 20.0
4677401.0 116936.0 20.0
4678201.0 116956.0 20.0
4685921.0 117149.0 20.0
4689081.0 117228.0 20.0
4689161.0 117230.0 20.0
4702481.0 117563.0 20.0
4703761.0 117595.0 20.0
4703921.0 117599.0 20.0
4707961.0 117700.0 20.0
4710401.0 117761.0 20.0
4716521.0 117914.0 20.0
4717921.0 117949.0 20.0
4721601.0 118041.0 20.0
4727361.0 118185.0 20.0
4728001.0 118201.0 20.0
4731841.0 118297.0 20.0
4733521.0 118339.0 20.0
4734121.0 118354.0 20.0
4752721.0 118819.0 20.0
4766881.0 119173.0 20.0
4767041.0 119177.0 20.0
4769601.0 119241.0 20.0
4769681.0 119243.0 20.0
4772201.0 119306.0 20.0
4781721.0 119544.0 20.0
4782561.0 119565.0 20.0
4782961.0 119575.0 20.0
4787601.0 119691.0 20.0
4805841.0 120147.0 20.0
4813321.0 120334.0 20.0
4814041.0 120352.0 20.0
4816921.0 120424.0 20.0
4853321.0 121334.0 20.0
4885681.0 122143.0 20.0
