rev2
721.0 19.0 20.0
761.0 20.0 20.0
761.0 20.0 20.0
801.0 21.0 20.0
801.0 21.0 20.0
801.0 21.0 20.0
801.0 21.0 20.0
801.0 21.0 20.0
841.0 22.0 20.0
841.0 22.0 20.0
841.0 22.0 20.0
841.0 22.0 20.0
841.0 22.0 20.0
881.0 23.0 20.0
881.0 23.0 20.0
881.0 23.0 20.0
881.0 23.0 20.0
881.0 23.0 20.0
881.0 23.0 20.0
921.0 24.0 20.0
921.0 24.0 20.0
921.0 24.0 20.0
921.0 24.0 20.0
921.0 24.0 20.0
921.0 24.0 20.0
921.0 24.0 20.0
921.0 24.0 20.0
961.0 25.0 20.0
961.0 25.0 20.0
961.0 25.0 20.0
961.0 25.0 20.0
961.0 25.0 20.0
961.0 25.0 20.0
961.0 25.0 20.0
961.0 25.0 20.0
961.0 25.0 20.0
961.0 25.0 20.0
961.0 25.0 20.0
961.0 25.0 20.0
961.0 25.0 20.0
961.0 25.0 20.0
961.0 25.0 20.0
1001.0 26.0 20.0
1001.0 26.0 20.0
1001.0 26.0 20.0
1001.0 26.0 20.0
1001.0 26.0 20.0
1001.0 26.0 20.0
1001.0 26.0 20.0
1001.0 26.0 20.0
1001.0 26.0 20.0
1001.0 26.0 20.0
1001.0 26.0 20.0
1041.0 27.0 20.0
1041.0 27.0 20.0
1041.0 27.0 20.0
1041.0 27.0 20.0
1081.0 28.0 20.0
1081.0 28.0 20.0
1081.0 28.0 20.0
1081.0 28.0 20.0
1081.0 28.0 20.0
1081.0 28.0 20.0
1081.0 28.0 20.0
1081.0 28.0 20.0
1121.0 29.0 20.0
1121.0 29.0 20.0
1121.0 29.0 20.0
1121.0 29.0 20.0
1121.0 29.0 20.0
1121.0 29.0 20.0
1121.0 29.0 20.0
1121.0 29.0 20.0
1121.0 29.0 20.0
1121.0 29.0 20.0
1121.0 29.0 20.0
1161.0 30.0 20.0
1161.0 30.0 20.0
1161.0 30.0 20.0
1161.0 30.0 20.0
1161.0 30.0 20.0
1201.0 31.0 20.0
1201.0 31.0 20.0
1241.0 32.0 20.0
1241.0 32.0 20.0
1241.0 32.0 20.0
1241.0 32.0 20.0
1241.0 32.0 20.0
1241.0 32.0 20.0
1281.0 33.0 20.0
1281.0 33.0 20.0
1281.0 33.0 20.0
1281.0 33.0 20.0
1361.0 35.0 20.0
1401.0 36.0 20.0
1401.0 36.0 20.0
1401.0 36.0 20.0
1401.0 36.0 20.0
1441.0 37.0 20.0
1481.0 38.0 20.0
