rev4
95081.0 2378.0 20.0
96121.0 2404.0 20.0
96641.0 2417.0 20.0
96881.0 2423.0 20.0
96881.0 2423.0 20.0
97041.0 2427.0 20.0
97161.0 2430.0 20.0
97201.0 2431.0 20.0
97561.0 2440.0 20.0
97601.0 2441.0 20.0
97601.0 2441.0 20.0
97721.0 2444.0 20.0
97761.0 2445.0 20.0
97801.0 2446.0 20.0
97921.0 2449.0 20.0
97961.0 2450.0 20.0
98081.0 2453.0 20.0
98081.0 2453.0 20.0
98081.0 2453.0 20.0
98121.0 2454.0 20.0
98161.0 2455.0 20.0
98201.0 2456.0 20.0
98241.0 2457.0 20.0
98321.0 2459.0 20.0
98401.0 2461.0 20.0
98481.0 2463.0 20.0
98481.0 2463.0 20.0
98521.0 2464.0 20.0
98681.0 2468.0 20.0
98681.0 2468.0 20.0
98721.0 2469.0 20.0
98881.0 2473.0 20.0
98961.0 2475.0 20.0
99001.0 2476.0 20.0
99081.0 2478.0 20.0
99241.0 2482.0 20.0
99481.0 2488.0 20.0
99601.0 2491.0 20.0
99681.0 2493.0 20.0
99721.0 2494.0 20.0
99801.0 2496.0 20.0
99801.0 2496.0 20.0
99841.0 2497.0 20.0
99961.0 2500.0 20.0
99961.0 2500.0 20.0
100001.0 2501.0 20.0
100041.0 2502.0 20.0
100241.0 2507.0 20.0
100321.0 2509.0 20.0
100321.0 2509.0 20.0
100401.0 2511.0 20.0
100481.0 2513.0 20.0
100481.0 2513.0 20.0
100561.0 2515.0 20.0
100641.0 2517.0 20.0
100761.0 2520.0 20.0
100841.0 2522.0 20.0
100921.0 2524.0 20.0
100961.0 2525.0 20.0
101001.0 2526.0 20.0
101001.0 2526.0 20.0
101121.0 2529.0 20.0
101241.0 2532.0 20.0
101321.0 2534.0 20.0
101401.0 2536.0 20.0
101401.0 2536.0 20.0
101521.0 2539.0 20.0
101561.0 2540.0 20.0
101561.0 2540.0 20.0
101681.0 2543.0 20.0
101801.0 2546.0 20.0
101841.0 2547.0 20.0
101921.0 2549.0 20.0
101961.0 2550.0 20.0
101961.0 2550.0 20.0
102241.0 2557.0 20.0
102281.0 2558.0 20.0
102281.0 2558.0 20.0
102321.0 2559.0 20.0
102521.0 2564.0 20.0
102601.0 2566.0 20.0
102601.0 2566.0 20.0
102681.0 2568.0 20.0
102721.0 2569.0 20.0
102881.0 2573.0 20.0
102921.0 2574.0 20.0
102961.0 2575.0 20.0
103201.0 2581.0 20.0
103561.0 2590.0 20.0
103601.0 2591.0 20.0
103921.0 2599.0 20.0
103961.0 2600.0 20.0
104001.0 2601.0 20.0
104401.0 2611.0 20.0
104401.0 2611.0 20.0
104521.0 2614.0 20.0
104521.0 2614.0 20.0
105521.0 2639.0 20.0
106401.0 2661.0 20.0
107921.0 2699.0 20.0
