rev2
161.0 5.0 20.0
161.0 5.0 20.0
193.0 6.0 20.0
193.0 6.0 20.0
193.0 6.0 20.0
193.0 6.0 20.0
201.0 6.0 20.0
201.0 6.0 20.0
201.0 6.0 20.0
201.0 6.0 20.0
201.0 6.0 20.0
225.0 7.0 20.0
233.0 7.0 20.0
233.0 7.0 20.0
241.0 7.0 20.0
241.0 7.0 20.0
257.0 8.0 20.0
265.0 8.0 20.0
265.0 8.0 20.0
265.0 8.0 20.0
265.0 8.0 20.0
273.0 8.0 20.0
273.0 8.0 20.0
273.0 8.0 20.0
273.0 8.0 20.0
273.0 8.0 20.0
273.0 8.0 20.0
281.0 8.0 20.0
281.0 8.0 20.0
281.0 8.0 20.0
281.0 8.0 20.0
297.0 9.0 20.0
297.0 9.0 20.0
305.0 9.0 20.0
305.0 9.0 20.0
305.0 9.0 20.0
313.0 9.0 20.0
313.0 9.0 20.0
313.0 9.0 20.0
313.0 9.0 20.0
313.0 9.0 20.0
313.0 9.0 20.0
321.0 9.0 20.0
321.0 9.0 20.0
321.0 9.0 20.0
329.0 10.0 20.0
337.0 10.0 20.0
337.0 10.0 20.0
337.0 10.0 20.0
345.0 10.0 20.0
345.0 10.0 20.0
345.0 10.0 20.0
345.0 10.0 20.0
345.0 10.0 20.0
353.0 10.0 20.0
353.0 10.0 20.0
361.0 10.0 20.0
369.0 11.0 20.0
369.0 11.0 20.0
369.0 11.0 20.0
369.0 11.0 20.0
377.0 11.0 20.0
377.0 11.0 20.0
377.0 11.0 20.0
385.0 11.0 20.0
385.0 11.0 20.0
385.0 12.0 20.0
385.0 11.0 20.0
385.0 11.0 20.0
393.0 12.0 20.0
393.0 12.0 20.0
393.0 12.0 20.0
401.0 12.0 20.0
401.0 12.0 20.0
409.0 12.0 20.0
409.0 12.0 20.0
417.0 12.0 20.0
417.0 12.0 20.0
425.0 12.0 20.0
433.0 13.0 20.0
433.0 13.0 20.0
433.0 13.0 20.0
449.0 13.0 20.0
449.0 13.0 20.0
457.0 13.0 20.0
457.0 13.0 20.0
473.0 14.0 20.0
473.0 14.0 20.0
481.0 14.0 20.0
497.0 14.0 20.0
513.0 15.0 20.0
529.0 16.0 20.0
529.0 16.0 20.0
537.0 16.0 20.0
537.0 16.0 20.0
545.0 16.0 20.0
545.0 16.0 20.0
601.0 18.0 20.0
641.0 19.0 20.0
809.0 25.0 20.0
