rev2
1083761.0 27095.0 20.0
1085401.0 27136.0 20.0
1087921.0 27199.0 20.0
1092001.0 27301.0 20.0
1095041.0 27377.0 20.0
1095761.0 27395.0 20.0
1095881.0 27398.0 20.0
1096921.0 27424.0 20.0
1099601.0 27491.0 20.0
1099761.0 27495.0 20.0
1100241.0 27507.0 20.0
1101161.0 27530.0 20.0
1102761.0 27570.0 20.0
1102881.0 27573.0 20.0
1103281.0 27583.0 20.0
1103961.0 27600.0 20.0
1104441.0 27612.0 20.0
1106361.0 27660.0 20.0
1106561.0 27665.0 20.0
1107881.0 27698.0 20.0
1108321.0 27709.0 20.0
1108801.0 27721.0 20.0
1109121.0 27729.0 20.0
1109441.0 27737.0 20.0
1109801.0 27746.0 20.0
1109881.0 27748.0 20.0
1112481.0 27813.0 20.0
1113321.0 27834.0 20.0
1113401.0 27836.0 20.0
1114001.0 27851.0 20.0
1114201.0 27856.0 20.0
1114441.0 27862.0 20.0
1115161.0 27880.0 20.0
1115481.0 27888.0 20.0
1116681.0 27918.0 20.0
1117721.0 27944.0 20.0
1117881.0 27948.0 20.0
1118361.0 27960.0 20.0
1118601.0 27966.0 20.0
1118921.0 27974.0 20.0
1119121.0 27979.0 20.0
1119961.0 28000.0 20.0
1120681.0 28018.0 20.0
1121561.0 28040.0 20.0
1121841.0 28047.0 20.0
1124201.0 28106.0 20.0
1124241.0 28107.0 20.0
1124401.0 28111.0 20.0
1124521.0 28114.0 20.0
1124641.0 28117.0 20.0
1125001.0 28126.0 20.0
1125041.0 28127.0 20.0
1125601.0 28141.0 20.0
1125841.0 28147.0 20.0
1125961.0 28150.0 20.0
1126001.0 28151.0 20.0
1126001.0 28151.0 20.0
1126481.0 28163.0 20.0
1126721.0 28169.0 20.0
1127121.0 28179.0 20.0
1128001.0 28201.0 20.0
1128681.0 28218.0 20.0
1130041.0 28252.0 20.0
1131001.0 28276.0 20.0
1131601.0 28291.0 20.0
1133161.0 28330.0 20.0
1133401.0 28336.0 20.0
1134041.0 28352.0 20.0
1134201.0 28356.0 20.0
1134241.0 28357.0 20.0
1135601.0 28391.0 20.0
1136481.0 28413.0 20.0
1141561.0 28540.0 20.0
1142081.0 28553.0 20.0
1143961.0 28600.0 20.0
1144121.0 28604.0 20.0
1144401.0 28611.0 20.0
1144401.0 28611.0 20.0
1147161.0 28680.0 20.0
1147921.0 28699.0 20.0
1148281.0 28708.0 20.0
1150121.0 28754.0 20.0
1150361.0 28760.0 20.0
1151081.0 28778.0 20.0
1152281.0 28808.0 20.0
1152921.0 28824.0 20.0
1153121.0 28829.0 20.0
1159121.0 28979.0 20.0
1159161.0 28980.0 20.0
1160201.0 29006.0 20.0
1161761.0 29045.0 20.0
1170361.0 29260.0 20.0
1171241.0 29282.0 20.0
1171361.0 29285.0 20.0
1178081.0 29453.0 20.0
1178321.0 29459.0 20.0
1182681.0 29568.0 20.0
1211241.0 30282.0 20.0
1213681.0 30343.0 20.0
1255721.0 31394.0 20.0
