rev2
2202641.0 55067.0 20.0
2203801.0 55096.0 20.0
2204041.0 55102.0 20.0
2207881.0 55198.0 20.0
2224681.0 55618.0 20.0
2225521.0 55639.0 20.0
2230081.0 55753.0 20.0
2234201.0 55856.0 20.0
2234481.0 55863.0 20.0
2236481.0 55913.0 20.0
2236561.0 55915.0 20.0
2238161.0 55955.0 20.0
2238601.0 55966.0 20.0
2243601.0 56091.0 20.0
2248241.0 56207.0 20.0
2248401.0 56211.0 20.0
2249121.0 56229.0 20.0
2249441.0 56237.0 20.0
2250681.0 56268.0 20.0
2252241.0 56307.0 20.0
2253481.0 56338.0 20.0
2253481.0 56338.0 20.0
2253641.0 56342.0 20.0
2256921.0 56424.0 20.0
2257041.0 56427.0 20.0
2259281.0 56483.0 20.0
2259601.0 56491.0 20.0
2260401.0 56511.0 20.0
2261161.0 56530.0 20.0
2261361.0 56535.0 20.0
2261761.0 56545.0 20.0
2261921.0 56549.0 20.0
2262481.0 56563.0 20.0
2263041.0 56577.0 20.0
2265361.0 56635.0 20.0
2268401.0 56711.0 20.0
2268561.0 56715.0 20.0
2270481.0 56763.0 20.0
2270721.0 56769.0 20.0
2273561.0 56840.0 20.0
2278321.0 56959.0 20.0
2278441.0 56962.0 20.0
2279561.0 56990.0 20.0
2280881.0 57023.0 20.0
2283321.0 57084.0 20.0
2283561.0 57090.0 20.0
2284161.0 57105.0 20.0
2284441.0 57112.0 20.0
2287841.0 57197.0 20.0
2288521.0 57214.0 20.0
2291361.0 57285.0 20.0
2292441.0 57312.0 20.0
2293161.0 57330.0 20.0
2293441.0 57337.0 20.0
2293681.0 57343.0 20.0
2295961.0 57400.0 20.0
2299201.0 57481.0 20.0
2299281.0 57483.0 20.0
2301521.0 57539.0 20.0
2301721.0 57544.0 20.0
2303921.0 57599.0 20.0
2304641.0 57617.0 20.0
2305121.0 57629.0 20.0
2305161.0 57630.0 20.0
2305481.0 57638.0 20.0
2306001.0 57651.0 20.0
2306121.0 57654.0 20.0
2306281.0 57658.0 20.0
2309281.0 57733.0 20.0
2310681.0 57768.0 20.0
2310721.0 57769.0 20.0
2311841.0 57797.0 20.0
2313841.0 57847.0 20.0
2314801.0 57871.0 20.0
2316441.0 57912.0 20.0
2318281.0 57958.0 20.0
2321961.0 58050.0 20.0
2322121.0 58054.0 20.0
2322481.0 58063.0 20.0
2322961.0 58075.0 20.0
2323721.0 58094.0 20.0
2325321.0 58134.0 20.0
2333641.0 58342.0 20.0
2334321.0 58359.0 20.0
2335481.0 58388.0 20.0
2336401.0 58411.0 20.0
2340241.0 58507.0 20.0
2344401.0 58611.0 20.0
2345001.0 58626.0 20.0
2350241.0 58757.0 20.0
2356921.0 58924.0 20.0
2359921.0 58999.0 20.0
2360201.0 59006.0 20.0
2362681.0 59068.0 20.0
2365001.0 59126.0 20.0
2369121.0 59229.0 20.0
2373121.0 59329.0 20.0
2403881.0 60098.0 20.0
2408281.0 60208.0 20.0
2413921.0 60349.0 20.0
