rev2
7.5346321E7 1883659.0 20.0
7.5550441E7 1888762.0 20.0
7.5903441E7 1897587.0 20.0
7.5956801E7 1898921.0 20.0
7.6033561E7 1900840.0 20.0
7.6053121E7 1901329.0 20.0
7.6057241E7 1901432.0 20.0
7.6069881E7 1901748.0 20.0
7.6111561E7 1902790.0 20.0
7.6166561E7 1904165.0 20.0
7.6200881E7 1905023.0 20.0
7.6215641E7 1905392.0 20.0
7.6353601E7 1908841.0 20.0
7.6498121E7 1912454.0 20.0
7.6511361E7 1912785.0 20.0
7.6558841E7 1913972.0 20.0
7.6592441E7 1914812.0 20.0
7.6775641E7 1919392.0 20.0
7.6781001E7 1919526.0 20.0
7.6847121E7 1921179.0 20.0
7.6853641E7 1921342.0 20.0
7.6876801E7 1921921.0 20.0
7.6937201E7 1923431.0 20.0
7.6943921E7 1923599.0 20.0
7.6961001E7 1924026.0 20.0
7.6987281E7 1924683.0 20.0
7.6988161E7 1924705.0 20.0
7.7014881E7 1925373.0 20.0
7.7021121E7 1925529.0 20.0
7.7173001E7 1929326.0 20.0
7.7176841E7 1929422.0 20.0
7.7201561E7 1930040.0 20.0
7.7211881E7 1930298.0 20.0
7.7238601E7 1930966.0 20.0
7.7266681E7 1931668.0 20.0
7.7271881E7 1931798.0 20.0
7.7302081E7 1932553.0 20.0
7.7331961E7 1933300.0 20.0
7.7348361E7 1933710.0 20.0
7.7434921E7 1935874.0 20.0
7.7465681E7 1936643.0 20.0
7.7494801E7 1937371.0 20.0
7.7567521E7 1939189.0 20.0
7.7591761E7 1939795.0 20.0
7.7607121E7 1940179.0 20.0
7.7618001E7 1940451.0 20.0
7.7679161E7 1941980.0 20.0
7.7713961E7 1942850.0 20.0
7.7785161E7 1944630.0 20.0
7.7807041E7 1945177.0 20.0
7.7853121E7 1946329.0 20.0
7.7885321E7 1947134.0 20.0
7.7918961E7 1947975.0 20.0
7.8021801E7 1950546.0 20.0
7.8056601E7 1951416.0 20.0
7.8057321E7 1951434.0 20.0
7.8086521E7 1952164.0 20.0
7.8137161E7 1953430.0 20.0
7.8238721E7 1955969.0 20.0
7.8299801E7 1957496.0 20.0
7.8408161E7 1960205.0 20.0
7.8657281E7 1966433.0 20.0
7.8678041E7 1966952.0 20.0
7.8678201E7 1966956.0 20.0
7.8822721E7 1970569.0 20.0
7.8842841E7 1971072.0 20.0
7.8865321E7 1971634.0 20.0
7.8900641E7 1972517.0 20.0
7.8916201E7 1972906.0 20.0
7.8940361E7 1973510.0 20.0
7.9141961E7 1978550.0 20.0
7.9162761E7 1979070.0 20.0
7.9171561E7 1979290.0 20.0
7.9314481E7 1982863.0 20.0
7.9324041E7 1983102.0 20.0
7.9384681E7 1984618.0 20.0
7.9461881E7 1986548.0 20.0
7.9490161E7 1987255.0 20.0
7.9540801E7 1988521.0 20.0
7.9642841E7 1991072.0 20.0
7.9653641E7 1991342.0 20.0
7.9723401E7 1993086.0 20.0
7.9731681E7 1993293.0 20.0
7.9779441E7 1994487.0 20.0
7.9828681E7 1995718.0 20.0
7.9882801E7 1997071.0 20.0
7.9973961E7 1999350.0 20.0
8.0104761E7 2002620.0 20.0
8.0116281E7 2002908.0 20.0
8.0278041E7 2006952.0 20.0
8.0318441E7 2007962.0 20.0
8.0462921E7 2011574.0 20.0
8.0767521E7 2019189.0 20.0
8.0788241E7 2019707.0 20.0
8.0957681E7 2023943.0 20.0
8.1292521E7 2032314.0 20.0
8.2400761E7 2060020.0 20.0
8.3145681E7 2078643.0 20.0
8.3756681E7 2093918.0 20.0
8.4127681E7 2103193.0 20.0
