rev4
6627761.0 165695.0 20.0
6701801.0 167546.0 20.0
6701961.0 167550.0 20.0
6732281.0 168308.0 20.0
6738881.0 168473.0 20.0
6745041.0 168627.0 20.0
6752081.0 168803.0 20.0
6752121.0 168804.0 20.0
6755121.0 168879.0 20.0
6761801.0 169046.0 20.0
6762201.0 169056.0 20.0
6767641.0 169192.0 20.0
6770599.0 169266.0 20.0
6779241.0 169482.0 20.0
6781561.0 169540.0 20.0
6782521.0 169564.0 20.0
6784281.0 169608.0 20.0
6785161.0 169630.0 20.0
6792081.0 169803.0 20.0
6793321.0 169834.0 20.0
6803561.0 170090.0 20.0
6804601.0 170116.0 20.0
6808721.0 170219.0 20.0
6808921.0 170224.0 20.0
6809441.0 170237.0 20.0
6812441.0 170312.0 20.0
6812681.0 170318.0 20.0
6815941.0 170400.0 20.0
6818641.0 170467.0 20.0
6819161.0 170480.0 20.0
6819961.0 170500.0 20.0
6824441.0 170612.0 20.0
6825759.0 170645.0 20.0
6832041.0 170802.0 20.0
6834001.0 170851.0 20.0
6834841.0 170872.0 20.0
6840721.0 171019.0 20.0
6846281.0 171158.0 20.0
6847101.0 171179.0 20.0
6849121.0 171229.0 20.0
6851521.0 171289.0 20.0
6851561.0 171290.0 20.0
6856001.0 171401.0 20.0
6865361.0 171635.0 20.0
6865481.0 171638.0 20.0
6868721.0 171719.0 20.0
6872561.0 171815.0 20.0
6879721.0 171994.0 20.0
6890481.0 172263.0 20.0
6893441.0 172337.0 20.0
6896041.0 172402.0 20.0
6896561.0 172415.0 20.0
6911401.0 172786.0 20.0
6911881.0 172798.0 20.0
6917881.0 172948.0 20.0
6921161.0 173030.0 20.0
6926641.0 173167.0 20.0
6927481.0 173188.0 20.0
6928401.0 173211.0 20.0
6940281.0 173508.0 20.0
6940440.0 173512.0 20.0
6945361.0 173635.0 20.0
6952721.0 173819.0 20.0
6953721.0 173844.0 20.0
6958841.0 173972.0 20.0
6960601.0 174016.0 20.0
6964601.0 174116.0 20.0
6964641.0 174117.0 20.0
6967681.0 174193.0 20.0
6974761.0 174370.0 20.0
6980361.0 174510.0 20.0
6981481.0 174538.0 20.0
6983121.0 174579.0 20.0
6985881.0 174648.0 20.0
6990161.0 174755.0 20.0
6990400.0 174761.0 20.0
6994841.0 174872.0 20.0
7000521.0 175014.0 20.0
7007401.0 175186.0 20.0
7018121.0 175454.0 20.0
7022881.0 175573.0 20.0
7037001.0 175926.0 20.0
7039161.0 175980.0 20.0
7042841.0 176072.0 20.0
7054161.0 176355.0 20.0
7054601.0 176366.0 20.0
7063801.0 176596.0 20.0
7065641.0 176642.0 20.0
7070401.0 176761.0 20.0
7082441.0 177062.0 20.0
7084801.0 177121.0 20.0
7094081.0 177353.0 20.0
7107801.0 177696.0 20.0
7152361.0 178810.0 20.0
7173201.0 179331.0 20.0
7181521.0 179539.0 20.0
7187041.0 179677.0 20.0
7215801.0 180396.0 20.0
7317241.0 182932.0 20.0
7488521.0 187214.0 20.0
