rev2
1.50431961E8 3760800.0 20.0
1.52344521E8 3808614.0 20.0
1.52437041E8 3810927.0 20.0
1.52703521E8 3817589.0 20.0
1.52809321E8 3820234.0 20.0
1.53138001E8 3828451.0 20.0
1.54016721E8 3850419.0 20.0
1.54039201E8 3850981.0 20.0
1.54072481E8 3851813.0 20.0
1.54119401E8 3852986.0 20.0
1.54156361E8 3853910.0 20.0
1.54253121E8 3856329.0 20.0
1.54304121E8 3857604.0 20.0
1.54313521E8 3857839.0 20.0
1.54444161E8 3861105.0 20.0
1.54539201E8 3863481.0 20.0
1.54737561E8 3868440.0 20.0
1.54811121E8 3870279.0 20.0
1.54860001E8 3871501.0 20.0
1.54919881E8 3872998.0 20.0
1.54959361E8 3873985.0 20.0
1.54960401E8 3874011.0 20.0
1.55190401E8 3879761.0 20.0
1.55206601E8 3880166.0 20.0
1.55224641E8 3880617.0 20.0
1.55243361E8 3881085.0 20.0
1.55267361E8 3881685.0 20.0
1.55331481E8 3883288.0 20.0
1.55387921E8 3884699.0 20.0
1.55417521E8 3885439.0 20.0
1.55506041E8 3887652.0 20.0
1.55741321E8 3893534.0 20.0
1.55898601E8 3897466.0 20.0
1.56047601E8 3901191.0 20.0
1.56078081E8 3901953.0 20.0
1.56134121E8 3903354.0 20.0
1.56204281E8 3905108.0 20.0
1.56291161E8 3907280.0 20.0
1.56531801E8 3913296.0 20.0
1.56545841E8 3913647.0 20.0
1.56555561E8 3913890.0 20.0
1.56574321E8 3914359.0 20.0
1.56581881E8 3914548.0 20.0
1.56705001E8 3917626.0 20.0
1.56789521E8 3919739.0 20.0
1.56973721E8 3924344.0 20.0
1.57026921E8 3925674.0 20.0
1.57136881E8 3928423.0 20.0
1.57240681E8 3931018.0 20.0
1.57297961E8 3932450.0 20.0
1.57364641E8 3934117.0 20.0
1.57398521E8 3934964.0 20.0
1.57511961E8 3937800.0 20.0
1.57521601E8 3938041.0 20.0
1.57568081E8 3939203.0 20.0
1.57695441E8 3942387.0 20.0
1.57744441E8 3943612.0 20.0
1.57891721E8 3947294.0 20.0
1.58090281E8 3952258.0 20.0
1.58171481E8 3954288.0 20.0
1.58297961E8 3957450.0 20.0
1.58315881E8 3957898.0 20.0
1.58426481E8 3960663.0 20.0
1.58510081E8 3962753.0 20.0
1.58673601E8 3966841.0 20.0
1.58681281E8 3967033.0 20.0
1.58700321E8 3967509.0 20.0
1.58706601E8 3967666.0 20.0
1.58803481E8 3970088.0 20.0
1.58862281E8 3971558.0 20.0
1.58956721E8 3973919.0 20.0
1.59102761E8 3977570.0 20.0
1.59137161E8 3978430.0 20.0
1.59317161E8 3982930.0 20.0
1.59337001E8 3983426.0 20.0
1.59542161E8 3988555.0 20.0
1.59646241E8 3991157.0 20.0
1.59754281E8 3993858.0 20.0
1.60300481E8 4007513.0 20.0
1.60523761E8 4013095.0 20.0
1.61118921E8 4027974.0 20.0
1.61215161E8 4030380.0 20.0
1.61325401E8 4033136.0 20.0
1.61337001E8 4033426.0 20.0
1.61518121E8 4037954.0 20.0
1.61541641E8 4038542.0 20.0
1.61687161E8 4042180.0 20.0
1.62179761E8 4054495.0 20.0
1.62198321E8 4054959.0 20.0
1.62394601E8 4059866.0 20.0
1.62674401E8 4066861.0 20.0
1.62710401E8 4067761.0 20.0
1.63349961E8 4083750.0 20.0
1.63872521E8 4096814.0 20.0
1.64578641E8 4114467.0 20.0
1.64952281E8 4123808.0 20.0
1.65741481E8 4143538.0 20.0
1.65784201E8 4144606.0 20.0
1.65890841E8 4147272.0 20.0
1.69440561E8 4236015.0 20.0
