rev2
7161.0 180.0 20.0
7161.0 180.0 20.0
7241.0 182.0 20.0
7321.0 184.0 20.0
7401.0 186.0 20.0
7481.0 188.0 20.0
7481.0 188.0 20.0
7521.0 189.0 20.0
7521.0 189.0 20.0
7521.0 189.0 20.0
7601.0 191.0 20.0
7601.0 191.0 20.0
7601.0 191.0 20.0
7601.0 191.0 20.0
7601.0 191.0 20.0
7681.0 193.0 20.0
7721.0 194.0 20.0
7721.0 194.0 20.0
7721.0 194.0 20.0
7761.0 195.0 20.0
7761.0 195.0 20.0
7761.0 195.0 20.0
7761.0 195.0 20.0
7801.0 196.0 20.0
7841.0 197.0 20.0
7841.0 197.0 20.0
7841.0 197.0 20.0
7841.0 197.0 20.0
7841.0 197.0 20.0
7841.0 197.0 20.0
7841.0 197.0 20.0
7841.0 197.0 20.0
7881.0 198.0 20.0
7921.0 199.0 20.0
7921.0 199.0 20.0
7921.0 199.0 20.0
7961.0 200.0 20.0
7961.0 200.0 20.0
8001.0 201.0 20.0
8001.0 201.0 20.0
8001.0 201.0 20.0
8001.0 201.0 20.0
8041.0 202.0 20.0
8041.0 202.0 20.0
8041.0 202.0 20.0
8081.0 203.0 20.0
8081.0 203.0 20.0
8081.0 203.0 20.0
8081.0 203.0 20.0
8121.0 204.0 20.0
8121.0 204.0 20.0
8121.0 204.0 20.0
8161.0 205.0 20.0
8161.0 205.0 20.0
8161.0 205.0 20.0
8201.0 206.0 20.0
8201.0 206.0 20.0
8201.0 206.0 20.0
8201.0 206.0 20.0
8241.0 207.0 20.0
8241.0 207.0 20.0
8241.0 207.0 20.0
8241.0 207.0 20.0
8281.0 208.0 20.0
8281.0 208.0 20.0
8281.0 208.0 20.0
8281.0 208.0 20.0
8321.0 209.0 20.0
8321.0 209.0 20.0
8321.0 209.0 20.0
8401.0 211.0 20.0
8401.0 211.0 20.0
8401.0 211.0 20.0
8401.0 211.0 20.0
8401.0 211.0 20.0
8441.0 212.0 20.0
8481.0 213.0 20.0
8521.0 214.0 20.0
8521.0 214.0 20.0
8561.0 215.0 20.0
8601.0 216.0 20.0
8601.0 216.0 20.0
8601.0 216.0 20.0
8641.0 217.0 20.0
8681.0 218.0 20.0
8681.0 218.0 20.0
8721.0 219.0 20.0
8721.0 219.0 20.0
8761.0 220.0 20.0
8801.0 221.0 20.0
8801.0 221.0 20.0
8801.0 221.0 20.0
8801.0 221.0 20.0
8921.0 224.0 20.0
9121.0 229.0 20.0
9121.0 229.0 20.0
9121.0 229.0 20.0
9161.0 230.0 20.0
9321.0 234.0 20.0
9321.0 234.0 20.0
