rev2
30801.0 771.0 20.0
30801.0 771.0 20.0
31081.0 778.0 20.0
31161.0 780.0 20.0
31281.0 783.0 20.0
31361.0 785.0 20.0
31401.0 786.0 20.0
31481.0 788.0 20.0
31641.0 792.0 20.0
31681.0 793.0 20.0
31721.0 794.0 20.0
31721.0 794.0 20.0
31921.0 799.0 20.0
31961.0 800.0 20.0
32001.0 801.0 20.0
32001.0 801.0 20.0
32081.0 803.0 20.0
32121.0 804.0 20.0
32281.0 808.0 20.0
32321.0 809.0 20.0
32361.0 810.0 20.0
32401.0 811.0 20.0
32401.0 811.0 20.0
32441.0 812.0 20.0
32481.0 813.0 20.0
32521.0 814.0 20.0
32521.0 814.0 20.0
32601.0 816.0 20.0
32721.0 819.0 20.0
32761.0 820.0 20.0
32801.0 821.0 20.0
32801.0 821.0 20.0
32841.0 822.0 20.0
32841.0 822.0 20.0
32841.0 822.0 20.0
32881.0 823.0 20.0
32881.0 823.0 20.0
32921.0 824.0 20.0
32921.0 824.0 20.0
32961.0 825.0 20.0
32961.0 825.0 20.0
33001.0 826.0 20.0
33001.0 826.0 20.0
33001.0 826.0 20.0
33041.0 827.0 20.0
33041.0 827.0 20.0
33081.0 828.0 20.0
33121.0 829.0 20.0
33121.0 829.0 20.0
33161.0 830.0 20.0
33161.0 830.0 20.0
33161.0 830.0 20.0
33201.0 831.0 20.0
33281.0 833.0 20.0
33281.0 833.0 20.0
33321.0 834.0 20.0
33321.0 834.0 20.0
33361.0 835.0 20.0
33361.0 835.0 20.0
33521.0 839.0 20.0
33521.0 839.0 20.0
33521.0 839.0 20.0
33561.0 840.0 20.0
33561.0 840.0 20.0
33601.0 841.0 20.0
33601.0 841.0 20.0
33641.0 842.0 20.0
33761.0 845.0 20.0
33761.0 845.0 20.0
33841.0 847.0 20.0
33841.0 847.0 20.0
33881.0 848.0 20.0
33881.0 848.0 20.0
33881.0 848.0 20.0
33921.0 849.0 20.0
33961.0 850.0 20.0
33961.0 850.0 20.0
33961.0 850.0 20.0
33961.0 850.0 20.0
34001.0 851.0 20.0
34041.0 852.0 20.0
34081.0 853.0 20.0
34121.0 854.0 20.0
34121.0 854.0 20.0
34161.0 855.0 20.0
34281.0 858.0 20.0
34361.0 860.0 20.0
34441.0 862.0 20.0
34561.0 865.0 20.0
34561.0 865.0 20.0
34601.0 866.0 20.0
34721.0 869.0 20.0
35081.0 878.0 20.0
35281.0 883.0 20.0
35361.0 885.0 20.0
35401.0 886.0 20.0
35481.0 888.0 20.0
35481.0 888.0 20.0
35801.0 896.0 20.0
36081.0 903.0 20.0
