rev2
264041.0 6602.0 20.0
264121.0 6604.0 20.0
265601.0 6641.0 20.0
265801.0 6646.0 20.0
265881.0 6648.0 20.0
265961.0 6650.0 20.0
267121.0 6679.0 20.0
267561.0 6690.0 20.0
267761.0 6695.0 20.0
268081.0 6703.0 20.0
268281.0 6708.0 20.0
268361.0 6710.0 20.0
268481.0 6713.0 20.0
269121.0 6729.0 20.0
269121.0 6729.0 20.0
269241.0 6732.0 20.0
269881.0 6748.0 20.0
269881.0 6748.0 20.0
269921.0 6749.0 20.0
270361.0 6760.0 20.0
270441.0 6762.0 20.0
270441.0 6762.0 20.0
270601.0 6766.0 20.0
270601.0 6766.0 20.0
270761.0 6770.0 20.0
271081.0 6778.0 20.0
271321.0 6784.0 20.0
271361.0 6785.0 20.0
271481.0 6788.0 20.0
271481.0 6788.0 20.0
271521.0 6789.0 20.0
271761.0 6795.0 20.0
271921.0 6799.0 20.0
272161.0 6805.0 20.0
272281.0 6808.0 20.0
272601.0 6816.0 20.0
272601.0 6816.0 20.0
272761.0 6820.0 20.0
272761.0 6820.0 20.0
272801.0 6821.0 20.0
272801.0 6821.0 20.0
272881.0 6823.0 20.0
273041.0 6827.0 20.0
273241.0 6832.0 20.0
273681.0 6843.0 20.0
274201.0 6856.0 20.0
274321.0 6859.0 20.0
274401.0 6861.0 20.0
274481.0 6863.0 20.0
274481.0 6863.0 20.0
275001.0 6876.0 20.0
275121.0 6879.0 20.0
275521.0 6889.0 20.0
275641.0 6892.0 20.0
275641.0 6892.0 20.0
275761.0 6895.0 20.0
276281.0 6908.0 20.0
276521.0 6914.0 20.0
276641.0 6917.0 20.0
276761.0 6920.0 20.0
276881.0 6923.0 20.0
277081.0 6928.0 20.0
277081.0 6928.0 20.0
277121.0 6929.0 20.0
277321.0 6934.0 20.0
277361.0 6935.0 20.0
277761.0 6945.0 20.0
277801.0 6946.0 20.0
278041.0 6952.0 20.0
278081.0 6953.0 20.0
278561.0 6965.0 20.0
278721.0 6969.0 20.0
279201.0 6981.0 20.0
279561.0 6990.0 20.0
279641.0 6992.0 20.0
280561.0 7015.0 20.0
280601.0 7016.0 20.0
280601.0 7016.0 20.0
280841.0 7022.0 20.0
280921.0 7024.0 20.0
281321.0 7034.0 20.0
281481.0 7038.0 20.0
281841.0 7047.0 20.0
282001.0 7051.0 20.0
283001.0 7076.0 20.0
284881.0 7123.0 20.0
285161.0 7130.0 20.0
285841.0 7147.0 20.0
286801.0 7171.0 20.0
286841.0 7172.0 20.0
288081.0 7203.0 20.0
288561.0 7215.0 20.0
288761.0 7220.0 20.0
289121.0 7229.0 20.0
289521.0 7239.0 20.0
290881.0 7273.0 20.0
291321.0 7284.0 20.0
292401.0 7311.0 20.0
294561.0 7365.0 20.0
297001.0 7426.0 20.0
