rev4
2.26578681E8 5664468.0 20.0
2.2771674E8 5692920.0 20.0
2.28062798E8 5701571.0 20.0
2.28824077E8 5720603.0 20.0
2.290353E8 5725884.0 20.0
2.292972E8 5732431.0 20.0
2.29321041E8 5733027.0 20.0
2.2939762E8 5734942.0 20.0
2.29509321E8 5737734.0 20.0
2.2965416E8 5741355.0 20.0
2.2985004E8 5746252.0 20.0
2.29973701E8 5749344.0 20.0
2.30185716E8 5754644.0 20.0
2.30260959E8 5756525.0 20.0
2.30287436E8 5757187.0 20.0
2.30347037E8 5758677.0 20.0
2.30458E8 5761451.0 20.0
2.30468101E8 5761704.0 20.0
2.3049916E8 5762480.0 20.0
2.30585958E8 5764650.0 20.0
2.30607361E8 5765185.0 20.0
2.30697399E8 5767436.0 20.0
2.30777241E8 5769432.0 20.0
2.30803957E8 5770100.0 20.0
2.31174721E8 5779369.0 20.0
2.31184561E8 5779615.0 20.0
2.312271E8 5780679.0 20.0
2.31259781E8 5781496.0 20.0
2.31311039E8 5782777.0 20.0
2.313989E8 5784974.0 20.0
2.31444279E8 5786108.0 20.0
2.3150776E8 5787695.0 20.0
2.31580376E8 5789511.0 20.0
2.31934441E8 5798362.0 20.0
2.31944158E8 5798605.0 20.0
2.32157681E8 5803943.0 20.0
2.32167121E8 5804179.0 20.0
2.32459719E8 5811494.0 20.0
2.324776E8 5811941.0 20.0
2.3249396E8 5812350.0 20.0
2.32494961E8 5812375.0 20.0
2.32510958E8 5812775.0 20.0
2.3255E8 5813751.0 20.0
2.32600801E8 5815021.0 20.0
2.3272532E8 5818134.0 20.0
2.32775121E8 5819379.0 20.0
2.3287594E8 5821900.0 20.0
2.32903041E8 5822577.0 20.0
2.3299252E8 5824814.0 20.0
2.3306008E8 5826504.0 20.0
2.33285881E8 5832148.0 20.0
2.33421318E8 5835534.0 20.0
2.33727261E8 5843183.0 20.0
2.34062721E8 5851569.0 20.0
2.3420448E8 5855113.0 20.0
2.34225499E8 5855639.0 20.0
2.34821776E8 5870546.0 20.0
2.3483532E8 5870884.0 20.0
2.34927341E8 5873185.0 20.0
2.34941038E8 5873527.0 20.0
2.3508544E8 5877137.0 20.0
2.3517664E8 5879417.0 20.0
2.35311838E8 5882797.0 20.0
2.35450281E8 5886258.0 20.0
2.3596452E8 5899114.0 20.0
2.361206E8 5903016.0 20.0
2.36165721E8 5904144.0 20.0
2.36325839E8 5908147.0 20.0
2.36718081E8 5917953.0 20.0
2.37061658E8 5926543.0 20.0
2.37129201E8 5928231.0 20.0
2.37499159E8 5937480.0 20.0
2.37592721E8 5939819.0 20.0
2.37615541E8 5940390.0 20.0
2.37622681E8 5940568.0 20.0
2.37703481E8 5942588.0 20.0
2.3810896E8 5952725.0 20.0
2.3855958E8 5963991.0 20.0
2.38972918E8 5974324.0 20.0
2.391152E8 5977881.0 20.0
2.3921328E8 5980333.0 20.0
2.39778276E8 5994458.0 20.0
2.4031486E8 6007873.0 20.0
2.40346799E8 6008671.0 20.0
2.40917156E8 6022931.0 20.0
2.4136072E8 6034019.0 20.0
2.42001198E8 6050031.0 20.0
2.42211921E8 6055299.0 20.0
2.42514839E8 6062872.0 20.0
2.43174518E8 6079364.0 20.0
2.4344214E8 6086055.0 20.0
2.43563199E8 6089081.0 20.0
2.43716718E8 6092919.0 20.0
2.43991038E8 6099777.0 20.0
2.44496239E8 6112407.0 20.0
2.45243677E8 6131093.0 20.0
2.46390661E8 6159768.0 20.0
2.48177299E8 6204434.0 20.0
2.52685641E8 6317142.0 20.0
2.53970939E8 6349275.0 20.0
