rev2
1561.0 40.0 20.0
1641.0 42.0 20.0
1641.0 42.0 20.0
1641.0 42.0 20.0
1681.0 43.0 20.0
1681.0 43.0 20.0
1721.0 44.0 20.0
1721.0 44.0 20.0
1761.0 45.0 20.0
1761.0 45.0 20.0
1761.0 45.0 20.0
1761.0 45.0 20.0
1761.0 45.0 20.0
1801.0 46.0 20.0
1801.0 46.0 20.0
1801.0 46.0 20.0
1801.0 46.0 20.0
1841.0 47.0 20.0
1841.0 47.0 20.0
1841.0 47.0 20.0
1841.0 47.0 20.0
1841.0 47.0 20.0
1881.0 48.0 20.0
1881.0 48.0 20.0
1881.0 48.0 20.0
1881.0 48.0 20.0
1881.0 48.0 20.0
1881.0 48.0 20.0
1881.0 48.0 20.0
1881.0 48.0 20.0
1921.0 49.0 20.0
1921.0 49.0 20.0
1921.0 49.0 20.0
1921.0 49.0 20.0
1961.0 50.0 20.0
1961.0 50.0 20.0
1961.0 50.0 20.0
1961.0 50.0 20.0
1961.0 50.0 20.0
1961.0 50.0 20.0
1961.0 50.0 20.0
1961.0 50.0 20.0
1961.0 50.0 20.0
2001.0 51.0 20.0
2001.0 51.0 20.0
2001.0 51.0 20.0
2001.0 51.0 20.0
2001.0 51.0 20.0
2001.0 51.0 20.0
2041.0 52.0 20.0
2041.0 52.0 20.0
2041.0 52.0 20.0
2041.0 52.0 20.0
2041.0 52.0 20.0
2041.0 52.0 20.0
2041.0 52.0 20.0
2041.0 52.0 20.0
2041.0 52.0 20.0
2041.0 52.0 20.0
2081.0 53.0 20.0
2081.0 53.0 20.0
2081.0 53.0 20.0
2081.0 53.0 20.0
2081.0 53.0 20.0
2081.0 53.0 20.0
2081.0 53.0 20.0
2121.0 54.0 20.0
2121.0 54.0 20.0
2121.0 54.0 20.0
2121.0 54.0 20.0
2121.0 54.0 20.0
2121.0 54.0 20.0
2121.0 54.0 20.0
2121.0 54.0 20.0
2121.0 54.0 20.0
2161.0 55.0 20.0
2161.0 55.0 20.0
2161.0 55.0 20.0
2201.0 56.0 20.0
2201.0 56.0 20.0
2201.0 56.0 20.0
2241.0 57.0 20.0
2241.0 57.0 20.0
2241.0 57.0 20.0
2241.0 57.0 20.0
2281.0 58.0 20.0
2281.0 58.0 20.0
2281.0 58.0 20.0
2281.0 58.0 20.0
2281.0 58.0 20.0
2321.0 59.0 20.0
2321.0 59.0 20.0
2321.0 59.0 20.0
2401.0 61.0 20.0
2401.0 61.0 20.0
2521.0 64.0 20.0
2561.0 65.0 20.0
2561.0 65.0 20.0
2561.0 65.0 20.0
2561.0 65.0 20.0
