rev4
2481.0 63.0 20.0
2521.0 64.0 20.0
2561.0 65.0 20.0
2561.0 65.0 20.0
2561.0 65.0 20.0
2641.0 67.0 20.0
2641.0 67.0 20.0
2641.0 67.0 20.0
2681.0 68.0 20.0
2681.0 68.0 20.0
2681.0 68.0 20.0
2721.0 69.0 20.0
2721.0 69.0 20.0
2761.0 70.0 20.0
2761.0 70.0 20.0
2761.0 70.0 20.0
2761.0 70.0 20.0
2761.0 70.0 20.0
2801.0 71.0 20.0
2801.0 71.0 20.0
2801.0 71.0 20.0
2801.0 71.0 20.0
2801.0 71.0 20.0
2801.0 71.0 20.0
2801.0 71.0 20.0
2801.0 71.0 20.0
2801.0 71.0 20.0
2841.0 72.0 20.0
2841.0 72.0 20.0
2841.0 72.0 20.0
2841.0 72.0 20.0
2841.0 72.0 20.0
2841.0 72.0 20.0
2881.0 73.0 20.0
2881.0 73.0 20.0
2921.0 74.0 20.0
2921.0 74.0 20.0
2921.0 74.0 20.0
2921.0 74.0 20.0
2921.0 74.0 20.0
2921.0 74.0 20.0
2921.0 74.0 20.0
2921.0 74.0 20.0
2921.0 74.0 20.0
2961.0 75.0 20.0
2961.0 75.0 20.0
2961.0 75.0 20.0
2961.0 75.0 20.0
2961.0 75.0 20.0
2961.0 75.0 20.0
2961.0 75.0 20.0
3001.0 76.0 20.0
3001.0 76.0 20.0
3001.0 76.0 20.0
3001.0 76.0 20.0
3001.0 76.0 20.0
3001.0 76.0 20.0
3041.0 77.0 20.0
3041.0 77.0 20.0
3041.0 77.0 20.0
3041.0 77.0 20.0
3041.0 77.0 20.0
3041.0 77.0 20.0
3041.0 77.0 20.0
3041.0 77.0 20.0
3041.0 77.0 20.0
3041.0 77.0 20.0
3081.0 78.0 20.0
3081.0 78.0 20.0
3081.0 78.0 20.0
3081.0 78.0 20.0
3081.0 78.0 20.0
3081.0 78.0 20.0
3081.0 78.0 20.0
3081.0 78.0 20.0
3081.0 78.0 20.0
3081.0 78.0 20.0
3121.0 79.0 20.0
3121.0 79.0 20.0
3121.0 79.0 20.0
3121.0 79.0 20.0
3121.0 79.0 20.0
3121.0 79.0 20.0
3161.0 80.0 20.0
3161.0 80.0 20.0
3161.0 80.0 20.0
3161.0 80.0 20.0
3161.0 80.0 20.0
3201.0 81.0 20.0
3201.0 81.0 20.0
3201.0 81.0 20.0
3201.0 81.0 20.0
3241.0 82.0 20.0
3241.0 82.0 20.0
3241.0 82.0 20.0
3281.0 83.0 20.0
3321.0 84.0 20.0
3321.0 84.0 20.0
3361.0 85.0 20.0
3561.0 90.0 20.0
