rev2
63681.0 1593.0 20.0
63801.0 1596.0 20.0
64161.0 1605.0 20.0
64161.0 1605.0 20.0
64281.0 1608.0 20.0
64481.0 1613.0 20.0
64481.0 1613.0 20.0
64601.0 1616.0 20.0
64841.0 1622.0 20.0
64961.0 1625.0 20.0
65201.0 1631.0 20.0
65201.0 1631.0 20.0
65201.0 1631.0 20.0
65281.0 1633.0 20.0
65281.0 1633.0 20.0
65321.0 1634.0 20.0
65321.0 1634.0 20.0
65401.0 1636.0 20.0
65441.0 1637.0 20.0
65561.0 1640.0 20.0
65601.0 1641.0 20.0
65721.0 1644.0 20.0
65721.0 1644.0 20.0
65721.0 1644.0 20.0
65801.0 1646.0 20.0
65921.0 1649.0 20.0
65961.0 1650.0 20.0
65961.0 1650.0 20.0
66001.0 1651.0 20.0
66041.0 1652.0 20.0
66161.0 1655.0 20.0
66201.0 1656.0 20.0
66201.0 1656.0 20.0
66281.0 1658.0 20.0
66321.0 1659.0 20.0
66361.0 1660.0 20.0
66361.0 1660.0 20.0
66401.0 1661.0 20.0
66481.0 1663.0 20.0
66481.0 1663.0 20.0
66521.0 1664.0 20.0
66521.0 1664.0 20.0
66561.0 1665.0 20.0
66561.0 1665.0 20.0
66561.0 1665.0 20.0
66601.0 1666.0 20.0
66641.0 1667.0 20.0
66641.0 1667.0 20.0
66681.0 1668.0 20.0
66761.0 1670.0 20.0
66881.0 1673.0 20.0
66881.0 1673.0 20.0
66881.0 1673.0 20.0
66921.0 1674.0 20.0
66921.0 1674.0 20.0
66921.0 1674.0 20.0
66961.0 1675.0 20.0
66961.0 1675.0 20.0
67001.0 1676.0 20.0
67121.0 1679.0 20.0
67161.0 1680.0 20.0
67201.0 1681.0 20.0
67241.0 1682.0 20.0
67241.0 1682.0 20.0
67241.0 1682.0 20.0
67401.0 1686.0 20.0
67441.0 1687.0 20.0
67441.0 1687.0 20.0
67521.0 1689.0 20.0
67721.0 1694.0 20.0
67761.0 1695.0 20.0
67841.0 1697.0 20.0
67841.0 1697.0 20.0
67921.0 1699.0 20.0
67961.0 1700.0 20.0
68121.0 1704.0 20.0
68121.0 1704.0 20.0
68401.0 1711.0 20.0
68441.0 1712.0 20.0
68481.0 1713.0 20.0
68561.0 1715.0 20.0
68601.0 1716.0 20.0
68921.0 1724.0 20.0
68921.0 1724.0 20.0
68961.0 1725.0 20.0
69241.0 1732.0 20.0
69281.0 1733.0 20.0
69561.0 1740.0 20.0
69561.0 1740.0 20.0
69641.0 1742.0 20.0
69841.0 1747.0 20.0
70361.0 1760.0 20.0
70641.0 1767.0 20.0
70921.0 1774.0 20.0
71001.0 1776.0 20.0
71081.0 1778.0 20.0
71161.0 1780.0 20.0
72321.0 1809.0 20.0
72761.0 1820.0 20.0
74361.0 1860.0 20.0
