rev2
2738601.0 68466.0 20.0
2757401.0 68936.0 20.0
2805161.0 70130.0 20.0
2810121.0 70254.0 20.0
2811961.0 70300.0 20.0
2812041.0 70302.0 20.0
2821561.0 70540.0 20.0
2826321.0 70659.0 20.0
2827921.0 70699.0 20.0
2835361.0 70885.0 20.0
2837801.0 70946.0 20.0
2843601.0 71091.0 20.0
2844881.0 71123.0 20.0
2846881.0 71173.0 20.0
2847841.0 71197.0 20.0
2862001.0 71551.0 20.0
2862121.0 71554.0 20.0
2863441.0 71587.0 20.0
2863641.0 71592.0 20.0
2871961.0 71800.0 20.0
2876041.0 71902.0 20.0
2880241.0 72007.0 20.0
2887721.0 72194.0 20.0
2889801.0 72246.0 20.0
2891961.0 72300.0 20.0
2896001.0 72401.0 20.0
2897721.0 72444.0 20.0
2900361.0 72510.0 20.0
2901441.0 72537.0 20.0
2903761.0 72595.0 20.0
2905321.0 72634.0 20.0
2907321.0 72684.0 20.0
2912241.0 72807.0 20.0
2918681.0 72968.0 20.0
2921441.0 73037.0 20.0
2921881.0 73048.0 20.0
2922281.0 73058.0 20.0
2923081.0 73078.0 20.0
2923681.0 73093.0 20.0
2925801.0 73146.0 20.0
2930121.0 73254.0 20.0
2932161.0 73305.0 20.0
2934561.0 73365.0 20.0
2942521.0 73564.0 20.0
2942641.0 73567.0 20.0
2953281.0 73833.0 20.0
2956641.0 73917.0 20.0
2956841.0 73922.0 20.0
2956881.0 73923.0 20.0
2958361.0 73960.0 20.0
2965401.0 74136.0 20.0
2965681.0 74143.0 20.0
2967961.0 74200.0 20.0
2971681.0 74293.0 20.0
2972841.0 74322.0 20.0
2975121.0 74379.0 20.0
2975881.0 74398.0 20.0
2979881.0 74498.0 20.0
2981161.0 74530.0 20.0
2984241.0 74607.0 20.0
2995601.0 74891.0 20.0
2999401.0 74986.0 20.0
3000841.0 75022.0 20.0
3011721.0 75294.0 20.0
3012801.0 75321.0 20.0
3014081.0 75353.0 20.0
3014641.0 75367.0 20.0
3016961.0 75425.0 20.0
3036001.0 75901.0 20.0
3042081.0 76053.0 20.0
3045921.0 76149.0 20.0
3049681.0 76243.0 20.0
3050041.0 76252.0 20.0
3051961.0 76300.0 20.0
3058201.0 76456.0 20.0
3060161.0 76505.0 20.0
3067881.0 76698.0 20.0
3081641.0 77042.0 20.0
3088521.0 77214.0 20.0
3093961.0 77350.0 20.0
3099121.0 77479.0 20.0
3117361.0 77935.0 20.0
3124201.0 78106.0 20.0
3127201.0 78181.0 20.0
3134281.0 78358.0 20.0
3135321.0 78384.0 20.0
3140481.0 78513.0 20.0
3147961.0 78700.0 20.0
3148721.0 78719.0 20.0
3152561.0 78815.0 20.0
3239241.0 80982.0 20.0
3253441.0 81337.0 20.0
3261041.0 81527.0 20.0
3261121.0 81529.0 20.0
3302281.0 82558.0 20.0
3305001.0 82626.0 20.0
3315521.0 82889.0 20.0
3326041.0 83152.0 20.0
3356361.0 83910.0 20.0
3439001.0 85976.0 20.0
