rev2
334001.0 8351.0 20.0
334241.0 8357.0 20.0
335721.0 8394.0 20.0
339201.0 8481.0 20.0
339601.0 8491.0 20.0
340761.0 8520.0 20.0
340961.0 8525.0 20.0
341521.0 8539.0 20.0
343321.0 8584.0 20.0
343801.0 8596.0 20.0
344041.0 8602.0 20.0
344521.0 8614.0 20.0
345841.0 8647.0 20.0
346361.0 8660.0 20.0
347001.0 8676.0 20.0
347281.0 8683.0 20.0
347521.0 8689.0 20.0
349041.0 8727.0 20.0
349321.0 8734.0 20.0
349721.0 8744.0 20.0
349721.0 8744.0 20.0
350241.0 8757.0 20.0
350481.0 8763.0 20.0
351041.0 8777.0 20.0
351281.0 8783.0 20.0
351441.0 8787.0 20.0
352561.0 8815.0 20.0
352721.0 8819.0 20.0
354641.0 8867.0 20.0
354881.0 8873.0 20.0
354961.0 8875.0 20.0
355001.0 8876.0 20.0
355841.0 8897.0 20.0
356201.0 8906.0 20.0
356401.0 8911.0 20.0
357001.0 8926.0 20.0
357081.0 8928.0 20.0
358761.0 8970.0 20.0
358801.0 8971.0 20.0
358961.0 8975.0 20.0
359041.0 8977.0 20.0
359361.0 8985.0 20.0
359441.0 8987.0 20.0
359641.0 8992.0 20.0
359761.0 8995.0 20.0
360121.0 9004.0 20.0
360561.0 9015.0 20.0
360841.0 9022.0 20.0
361321.0 9034.0 20.0
361481.0 9038.0 20.0
361881.0 9048.0 20.0
362041.0 9052.0 20.0
362161.0 9055.0 20.0
362561.0 9065.0 20.0
363001.0 9076.0 20.0
363161.0 9080.0 20.0
366001.0 9151.0 20.0
366161.0 9155.0 20.0
366961.0 9175.0 20.0
367441.0 9187.0 20.0
369201.0 9231.0 20.0
369601.0 9241.0 20.0
369961.0 9250.0 20.0
370081.0 9253.0 20.0
370161.0 9255.0 20.0
370481.0 9263.0 20.0
370961.0 9275.0 20.0
371841.0 9297.0 20.0
372121.0 9304.0 20.0
372361.0 9310.0 20.0
372361.0 9310.0 20.0
372441.0 9312.0 20.0
372601.0 9316.0 20.0
374441.0 9362.0 20.0
374601.0 9366.0 20.0
375321.0 9384.0 20.0
375841.0 9397.0 20.0
376601.0 9416.0 20.0
377081.0 9428.0 20.0
377241.0 9432.0 20.0
379041.0 9477.0 20.0
379601.0 9491.0 20.0
380601.0 9516.0 20.0
380721.0 9519.0 20.0
382161.0 9555.0 20.0
382681.0 9568.0 20.0
382841.0 9572.0 20.0
387441.0 9687.0 20.0
387881.0 9698.0 20.0
391721.0 9794.0 20.0
393401.0 9836.0 20.0
394521.0 9864.0 20.0
394561.0 9865.0 20.0
397001.0 9926.0 20.0
398401.0 9961.0 20.0
400521.0 10014.0 20.0
401081.0 10028.0 20.0
402761.0 10070.0 20.0
407641.0 10192.0 20.0
411001.0 10276.0 20.0
