rev2
1.1122681E7 278068.0 20.0
1.1209161E7 280230.0 20.0
1.1261241E7 281532.0 20.0
1.1304521E7 282614.0 20.0
1.1314401E7 282861.0 20.0
1.1353881E7 283848.0 20.0
1.1355241E7 283882.0 20.0
1.1373081E7 284328.0 20.0
1.1373601E7 284341.0 20.0
1.1384081E7 284603.0 20.0
1.1405841E7 285147.0 20.0
1.1410921E7 285274.0 20.0
1.1422001E7 285551.0 20.0
1.1475161E7 286880.0 20.0
1.1490401E7 287261.0 20.0
1.1502681E7 287568.0 20.0
1.1526081E7 288153.0 20.0
1.1532241E7 288307.0 20.0
1.1543081E7 288578.0 20.0
1.1569241E7 289232.0 20.0
1.1575241E7 289382.0 20.0
1.1581081E7 289528.0 20.0
1.1584961E7 289625.0 20.0
1.1593121E7 289829.0 20.0
1.1602001E7 290051.0 20.0
1.1620841E7 290522.0 20.0
1.1645721E7 291144.0 20.0
1.1664281E7 291608.0 20.0
1.1691121E7 292279.0 20.0
1.1697361E7 292435.0 20.0
1.1697401E7 292436.0 20.0
1.1722321E7 293059.0 20.0
1.1726761E7 293170.0 20.0
1.1730361E7 293260.0 20.0
1.1742241E7 293557.0 20.0
1.1747881E7 293698.0 20.0
1.1749321E7 293734.0 20.0
1.1766561E7 294165.0 20.0
1.1768001E7 294201.0 20.0
1.1768041E7 294202.0 20.0
1.1776241E7 294407.0 20.0
1.1777681E7 294443.0 20.0
1.1797521E7 294939.0 20.0
1.1802641E7 295067.0 20.0
1.1803161E7 295080.0 20.0
1.1808161E7 295205.0 20.0
1.1808961E7 295225.0 20.0
1.1816721E7 295419.0 20.0
1.1826281E7 295658.0 20.0
1.1837321E7 295934.0 20.0
1.1839601E7 295991.0 20.0
1.1848921E7 296224.0 20.0
1.1860361E7 296510.0 20.0
1.1862041E7 296552.0 20.0
1.1878281E7 296958.0 20.0
1.1880201E7 297006.0 20.0
1.1891601E7 297291.0 20.0
1.1895881E7 297398.0 20.0
1.1904121E7 297604.0 20.0
1.1925921E7 298149.0 20.0
1.1940921E7 298524.0 20.0
1.1954281E7 298858.0 20.0
1.1981521E7 299539.0 20.0
1.1987761E7 299695.0 20.0
1.1993521E7 299839.0 20.0
1.1995641E7 299892.0 20.0
1.1998841E7 299972.0 20.0
1.2014241E7 300357.0 20.0
1.2018601E7 300466.0 20.0
1.2034561E7 300865.0 20.0
1.2051081E7 301278.0 20.0
1.2127361E7 303185.0 20.0
1.2147121E7 303679.0 20.0
1.2151441E7 303787.0 20.0
1.2155561E7 303890.0 20.0
1.2174121E7 304354.0 20.0
1.2184561E7 304615.0 20.0
1.2187721E7 304694.0 20.0
1.2203441E7 305087.0 20.0
1.2232961E7 305825.0 20.0
1.2257481E7 306438.0 20.0
1.2317321E7 307934.0 20.0
1.2324201E7 308106.0 20.0
1.2329001E7 308226.0 20.0
1.2329441E7 308237.0 20.0
1.2337841E7 308447.0 20.0
1.2395721E7 309894.0 20.0
1.2398281E7 309958.0 20.0
1.2407841E7 310197.0 20.0
1.2430161E7 310755.0 20.0
1.2455761E7 311395.0 20.0
1.2461681E7 311543.0 20.0
1.2501721E7 312544.0 20.0
1.2519841E7 312997.0 20.0
1.2538001E7 313451.0 20.0
1.2538281E7 313458.0 20.0
1.2568481E7 314213.0 20.0
1.2750681E7 318768.0 20.0
1.3329281E7 333233.0 20.0
1.3911441E7 347787.0 20.0
