rev2
670401.0 16761.0 20.0
675241.0 16882.0 20.0
677361.0 16935.0 20.0
686481.0 17163.0 20.0
689681.0 17243.0 20.0
690281.0 17258.0 20.0
692561.0 17315.0 20.0
693761.0 17345.0 20.0
695281.0 17383.0 20.0
696801.0 17421.0 20.0
696921.0 17424.0 20.0
699241.0 17482.0 20.0
699441.0 17487.0 20.0
699521.0 17489.0 20.0
699841.0 17497.0 20.0
700881.0 17523.0 20.0
701441.0 17537.0 20.0
702241.0 17557.0 20.0
702801.0 17571.0 20.0
706001.0 17651.0 20.0
706561.0 17665.0 20.0
706841.0 17672.0 20.0
706881.0 17673.0 20.0
707681.0 17693.0 20.0
708321.0 17709.0 20.0
709801.0 17746.0 20.0
709881.0 17748.0 20.0
710161.0 17755.0 20.0
711641.0 17792.0 20.0
712481.0 17813.0 20.0
713081.0 17828.0 20.0
713441.0 17837.0 20.0
713481.0 17838.0 20.0
713921.0 17849.0 20.0
714361.0 17860.0 20.0
715321.0 17884.0 20.0
715601.0 17891.0 20.0
717561.0 17940.0 20.0
718361.0 17960.0 20.0
718761.0 17970.0 20.0
719361.0 17985.0 20.0
720201.0 18006.0 20.0
720761.0 18020.0 20.0
720881.0 18023.0 20.0
721401.0 18036.0 20.0
721881.0 18048.0 20.0
722241.0 18057.0 20.0
724201.0 18106.0 20.0
725841.0 18147.0 20.0
725841.0 18147.0 20.0
727361.0 18185.0 20.0
727681.0 18193.0 20.0
727841.0 18197.0 20.0
728641.0 18217.0 20.0
730881.0 18273.0 20.0
730961.0 18275.0 20.0
731281.0 18283.0 20.0
731681.0 18293.0 20.0
732121.0 18304.0 20.0
732761.0 18320.0 20.0
734921.0 18374.0 20.0
735281.0 18383.0 20.0
737481.0 18438.0 20.0
737521.0 18439.0 20.0
737721.0 18444.0 20.0
739081.0 18478.0 20.0
741121.0 18529.0 20.0
743121.0 18579.0 20.0
745241.0 18632.0 20.0
745921.0 18649.0 20.0
746441.0 18662.0 20.0
747401.0 18686.0 20.0
747481.0 18688.0 20.0
747561.0 18690.0 20.0
748801.0 18721.0 20.0
749681.0 18743.0 20.0
750921.0 18774.0 20.0
752321.0 18809.0 20.0
755321.0 18884.0 20.0
756721.0 18919.0 20.0
757121.0 18929.0 20.0
757441.0 18937.0 20.0
758841.0 18972.0 20.0
760001.0 19001.0 20.0
762281.0 19058.0 20.0
762641.0 19067.0 20.0
766001.0 19151.0 20.0
769441.0 19237.0 20.0
769601.0 19241.0 20.0
770161.0 19255.0 20.0
774641.0 19367.0 20.0
779521.0 19489.0 20.0
791601.0 19791.0 20.0
800601.0 20016.0 20.0
805841.0 20147.0 20.0
807161.0 20180.0 20.0
809081.0 20228.0 20.0
813921.0 20349.0 20.0
814841.0 20372.0 20.0
821041.0 20527.0 20.0
