rev2
38361.0 960.0 20.0
39521.0 989.0 20.0
39601.0 991.0 20.0
39841.0 997.0 20.0
40761.0 1020.0 20.0
41281.0 1033.0 20.0
41361.0 1035.0 20.0
41521.0 1039.0 20.0
41521.0 1039.0 20.0
41601.0 1041.0 20.0
41801.0 1046.0 20.0
42041.0 1052.0 20.0
42041.0 1052.0 20.0
42081.0 1053.0 20.0
42201.0 1056.0 20.0
42201.0 1056.0 20.0
42241.0 1057.0 20.0
42481.0 1063.0 20.0
42521.0 1064.0 20.0
42521.0 1064.0 20.0
42561.0 1065.0 20.0
42561.0 1065.0 20.0
42681.0 1068.0 20.0
42681.0 1068.0 20.0
42721.0 1069.0 20.0
42961.0 1075.0 20.0
43001.0 1076.0 20.0
43041.0 1077.0 20.0
43401.0 1086.0 20.0
43441.0 1087.0 20.0
43441.0 1087.0 20.0
43521.0 1089.0 20.0
43561.0 1090.0 20.0
43681.0 1093.0 20.0
43761.0 1095.0 20.0
43801.0 1096.0 20.0
43961.0 1100.0 20.0
44041.0 1102.0 20.0
44081.0 1103.0 20.0
44121.0 1104.0 20.0
44281.0 1108.0 20.0
44321.0 1109.0 20.0
44521.0 1114.0 20.0
44641.0 1117.0 20.0
44801.0 1121.0 20.0
45001.0 1126.0 20.0
45081.0 1128.0 20.0
45121.0 1129.0 20.0
45361.0 1135.0 20.0
45601.0 1141.0 20.0
45681.0 1143.0 20.0
45761.0 1145.0 20.0
45841.0 1147.0 20.0
45921.0 1149.0 20.0
46001.0 1151.0 20.0
46081.0 1153.0 20.0
46241.0 1157.0 20.0
46321.0 1159.0 20.0
46401.0 1161.0 20.0
46561.0 1165.0 20.0
46641.0 1167.0 20.0
46681.0 1168.0 20.0
46681.0 1168.0 20.0
46761.0 1170.0 20.0
47001.0 1176.0 20.0
47121.0 1179.0 20.0
47281.0 1183.0 20.0
47401.0 1186.0 20.0
47441.0 1187.0 20.0
47521.0 1189.0 20.0
47561.0 1190.0 20.0
47681.0 1193.0 20.0
47801.0 1196.0 20.0
47841.0 1197.0 20.0
47961.0 1200.0 20.0
48001.0 1201.0 20.0
48041.0 1202.0 20.0
48121.0 1204.0 20.0
48241.0 1207.0 20.0
48601.0 1216.0 20.0
48681.0 1218.0 20.0
49201.0 1231.0 20.0
49241.0 1232.0 20.0
49281.0 1233.0 20.0
49361.0 1235.0 20.0
49401.0 1236.0 20.0
49521.0 1239.0 20.0
49521.0 1239.0 20.0
49881.0 1248.0 20.0
50041.0 1252.0 20.0
50041.0 1252.0 20.0
50121.0 1254.0 20.0
51081.0 1278.0 20.0
51121.0 1279.0 20.0
51281.0 1283.0 20.0
52561.0 1315.0 20.0
54841.0 1372.0 20.0
55121.0 1379.0 20.0
57161.0 1430.0 20.0
63841.0 1597.0 20.0
