rev4
7121.0 179.0 20.0
7121.0 179.0 20.0
7281.0 183.0 20.0
7441.0 187.0 20.0
7481.0 188.0 20.0
7521.0 189.0 20.0
7601.0 191.0 20.0
7681.0 193.0 20.0
7721.0 194.0 20.0
7721.0 194.0 20.0
7761.0 195.0 20.0
7841.0 197.0 20.0
7881.0 198.0 20.0
7881.0 198.0 20.0
7881.0 198.0 20.0
7881.0 198.0 20.0
7921.0 199.0 20.0
7961.0 200.0 20.0
8001.0 201.0 20.0
8001.0 201.0 20.0
8081.0 203.0 20.0
8081.0 203.0 20.0
8121.0 204.0 20.0
8121.0 204.0 20.0
8161.0 205.0 20.0
8161.0 205.0 20.0
8161.0 205.0 20.0
8241.0 207.0 20.0
8281.0 208.0 20.0
8281.0 208.0 20.0
8281.0 208.0 20.0
8321.0 209.0 20.0
8321.0 209.0 20.0
8321.0 209.0 20.0
8321.0 209.0 20.0
8361.0 210.0 20.0
8361.0 210.0 20.0
8361.0 210.0 20.0
8361.0 210.0 20.0
8401.0 211.0 20.0
8401.0 211.0 20.0
8401.0 211.0 20.0
8481.0 213.0 20.0
8521.0 214.0 20.0
8561.0 215.0 20.0
8561.0 215.0 20.0
8561.0 215.0 20.0
8601.0 216.0 20.0
8601.0 216.0 20.0
8641.0 217.0 20.0
8641.0 217.0 20.0
8681.0 218.0 20.0
8681.0 218.0 20.0
8721.0 219.0 20.0
8761.0 220.0 20.0
8761.0 220.0 20.0
8761.0 220.0 20.0
8801.0 221.0 20.0
8801.0 221.0 20.0
8801.0 221.0 20.0
8841.0 222.0 20.0
8841.0 222.0 20.0
8881.0 223.0 20.0
8881.0 223.0 20.0
8881.0 223.0 20.0
8921.0 224.0 20.0
9001.0 226.0 20.0
9001.0 226.0 20.0
9001.0 226.0 20.0
9001.0 226.0 20.0
9001.0 226.0 20.0
9041.0 227.0 20.0
9081.0 228.0 20.0
9121.0 229.0 20.0
9161.0 230.0 20.0
9161.0 230.0 20.0
9161.0 230.0 20.0
9161.0 230.0 20.0
9241.0 232.0 20.0
9281.0 233.0 20.0
9281.0 233.0 20.0
9321.0 234.0 20.0
9361.0 235.0 20.0
9441.0 237.0 20.0
9521.0 239.0 20.0
9641.0 242.0 20.0
9641.0 242.0 20.0
9641.0 242.0 20.0
9681.0 243.0 20.0
9721.0 244.0 20.0
9761.0 245.0 20.0
9761.0 245.0 20.0
9761.0 245.0 20.0
9801.0 246.0 20.0
9801.0 246.0 20.0
10001.0 251.0 20.0
10161.0 255.0 20.0
10201.0 256.0 20.0
10721.0 269.0 20.0
10841.0 272.0 20.0
