rev2
80881.0 2023.0 20.0
82361.0 2060.0 20.0
82441.0 2062.0 20.0
82481.0 2063.0 20.0
82481.0 2063.0 20.0
82521.0 2064.0 20.0
82681.0 2068.0 20.0
82841.0 2072.0 20.0
83441.0 2087.0 20.0
83561.0 2090.0 20.0
83601.0 2091.0 20.0
83601.0 2091.0 20.0
84481.0 2113.0 20.0
84881.0 2123.0 20.0
84961.0 2125.0 20.0
85081.0 2128.0 20.0
85121.0 2129.0 20.0
85241.0 2132.0 20.0
85441.0 2137.0 20.0
85481.0 2138.0 20.0
85521.0 2139.0 20.0
85601.0 2141.0 20.0
85681.0 2143.0 20.0
85721.0 2144.0 20.0
85881.0 2148.0 20.0
85921.0 2149.0 20.0
85921.0 2149.0 20.0
85921.0 2149.0 20.0
86241.0 2157.0 20.0
86321.0 2159.0 20.0
86561.0 2165.0 20.0
86561.0 2165.0 20.0
86601.0 2166.0 20.0
86881.0 2173.0 20.0
86921.0 2174.0 20.0
87241.0 2182.0 20.0
87441.0 2187.0 20.0
87441.0 2187.0 20.0
87601.0 2191.0 20.0
87681.0 2193.0 20.0
87761.0 2195.0 20.0
87801.0 2196.0 20.0
87961.0 2200.0 20.0
88201.0 2206.0 20.0
88601.0 2216.0 20.0
88601.0 2216.0 20.0
88601.0 2216.0 20.0
88841.0 2222.0 20.0
88881.0 2223.0 20.0
88921.0 2224.0 20.0
89041.0 2227.0 20.0
89161.0 2230.0 20.0
89361.0 2235.0 20.0
89561.0 2240.0 20.0
89681.0 2243.0 20.0
89921.0 2249.0 20.0
90161.0 2255.0 20.0
90641.0 2267.0 20.0
90841.0 2272.0 20.0
91241.0 2282.0 20.0
91281.0 2283.0 20.0
91281.0 2283.0 20.0
91361.0 2285.0 20.0
91521.0 2289.0 20.0
91561.0 2290.0 20.0
91881.0 2298.0 20.0
91921.0 2299.0 20.0
92121.0 2304.0 20.0
92241.0 2307.0 20.0
92321.0 2309.0 20.0
92361.0 2310.0 20.0
92441.0 2312.0 20.0
92441.0 2312.0 20.0
92481.0 2313.0 20.0
92601.0 2316.0 20.0
92801.0 2321.0 20.0
93681.0 2343.0 20.0
94321.0 2359.0 20.0
94761.0 2370.0 20.0
95281.0 2383.0 20.0
95441.0 2387.0 20.0
95801.0 2396.0 20.0
96001.0 2401.0 20.0
96321.0 2409.0 20.0
97601.0 2441.0 20.0
97681.0 2443.0 20.0
98241.0 2457.0 20.0
98401.0 2461.0 20.0
98921.0 2474.0 20.0
99601.0 2491.0 20.0
100081.0 2503.0 20.0
101201.0 2531.0 20.0
101641.0 2542.0 20.0
102361.0 2560.0 20.0
102921.0 2574.0 20.0
103521.0 2589.0 20.0
104601.0 2616.0 20.0
104681.0 2618.0 20.0
105521.0 2639.0 20.0
118521.0 2964.0 20.0
