rev4
3321.0 84.0 20.0
3561.0 90.0 20.0
3561.0 90.0 20.0
3601.0 91.0 20.0
3641.0 92.0 20.0
3681.0 93.0 20.0
3721.0 94.0 20.0
3761.0 95.0 20.0
3801.0 96.0 20.0
3801.0 96.0 20.0
3841.0 97.0 20.0
3841.0 97.0 20.0
3841.0 97.0 20.0
3881.0 98.0 20.0
3881.0 98.0 20.0
3921.0 99.0 20.0
3921.0 99.0 20.0
3921.0 99.0 20.0
3961.0 100.0 20.0
4001.0 101.0 20.0
4041.0 102.0 20.0
4041.0 102.0 20.0
4041.0 102.0 20.0
4041.0 102.0 20.0
4041.0 102.0 20.0
4081.0 103.0 20.0
4081.0 103.0 20.0
4121.0 104.0 20.0
4121.0 104.0 20.0
4121.0 104.0 20.0
4161.0 105.0 20.0
4201.0 106.0 20.0
4201.0 106.0 20.0
4201.0 106.0 20.0
4201.0 106.0 20.0
4201.0 106.0 20.0
4241.0 107.0 20.0
4241.0 107.0 20.0
4281.0 108.0 20.0
4281.0 108.0 20.0
4281.0 108.0 20.0
4281.0 108.0 20.0
4321.0 109.0 20.0
4321.0 109.0 20.0
4361.0 110.0 20.0
4361.0 110.0 20.0
4361.0 110.0 20.0
4361.0 110.0 20.0
4361.0 110.0 20.0
4401.0 111.0 20.0
4401.0 111.0 20.0
4401.0 111.0 20.0
4401.0 111.0 20.0
4401.0 111.0 20.0
4401.0 111.0 20.0
4441.0 112.0 20.0
4441.0 112.0 20.0
4481.0 113.0 20.0
4481.0 113.0 20.0
4481.0 113.0 20.0
4521.0 114.0 20.0
4521.0 114.0 20.0
4561.0 115.0 20.0
4561.0 115.0 20.0
4561.0 115.0 20.0
4561.0 115.0 20.0
4561.0 115.0 20.0
4561.0 115.0 20.0
4601.0 116.0 20.0
4601.0 116.0 20.0
4641.0 117.0 20.0
4641.0 117.0 20.0
4641.0 117.0 20.0
4681.0 118.0 20.0
4681.0 118.0 20.0
4681.0 118.0 20.0
4681.0 118.0 20.0
4721.0 119.0 20.0
4721.0 119.0 20.0
4761.0 120.0 20.0
4801.0 121.0 20.0
4881.0 123.0 20.0
4881.0 123.0 20.0
4881.0 123.0 20.0
4921.0 124.0 20.0
4921.0 124.0 20.0
4961.0 125.0 20.0
5001.0 126.0 20.0
5041.0 127.0 20.0
5121.0 129.0 20.0
5161.0 130.0 20.0
5201.0 131.0 20.0
5321.0 134.0 20.0
5361.0 135.0 20.0
5361.0 135.0 20.0
5441.0 137.0 20.0
5641.0 142.0 20.0
5921.0 149.0 20.0
6001.0 151.0 20.0
6321.0 159.0 20.0
