rev2
2.2480561E7 562015.0 20.0
2.2606241E7 565157.0 20.0
2.2710841E7 567772.0 20.0
2.2779201E7 569481.0 20.0
2.2816921E7 570424.0 20.0
2.2889841E7 572247.0 20.0
2.2997721E7 574944.0 20.0
2.3038041E7 575952.0 20.0
2.3042841E7 576072.0 20.0
2.3106241E7 577657.0 20.0
2.3129001E7 578226.0 20.0
2.3134801E7 578371.0 20.0
2.3151521E7 578789.0 20.0
2.3171241E7 579282.0 20.0
2.3185001E7 579626.0 20.0
2.3220161E7 580505.0 20.0
2.3268001E7 581701.0 20.0
2.3278361E7 581960.0 20.0
2.3280081E7 582003.0 20.0
2.3286401E7 582161.0 20.0
2.3314201E7 582856.0 20.0
2.3347721E7 583694.0 20.0
2.3389241E7 584732.0 20.0
2.3399281E7 584983.0 20.0
2.3461161E7 586530.0 20.0
2.3461601E7 586541.0 20.0
2.3468721E7 586719.0 20.0
2.3510361E7 587760.0 20.0
2.3514641E7 587867.0 20.0
2.3534041E7 588352.0 20.0
2.3561761E7 589045.0 20.0
2.3568361E7 589210.0 20.0
2.3570921E7 589274.0 20.0
2.3610441E7 590262.0 20.0
2.3640281E7 591008.0 20.0
2.3710481E7 592763.0 20.0
2.3711841E7 592797.0 20.0
2.3751241E7 593782.0 20.0
2.3768481E7 594213.0 20.0
2.3797441E7 594937.0 20.0
2.3807881E7 595198.0 20.0
2.3828201E7 595706.0 20.0
2.3842361E7 596060.0 20.0
2.3850801E7 596271.0 20.0
2.3858561E7 596465.0 20.0
2.3858801E7 596471.0 20.0
2.3859841E7 596497.0 20.0
2.3916721E7 597919.0 20.0
2.3930601E7 598266.0 20.0
2.3941321E7 598534.0 20.0
2.3941721E7 598544.0 20.0
2.3945201E7 598631.0 20.0
2.3957081E7 598928.0 20.0
2.3966321E7 599159.0 20.0
2.3976521E7 599414.0 20.0
2.3986281E7 599658.0 20.0
2.4020721E7 600519.0 20.0
2.4024961E7 600625.0 20.0
2.4034121E7 600854.0 20.0
2.4075881E7 601898.0 20.0
2.4079041E7 601977.0 20.0
2.4111361E7 602785.0 20.0
2.4143081E7 603578.0 20.0
2.4156081E7 603903.0 20.0
2.4178281E7 604458.0 20.0
2.4179361E7 604485.0 20.0
2.4190121E7 604754.0 20.0
2.4241001E7 606026.0 20.0
2.4250241E7 606257.0 20.0
2.4323401E7 608086.0 20.0
2.4354721E7 608869.0 20.0
2.4379681E7 609493.0 20.0
2.4428121E7 610704.0 20.0
2.4435241E7 610882.0 20.0
2.4438721E7 610969.0 20.0
2.4454361E7 611360.0 20.0
2.4573081E7 614328.0 20.0
2.4594601E7 614866.0 20.0
2.4670841E7 616772.0 20.0
2.4813801E7 620346.0 20.0
2.4877961E7 621950.0 20.0
2.4879961E7 622000.0 20.0
2.4943121E7 623579.0 20.0
2.4956561E7 623915.0 20.0
2.5018881E7 625473.0 20.0
2.5060441E7 626512.0 20.0
2.5075561E7 626890.0 20.0
2.5133641E7 628342.0 20.0
2.5156681E7 628918.0 20.0
2.5325881E7 633148.0 20.0
2.5393641E7 634842.0 20.0
2.5413321E7 635334.0 20.0
2.5455801E7 636396.0 20.0
2.5498761E7 637470.0 20.0
2.5502521E7 637564.0 20.0
2.5868041E7 646702.0 20.0
2.5928561E7 648215.0 20.0
2.6560321E7 664009.0 20.0
2.6672161E7 666805.0 20.0
2.7315321E7 682884.0 20.0
