rev2
163721.0 4094.0 20.0
165521.0 4139.0 20.0
169881.0 4248.0 20.0
170081.0 4253.0 20.0
170841.0 4272.0 20.0
170961.0 4275.0 20.0
171481.0 4288.0 20.0
171521.0 4289.0 20.0
171601.0 4291.0 20.0
172241.0 4307.0 20.0
172521.0 4314.0 20.0
172521.0 4314.0 20.0
172601.0 4316.0 20.0
172721.0 4319.0 20.0
172841.0 4322.0 20.0
172881.0 4323.0 20.0
173041.0 4327.0 20.0
173481.0 4338.0 20.0
174121.0 4354.0 20.0
174601.0 4366.0 20.0
174641.0 4367.0 20.0
174961.0 4375.0 20.0
174961.0 4375.0 20.0
175321.0 4384.0 20.0
175441.0 4387.0 20.0
175881.0 4398.0 20.0
176121.0 4404.0 20.0
176481.0 4413.0 20.0
176721.0 4419.0 20.0
176841.0 4422.0 20.0
176881.0 4423.0 20.0
177001.0 4426.0 20.0
177161.0 4430.0 20.0
177321.0 4434.0 20.0
177601.0 4441.0 20.0
177601.0 4441.0 20.0
177641.0 4442.0 20.0
177841.0 4447.0 20.0
177881.0 4448.0 20.0
178041.0 4452.0 20.0
178041.0 4452.0 20.0
178681.0 4468.0 20.0
179081.0 4478.0 20.0
179241.0 4482.0 20.0
179281.0 4483.0 20.0
179401.0 4486.0 20.0
179481.0 4488.0 20.0
179561.0 4490.0 20.0
179841.0 4497.0 20.0
180561.0 4515.0 20.0
180601.0 4516.0 20.0
180641.0 4517.0 20.0
180681.0 4518.0 20.0
180761.0 4520.0 20.0
180961.0 4525.0 20.0
181081.0 4528.0 20.0
181241.0 4532.0 20.0
181761.0 4545.0 20.0
181841.0 4547.0 20.0
182001.0 4551.0 20.0
182161.0 4555.0 20.0
182201.0 4556.0 20.0
182921.0 4574.0 20.0
182921.0 4574.0 20.0
183001.0 4576.0 20.0
183121.0 4579.0 20.0
183441.0 4587.0 20.0
183441.0 4587.0 20.0
183881.0 4598.0 20.0
183961.0 4600.0 20.0
184161.0 4605.0 20.0
184521.0 4614.0 20.0
185121.0 4629.0 20.0
185161.0 4630.0 20.0
185201.0 4631.0 20.0
185281.0 4633.0 20.0
187161.0 4680.0 20.0
187921.0 4699.0 20.0
189201.0 4731.0 20.0
189841.0 4747.0 20.0
189841.0 4747.0 20.0
190081.0 4753.0 20.0
190441.0 4762.0 20.0
190721.0 4769.0 20.0
191641.0 4792.0 20.0
191681.0 4793.0 20.0
193281.0 4833.0 20.0
193441.0 4837.0 20.0
193441.0 4837.0 20.0
194641.0 4867.0 20.0
195001.0 4876.0 20.0
197761.0 4945.0 20.0
199441.0 4987.0 20.0
200001.0 5001.0 20.0
200481.0 5013.0 20.0
201241.0 5032.0 20.0
205561.0 5140.0 20.0
209801.0 5246.0 20.0
212721.0 5319.0 20.0
213961.0 5350.0 20.0
