rev2
1969.0 124.0 8.0
2065.0 130.0 8.0
2081.0 131.0 8.0
2081.0 131.0 8.0
2129.0 134.0 8.0
2145.0 135.0 8.0
2161.0 136.0 8.0
2177.0 137.0 8.0
2209.0 139.0 8.0
2241.0 141.0 8.0
2241.0 141.0 8.0
2289.0 144.0 8.0
2289.0 144.0 8.0
2305.0 145.0 8.0
2305.0 145.0 8.0
2305.0 145.0 8.0
2305.0 145.0 8.0
2305.0 145.0 8.0
2321.0 146.0 8.0
2337.0 147.0 8.0
2353.0 148.0 8.0
2369.0 149.0 8.0
2401.0 151.0 8.0
2401.0 151.0 8.0
2401.0 151.0 8.0
2417.0 152.0 8.0
2417.0 152.0 8.0
2417.0 152.0 8.0
2417.0 152.0 8.0
2481.0 156.0 8.0
2481.0 156.0 8.0
2481.0 156.0 8.0
2481.0 156.0 8.0
2497.0 157.0 8.0
2513.0 158.0 8.0
2513.0 158.0 8.0
2513.0 158.0 8.0
2529.0 159.0 8.0
2529.0 159.0 8.0
2529.0 159.0 8.0
2529.0 159.0 8.0
2545.0 160.0 8.0
2545.0 160.0 8.0
2561.0 161.0 8.0
2561.0 161.0 8.0
2577.0 162.0 8.0
2577.0 162.0 8.0
2577.0 162.0 8.0
2593.0 163.0 8.0
2593.0 163.0 8.0
2593.0 163.0 8.0
2593.0 163.0 8.0
2609.0 164.0 8.0
2609.0 164.0 8.0
2625.0 165.0 8.0
2625.0 165.0 8.0
2657.0 167.0 8.0
2657.0 167.0 8.0
2657.0 167.0 8.0
2657.0 167.0 8.0
2657.0 167.0 8.0
2673.0 168.0 8.0
2673.0 168.0 8.0
2673.0 168.0 8.0
2689.0 169.0 8.0
2689.0 169.0 8.0
2705.0 170.0 8.0
2721.0 171.0 8.0
2721.0 171.0 8.0
2769.0 174.0 8.0
2769.0 174.0 8.0
2769.0 174.0 8.0
2769.0 174.0 8.0
2785.0 175.0 8.0
2801.0 176.0 8.0
2817.0 177.0 8.0
2817.0 177.0 8.0
2833.0 178.0 8.0
2849.0 179.0 8.0
2849.0 179.0 8.0
2849.0 179.0 8.0
2849.0 179.0 8.0
2865.0 180.0 8.0
2881.0 181.0 8.0
2897.0 182.0 8.0
2897.0 182.0 8.0
2945.0 185.0 8.0
2977.0 187.0 8.0
2993.0 188.0 8.0
3057.0 192.0 8.0
3089.0 194.0 8.0
3105.0 195.0 8.0
3105.0 195.0 8.0
3121.0 196.0 8.0
3137.0 197.0 8.0
3153.0 198.0 8.0
3233.0 203.0 8.0
3329.0 209.0 8.0
3345.0 210.0 8.0
3505.0 220.0 8.0
