rev2
404385.0 25275.0 8.0
407153.0 25448.0 8.0
408929.0 25559.0 8.0
412033.0 25753.0 8.0
424993.0 26563.0 8.0
425057.0 26567.0 8.0
425825.0 26615.0 8.0
426913.0 26683.0 8.0
428993.0 26813.0 8.0
429745.0 26860.0 8.0
429953.0 26873.0 8.0
430017.0 26877.0 8.0
431057.0 26942.0 8.0
431089.0 26944.0 8.0
431169.0 26949.0 8.0
433025.0 27065.0 8.0
433105.0 27070.0 8.0
434545.0 27160.0 8.0
435713.0 27233.0 8.0
436177.0 27262.0 8.0
436897.0 27307.0 8.0
438193.0 27388.0 8.0
439505.0 27470.0 8.0
439713.0 27483.0 8.0
440017.0 27502.0 8.0
442145.0 27635.0 8.0
442977.0 27687.0 8.0
443489.0 27719.0 8.0
445377.0 27837.0 8.0
445553.0 27848.0 8.0
445889.0 27869.0 8.0
446497.0 27907.0 8.0
447265.0 27955.0 8.0
448545.0 28035.0 8.0
449473.0 28093.0 8.0
449633.0 28103.0 8.0
450017.0 28127.0 8.0
450129.0 28134.0 8.0
450561.0 28161.0 8.0
451297.0 28207.0 8.0
453009.0 28314.0 8.0
453009.0 28314.0 8.0
453009.0 28314.0 8.0
453761.0 28361.0 8.0
453809.0 28364.0 8.0
454225.0 28390.0 8.0
455041.0 28441.0 8.0
455441.0 28466.0 8.0
455873.0 28493.0 8.0
455921.0 28496.0 8.0
457217.0 28577.0 8.0
457649.0 28604.0 8.0
457921.0 28621.0 8.0
458081.0 28631.0 8.0
459761.0 28736.0 8.0
460769.0 28799.0 8.0
463425.0 28965.0 8.0
463873.0 28993.0 8.0
465233.0 29078.0 8.0
468433.0 29278.0 8.0
469041.0 29316.0 8.0
469377.0 29337.0 8.0
469777.0 29362.0 8.0
470529.0 29409.0 8.0
472129.0 29509.0 8.0
472225.0 29515.0 8.0
473425.0 29590.0 8.0
474321.0 29646.0 8.0
474737.0 29672.0 8.0
475025.0 29690.0 8.0
479569.0 29974.0 8.0
479617.0 29977.0 8.0
483121.0 30196.0 8.0
484321.0 30271.0 8.0
485873.0 30368.0 8.0
488849.0 30554.0 8.0
489985.0 30625.0 8.0
490097.0 30632.0 8.0
491761.0 30736.0 8.0
493873.0 30868.0 8.0
494369.0 30899.0 8.0
495473.0 30968.0 8.0
497089.0 31069.0 8.0
497313.0 31083.0 8.0
497457.0 31092.0 8.0
511841.0 31991.0 8.0
516657.0 32292.0 8.0
517809.0 32364.0 8.0
518433.0 32403.0 8.0
522465.0 32655.0 8.0
523041.0 32691.0 8.0
525313.0 32833.0 8.0
525729.0 32859.0 8.0
526353.0 32898.0 8.0
529761.0 33111.0 8.0
534897.0 33432.0 8.0
540817.0 33802.0 8.0
548369.0 34274.0 8.0
558529.0 34909.0 8.0
569953.0 35623.0 8.0
