rev2
9729.0 609.0 8.0
9873.0 618.0 8.0
9953.0 623.0 8.0
10001.0 626.0 8.0
10017.0 627.0 8.0
10193.0 638.0 8.0
10209.0 639.0 8.0
10257.0 642.0 8.0
10273.0 643.0 8.0
10417.0 652.0 8.0
10433.0 653.0 8.0
10497.0 657.0 8.0
10497.0 657.0 8.0
10545.0 660.0 8.0
10561.0 661.0 8.0
10561.0 661.0 8.0
10609.0 664.0 8.0
10641.0 666.0 8.0
10641.0 666.0 8.0
10641.0 666.0 8.0
10673.0 668.0 8.0
10673.0 668.0 8.0
10705.0 670.0 8.0
10769.0 674.0 8.0
10785.0 675.0 8.0
10881.0 681.0 8.0
10881.0 681.0 8.0
10881.0 681.0 8.0
10945.0 685.0 8.0
10945.0 685.0 8.0
10945.0 685.0 8.0
11009.0 689.0 8.0
11121.0 696.0 8.0
11137.0 697.0 8.0
11153.0 698.0 8.0
11153.0 698.0 8.0
11153.0 698.0 8.0
11169.0 699.0 8.0
11169.0 699.0 8.0
11265.0 705.0 8.0
11297.0 707.0 8.0
11313.0 708.0 8.0
11329.0 709.0 8.0
11329.0 709.0 8.0
11377.0 712.0 8.0
11377.0 712.0 8.0
11377.0 712.0 8.0
11393.0 713.0 8.0
11441.0 716.0 8.0
11441.0 716.0 8.0
11505.0 720.0 8.0
11569.0 724.0 8.0
11585.0 725.0 8.0
11601.0 726.0 8.0
11665.0 730.0 8.0
11713.0 733.0 8.0
11729.0 734.0 8.0
11745.0 735.0 8.0
11745.0 735.0 8.0
11745.0 735.0 8.0
11761.0 736.0 8.0
11809.0 739.0 8.0
11841.0 741.0 8.0
11873.0 743.0 8.0
11873.0 743.0 8.0
11921.0 746.0 8.0
11937.0 747.0 8.0
11937.0 747.0 8.0
12033.0 753.0 8.0
12049.0 754.0 8.0
12065.0 755.0 8.0
12065.0 755.0 8.0
12225.0 765.0 8.0
12273.0 768.0 8.0
12273.0 768.0 8.0
12337.0 772.0 8.0
12353.0 773.0 8.0
12449.0 779.0 8.0
12449.0 779.0 8.0
12529.0 784.0 8.0
12529.0 784.0 8.0
12577.0 787.0 8.0
12625.0 790.0 8.0
12673.0 793.0 8.0
12753.0 798.0 8.0
12833.0 803.0 8.0
12849.0 804.0 8.0
12897.0 807.0 8.0
13073.0 818.0 8.0
13185.0 825.0 8.0
13249.0 829.0 8.0
13281.0 831.0 8.0
13329.0 834.0 8.0
13345.0 835.0 8.0
13361.0 836.0 8.0
13377.0 837.0 8.0
13585.0 850.0 8.0
14289.0 894.0 8.0
14849.0 929.0 8.0
15521.0 971.0 8.0
