rev4
1.0263149E8 6426052.0 8.0
1.03533641E8 6482628.0 8.0
1.04987637E8 6573705.0 8.0
1.0519002E8 6586315.0 8.0
1.05590371E8 6611241.0 8.0
1.05627848E8 6613600.0 8.0
1.06275209E8 6654365.0 8.0
1.06429826E8 6663950.0 8.0
1.06447927E8 6665132.0 8.0
1.06590808E8 6674024.0 8.0
1.0677912E8 6685826.0 8.0
1.06828474E8 6688750.0 8.0
1.07010862E8 6700375.0 8.0
1.07315156E8 6719233.0 8.0
1.0744054E8 6727140.0 8.0
1.07553314E8 6734243.0 8.0
1.07999691E8 6762186.0 8.0
1.08360464E8 6784867.0 8.0
1.08433066E8 6789312.0 8.0
1.08494357E8 6793125.0 8.0
1.08543937E8 6796370.0 8.0
1.08637479E8 6802051.0 8.0
1.08676371E8 6804495.0 8.0
1.08815077E8 6813262.0 8.0
1.08961898E8 6822538.0 8.0
1.09392649E8 6849579.0 8.0
1.09397962E8 6849773.0 8.0
1.09538021E8 6858405.0 8.0
1.09681696E8 6867599.0 8.0
1.09711163E8 6869336.0 8.0
1.09988467E8 6886635.0 8.0
1.10156187E8 6897228.0 8.0
1.10196936E8 6899857.0 8.0
1.10466974E8 6916701.0 8.0
1.10487206E8 6917900.0 8.0
1.10535708E8 6920991.0 8.0
1.10649555E8 6928111.0 8.0
1.10932247E8 6945808.0 8.0
1.10951791E8 6947058.0 8.0
1.10975078E8 6948489.0 8.0
1.11064646E8 6954138.0 8.0
1.11153114E8 6959731.0 8.0
1.11459588E8 6978775.0 8.0
1.11496776E8 6981185.0 8.0
1.11577008E8 6986180.0 8.0
1.11602943E8 6987837.0 8.0
1.11673357E8 6992261.0 8.0
1.11694552E8 6993559.0 8.0
1.1169969E8 6993852.0 8.0
1.11702065E8 6994054.0 8.0
1.11734643E8 6996089.0 8.0
1.11759341E8 6997602.0 8.0
1.11947283E8 7009331.0 8.0
1.12246642E8 7028099.0 8.0
1.12571065E8 7048463.0 8.0
1.12655918E8 7053667.0 8.0
1.12722197E8 7058002.0 8.0
1.1277108E8 7060992.0 8.0
1.13178633E8 7086552.0 8.0
1.13296212E8 7093820.0 8.0
1.13332932E8 7096102.0 8.0
1.13363722E8 7097994.0 8.0
1.13486334E8 7105585.0 8.0
1.13624518E8 7114430.0 8.0
1.13690684E8 7118625.0 8.0
1.13748244E8 7122211.0 8.0
1.14099393E8 7144084.0 8.0
1.14159726E8 7147886.0 8.0
1.14623138E8 7177007.0 8.0
1.14652454E8 7178673.0 8.0
1.14669441E8 7179856.0 8.0
1.14812498E8 7188811.0 8.0
1.14998666E8 7200332.0 8.0
1.15022184E8 7201844.0 8.0
1.15103541E8 7206952.0 8.0
1.15236458E8 7215253.0 8.0
1.15357195E8 7222945.0 8.0
1.15473051E8 7230164.0 8.0
1.15871326E8 7255076.0 8.0
1.17051378E8 7328947.0 8.0
1.1737113E8 7348910.0 8.0
1.17384724E8 7349834.0 8.0
1.17769791E8 7373834.0 8.0
1.18787636E8 7437543.0 8.0
1.1907187E8 7455469.0 8.0
1.19236592E8 7465863.0 8.0
1.19409187E8 7476518.0 8.0
1.19490672E8 7481711.0 8.0
1.19635234E8 7490847.0 8.0
1.20356264E8 7536007.0 8.0
1.20409444E8 7539188.0 8.0
1.20597733E8 7551065.0 8.0
1.20679515E8 7556126.0 8.0
1.23527285E8 7734358.0 8.0
1.24614569E8 7802477.0 8.0
1.27477238E8 7981820.0 8.0
1.30423133E8 8166212.0 8.0
1.3051667E8 8171909.0 8.0
1.3134118E8 8223490.0 8.0
1.3188678E8 8257807.0 8.0
