rev4
5481529.0 343229.0 8.0
5562123.0 348292.0 8.0
5604696.0 350894.0 8.0
5642146.0 353252.0 8.0
5671207.0 355087.0 8.0
5675538.0 355362.0 8.0
5692900.0 356446.0 8.0
5706358.0 357297.0 8.0
5732062.0 358912.0 8.0
5767765.0 361158.0 8.0
5779237.0 361851.0 8.0
5786551.0 362307.0 8.0
5820543.0 364427.0 8.0
5824189.0 364682.0 8.0
5842121.0 365808.0 8.0
5842300.0 365843.0 8.0
5843254.0 365843.0 8.0
5850454.0 366340.0 8.0
5857962.0 366789.0 8.0
5858211.0 366780.0 8.0
5862172.0 367040.0 8.0
5865345.0 367252.0 8.0
5867687.0 367416.0 8.0
5870421.0 367552.0 8.0
5882497.0 368339.0 8.0
5883027.0 368361.0 8.0
5888201.0 368679.0 8.0
5888883.0 368738.0 8.0
5893330.0 369015.0 8.0
5898938.0 369344.0 8.0
5918140.0 370550.0 8.0
5919140.0 370602.0 8.0
5926712.0 371098.0 8.0
5933885.0 371547.0 8.0
5939004.0 371854.0 8.0
5942354.0 372067.0 8.0
5962611.0 373341.0 8.0
5971836.0 373932.0 8.0
5977458.0 374278.0 8.0
5989638.0 375029.0 8.0
6044683.0 378478.0 8.0
6059839.0 379439.0 8.0
6061991.0 379561.0 8.0
6073939.0 380305.0 8.0
6076908.0 380476.0 8.0
6078246.0 380583.0 8.0
6092435.0 381469.0 8.0
6107628.0 382412.0 8.0
6128461.0 383726.0 8.0
6143149.0 384640.0 8.0
6147417.0 384950.0 8.0
6147519.0 384921.0 8.0
6154943.0 385397.0 8.0
6161932.0 385822.0 8.0
6172396.0 386463.0 8.0
6181284.0 387039.0 8.0
6186509.0 387336.0 8.0
6191280.0 387656.0 8.0
6200366.0 388230.0 8.0
6202733.0 388375.0 8.0
6211802.0 388949.0 8.0
6226656.0 389859.0 8.0
6229018.0 390003.0 8.0
6230025.0 390068.0 8.0
6266730.0 392382.0 8.0
6269311.0 392545.0 8.0
6283769.0 393450.0 8.0
6290017.0 393866.0 8.0
6303180.0 394655.0 8.0
6307124.0 394911.0 8.0
6326953.0 396146.0 8.0
6339014.0 396896.0 8.0
6381897.0 399576.0 8.0
6405902.0 401108.0 8.0
6410544.0 401413.0 8.0
6412788.0 401554.0 8.0
6415964.0 401735.0 8.0
6425241.0 402330.0 8.0
6434774.0 402904.0 8.0
6451622.0 403971.0 8.0
6478704.0 405691.0 8.0
6486553.0 406149.0 8.0
6535432.0 409186.0 8.0
6536704.0 409329.0 8.0
6555288.0 410459.0 8.0
6560483.0 410765.0 8.0
6565094.0 411074.0 8.0
6573318.0 411577.0 8.0
6581661.0 412101.0 8.0
6629990.0 415119.0 8.0
6657018.0 416831.0 8.0
6668638.0 417553.0 8.0
6727013.0 421205.0 8.0
6789868.0 425139.0 8.0
6840867.0 428334.0 8.0
6844351.0 428554.0 8.0
6875791.0 430527.0 8.0
6916643.0 433072.0 8.0
7035758.0 440532.0 8.0
7159906.0 448294.0 8.0
