rev2
2.95874305E8 1.8492145E7 8.0
2.95877889E8 1.8492369E7 8.0
3.02829041E8 1.8926816E7 8.0
3.03596849E8 1.8974804E7 8.0
3.04975585E8 1.9060975E7 8.0
3.04991905E8 1.9061995E7 8.0
3.05082737E8 1.9067672E7 8.0
3.05380641E8 1.9086291E7 8.0
3.05428305E8 1.908927E7 8.0
3.07012641E8 1.9188291E7 8.0
3.07306849E8 1.9206679E7 8.0
3.07812385E8 1.9238275E7 8.0
3.07827169E8 1.9239199E7 8.0
3.08103681E8 1.9256481E7 8.0
3.08381857E8 1.9273867E7 8.0
3.08948113E8 1.9309258E7 8.0
3.10063201E8 1.9378951E7 8.0
3.10352257E8 1.9397017E7 8.0
3.10556625E8 1.940979E7 8.0
3.10583313E8 1.9411458E7 8.0
3.10589681E8 1.9411856E7 8.0
3.10784897E8 1.9424057E7 8.0
3.11137457E8 1.9446092E7 8.0
3.12178497E8 1.9511157E7 8.0
3.12236593E8 1.9514788E7 8.0
3.12350577E8 1.9521912E7 8.0
3.12768657E8 1.9548042E7 8.0
3.12831985E8 1.9552E7 8.0
3.13266497E8 1.9579157E7 8.0
3.13663729E8 1.9603984E7 8.0
3.14271601E8 1.9641976E7 8.0
3.14329345E8 1.9645585E7 8.0
3.14543281E8 1.9658956E7 8.0
3.14769681E8 1.9673106E7 8.0
3.16587681E8 1.9786731E7 8.0
3.17521233E8 1.9845078E7 8.0
3.17934321E8 1.9870896E7 8.0
3.18167937E8 1.9885497E7 8.0
3.18180289E8 1.9886269E7 8.0
3.19225073E8 1.9951568E7 8.0
3.19618657E8 1.9976167E7 8.0
3.19862017E8 1.9991377E7 8.0
3.19915265E8 1.9994705E7 8.0
3.20063377E8 2.0003962E7 8.0
3.20739329E8 2.0046209E7 8.0
3.21531649E8 2.0095729E7 8.0
3.21534513E8 2.0095908E7 8.0
3.21964769E8 2.0122799E7 8.0
3.22627857E8 2.0164242E7 8.0
3.23289745E8 2.020561E7 8.0
3.24508177E8 2.0281762E7 8.0
3.24777953E8 2.0298623E7 8.0
3.25112417E8 2.0319527E7 8.0
3.25877857E8 2.0367367E7 8.0
3.25980417E8 2.0373777E7 8.0
3.26069937E8 2.0379372E7 8.0
3.26382337E8 2.0398897E7 8.0
3.27271905E8 2.0454495E7 8.0
3.27407025E8 2.046294E7 8.0
3.27811889E8 2.0488244E7 8.0
3.28278849E8 2.0517429E7 8.0
3.29098001E8 2.0568626E7 8.0
3.29193825E8 2.0574615E7 8.0
3.29894209E8 2.0618389E7 8.0
3.29913393E8 2.0619588E7 8.0
3.30642753E8 2.0665173E7 8.0
3.31132065E8 2.0695755E7 8.0
3.31787089E8 2.0736694E7 8.0
3.32077841E8 2.0754866E7 8.0
3.33803537E8 2.0862722E7 8.0
3.34735681E8 2.0920981E7 8.0
3.34985297E8 2.0936582E7 8.0
3.35337089E8 2.0958569E7 8.0
3.36921953E8 2.1057623E7 8.0
3.37132641E8 2.1070791E7 8.0
3.37341569E8 2.1083849E7 8.0
3.38072193E8 2.1129513E7 8.0
3.38321825E8 2.1145115E7 8.0
3.38659361E8 2.1166211E7 8.0
3.38912977E8 2.1182062E7 8.0
3.39885185E8 2.1242825E7 8.0
3.40220097E8 2.1263757E7 8.0
3.42732465E8 2.142078E7 8.0
3.44832369E8 2.1552024E7 8.0
3.45063409E8 2.1566464E7 8.0
3.45751809E8 2.1609489E7 8.0
3.47482017E8 2.1717627E7 8.0
3.47858209E8 2.1741139E7 8.0
3.49119745E8 2.1819985E7 8.0
3.49316417E8 2.1832277E7 8.0
3.49598849E8 2.1849929E7 8.0
3.52064097E8 2.2004007E7 8.0
3.53885249E8 2.2117829E7 8.0
3.57731393E8 2.2358213E7 8.0
3.58612417E8 2.2413277E7 8.0
3.60115553E8 2.2507223E7 8.0
3.61863425E8 2.2616465E7 8.0
3.63890465E8 2.2743155E7 8.0
3.72474305E8 2.3279645E7 8.0
3.83416257E8 2.3963517E7 8.0
