rev2
1.5828145E7 989260.0 8.0
1.6300065E7 1018755.0 8.0
1.6420465E7 1026280.0 8.0
1.6510433E7 1031903.0 8.0
1.6562577E7 1035162.0 8.0
1.6628561E7 1039286.0 8.0
1.6684769E7 1042799.0 8.0
1.6699025E7 1043690.0 8.0
1.6724817E7 1045302.0 8.0
1.6750673E7 1046918.0 8.0
1.6787473E7 1049218.0 8.0
1.6793089E7 1049569.0 8.0
1.6828241E7 1051766.0 8.0
1.6894321E7 1055896.0 8.0
1.6909937E7 1056872.0 8.0
1.6934513E7 1058408.0 8.0
1.6984145E7 1061510.0 8.0
1.7017665E7 1063605.0 8.0
1.7043009E7 1065189.0 8.0
1.7044657E7 1065292.0 8.0
1.7044913E7 1065308.0 8.0
1.7065297E7 1066582.0 8.0
1.7102129E7 1068884.0 8.0
1.7102705E7 1068920.0 8.0
1.7130289E7 1070644.0 8.0
1.7216577E7 1076037.0 8.0
1.7257809E7 1078614.0 8.0
1.7285105E7 1080320.0 8.0
1.7298897E7 1081182.0 8.0
1.7315777E7 1082237.0 8.0
1.7317009E7 1082314.0 8.0
1.7334417E7 1083402.0 8.0
1.7338401E7 1083651.0 8.0
1.7351745E7 1084485.0 8.0
1.7400193E7 1087513.0 8.0
1.7408513E7 1088033.0 8.0
1.7415873E7 1088493.0 8.0
1.7425889E7 1089119.0 8.0
1.7443921E7 1090246.0 8.0
1.7484801E7 1092801.0 8.0
1.7489729E7 1093109.0 8.0
1.7494273E7 1093393.0 8.0
1.7560049E7 1097504.0 8.0
1.7575393E7 1098463.0 8.0
1.7674225E7 1104640.0 8.0
1.7713073E7 1107068.0 8.0
1.7724769E7 1107799.0 8.0
1.7746657E7 1109167.0 8.0
1.7748017E7 1109252.0 8.0
1.7750321E7 1109396.0 8.0
1.7753281E7 1109581.0 8.0
1.7757281E7 1109831.0 8.0
1.7775313E7 1110958.0 8.0
1.7784545E7 1111535.0 8.0
1.7815521E7 1113471.0 8.0
1.7868769E7 1116799.0 8.0
1.7958273E7 1122393.0 8.0
1.8002113E7 1125133.0 8.0
1.8017681E7 1126106.0 8.0
1.8023889E7 1126494.0 8.0
1.8050257E7 1128142.0 8.0
1.8074289E7 1129644.0 8.0
1.8094513E7 1130908.0 8.0
1.8120961E7 1132561.0 8.0
1.8213873E7 1138368.0 8.0
1.8221473E7 1138843.0 8.0
1.8270145E7 1141885.0 8.0
1.8282129E7 1142634.0 8.0
1.8285585E7 1142850.0 8.0
1.8325057E7 1145317.0 8.0
1.8362945E7 1147685.0 8.0
1.8380961E7 1148811.0 8.0
1.8407041E7 1150441.0 8.0
1.8437617E7 1152352.0 8.0
1.8455985E7 1153500.0 8.0
1.8484337E7 1155272.0 8.0
1.8544225E7 1159015.0 8.0
1.8607345E7 1162960.0 8.0
1.8621153E7 1163823.0 8.0
1.8627329E7 1164209.0 8.0
1.8726977E7 1170437.0 8.0
1.8740561E7 1171286.0 8.0
1.8758993E7 1172438.0 8.0
1.8801745E7 1175110.0 8.0
1.8809889E7 1175619.0 8.0
1.8905665E7 1181605.0 8.0
1.8935617E7 1183477.0 8.0
1.8959665E7 1184980.0 8.0
1.9032449E7 1189529.0 8.0
1.9049649E7 1190604.0 8.0
1.9118305E7 1194895.0 8.0
1.9276657E7 1204792.0 8.0
1.9759617E7 1234977.0 8.0
1.9773121E7 1235821.0 8.0
2.0711649E7 1294479.0 8.0
2.0780801E7 1298801.0 8.0
2.0926369E7 1307899.0 8.0
2.0958145E7 1309885.0 8.0
2.1249425E7 1328090.0 8.0
2.2683441E7 1417716.0 8.0
