rev2
42737.0 2672.0 8.0
44369.0 2774.0 8.0
44961.0 2811.0 8.0
45073.0 2818.0 8.0
45185.0 2825.0 8.0
45553.0 2848.0 8.0
45793.0 2863.0 8.0
45857.0 2867.0 8.0
45873.0 2868.0 8.0
46001.0 2876.0 8.0
46033.0 2878.0 8.0
46353.0 2898.0 8.0
46401.0 2901.0 8.0
46721.0 2921.0 8.0
46929.0 2934.0 8.0
47121.0 2946.0 8.0
47169.0 2949.0 8.0
47201.0 2951.0 8.0
47425.0 2965.0 8.0
47441.0 2966.0 8.0
47537.0 2972.0 8.0
47777.0 2987.0 8.0
47889.0 2994.0 8.0
47921.0 2996.0 8.0
48049.0 3004.0 8.0
48177.0 3012.0 8.0
48273.0 3018.0 8.0
48817.0 3052.0 8.0
48833.0 3053.0 8.0
48961.0 3061.0 8.0
49105.0 3070.0 8.0
49153.0 3073.0 8.0
49297.0 3082.0 8.0
49297.0 3082.0 8.0
49329.0 3084.0 8.0
49329.0 3084.0 8.0
49377.0 3087.0 8.0
49441.0 3091.0 8.0
49521.0 3096.0 8.0
49537.0 3097.0 8.0
49745.0 3110.0 8.0
49793.0 3113.0 8.0
50001.0 3126.0 8.0
50225.0 3140.0 8.0
50353.0 3148.0 8.0
50417.0 3152.0 8.0
50497.0 3157.0 8.0
50545.0 3160.0 8.0
50801.0 3176.0 8.0
51073.0 3193.0 8.0
51297.0 3207.0 8.0
51425.0 3215.0 8.0
51537.0 3222.0 8.0
51649.0 3229.0 8.0
51841.0 3241.0 8.0
51873.0 3243.0 8.0
51873.0 3243.0 8.0
51921.0 3246.0 8.0
52001.0 3251.0 8.0
52145.0 3260.0 8.0
52209.0 3264.0 8.0
52337.0 3272.0 8.0
52529.0 3284.0 8.0
52609.0 3289.0 8.0
52833.0 3303.0 8.0
52945.0 3310.0 8.0
53137.0 3322.0 8.0
53137.0 3322.0 8.0
53217.0 3327.0 8.0
53345.0 3335.0 8.0
53425.0 3340.0 8.0
53601.0 3351.0 8.0
54017.0 3377.0 8.0
54081.0 3381.0 8.0
54209.0 3389.0 8.0
54353.0 3398.0 8.0
54401.0 3401.0 8.0
54449.0 3404.0 8.0
54673.0 3418.0 8.0
54673.0 3418.0 8.0
55233.0 3453.0 8.0
55345.0 3460.0 8.0
55441.0 3466.0 8.0
55553.0 3473.0 8.0
56081.0 3506.0 8.0
56417.0 3527.0 8.0
56641.0 3541.0 8.0
56817.0 3552.0 8.0
57041.0 3566.0 8.0
57937.0 3622.0 8.0
58129.0 3634.0 8.0
58497.0 3657.0 8.0
59697.0 3732.0 8.0
60353.0 3773.0 8.0
60497.0 3782.0 8.0
61697.0 3857.0 8.0
61825.0 3865.0 8.0
61889.0 3869.0 8.0
63009.0 3939.0 8.0
66993.0 4188.0 8.0
