rev2
161.0 11.0 8.0
161.0 11.0 8.0
177.0 12.0 8.0
177.0 12.0 8.0
193.0 13.0 8.0
193.0 13.0 8.0
193.0 13.0 8.0
193.0 13.0 8.0
209.0 14.0 8.0
209.0 14.0 8.0
209.0 14.0 8.0
209.0 14.0 8.0
209.0 14.0 8.0
209.0 14.0 8.0
209.0 14.0 8.0
209.0 14.0 8.0
225.0 15.0 8.0
225.0 15.0 8.0
225.0 15.0 8.0
225.0 15.0 8.0
225.0 15.0 8.0
241.0 16.0 8.0
241.0 16.0 8.0
241.0 16.0 8.0
241.0 16.0 8.0
241.0 16.0 8.0
241.0 16.0 8.0
241.0 16.0 8.0
241.0 16.0 8.0
241.0 16.0 8.0
241.0 16.0 8.0
241.0 16.0 8.0
257.0 17.0 8.0
257.0 17.0 8.0
257.0 17.0 8.0
257.0 17.0 8.0
257.0 17.0 8.0
257.0 17.0 8.0
273.0 18.0 8.0
273.0 18.0 8.0
273.0 18.0 8.0
273.0 18.0 8.0
273.0 18.0 8.0
273.0 18.0 8.0
273.0 18.0 8.0
273.0 18.0 8.0
273.0 18.0 8.0
273.0 18.0 8.0
273.0 18.0 8.0
289.0 19.0 8.0
289.0 19.0 8.0
289.0 19.0 8.0
289.0 19.0 8.0
289.0 19.0 8.0
289.0 19.0 8.0
289.0 19.0 8.0
289.0 19.0 8.0
305.0 20.0 8.0
305.0 20.0 8.0
305.0 20.0 8.0
305.0 20.0 8.0
305.0 20.0 8.0
305.0 20.0 8.0
305.0 20.0 8.0
305.0 20.0 8.0
305.0 20.0 8.0
305.0 20.0 8.0
321.0 21.0 8.0
321.0 21.0 8.0
321.0 21.0 8.0
321.0 21.0 8.0
321.0 21.0 8.0
321.0 21.0 8.0
321.0 21.0 8.0
321.0 21.0 8.0
321.0 21.0 8.0
337.0 22.0 8.0
337.0 22.0 8.0
337.0 22.0 8.0
353.0 23.0 8.0
353.0 23.0 8.0
353.0 23.0 8.0
353.0 23.0 8.0
353.0 23.0 8.0
353.0 23.0 8.0
353.0 23.0 8.0
353.0 23.0 8.0
353.0 23.0 8.0
369.0 24.0 8.0
385.0 25.0 8.0
417.0 27.0 8.0
433.0 28.0 8.0
433.0 28.0 8.0
449.0 29.0 8.0
449.0 29.0 8.0
449.0 29.0 8.0
465.0 30.0 8.0
481.0 31.0 8.0
481.0 31.0 8.0
529.0 34.0 8.0
