rev2
6.7512305E7 4219520.0 8.0
6.8521425E7 4282590.0 8.0
6.8625489E7 4289094.0 8.0
6.9647473E7 4352968.0 8.0
6.9743025E7 4358940.0 8.0
6.9807601E7 4362976.0 8.0
7.0171505E7 4385720.0 8.0
7.0661281E7 4416331.0 8.0
7.1015057E7 4438442.0 8.0
7.1242481E7 4452656.0 8.0
7.1368785E7 4460550.0 8.0
7.1420929E7 4463809.0 8.0
7.1493073E7 4468318.0 8.0
7.1676097E7 4479757.0 8.0
7.1813345E7 4488335.0 8.0
7.2052369E7 4503274.0 8.0
7.2100305E7 4506270.0 8.0
7.2180209E7 4511264.0 8.0
7.2369521E7 4523096.0 8.0
7.2479313E7 4529958.0 8.0
7.2554561E7 4534661.0 8.0
7.2574065E7 4535880.0 8.0
7.2738305E7 4546145.0 8.0
7.2921121E7 4557571.0 8.0
7.2955393E7 4559713.0 8.0
7.3060625E7 4566290.0 8.0
7.3220465E7 4576280.0 8.0
7.3286529E7 4580409.0 8.0
7.3347233E7 4584203.0 8.0
7.3368977E7 4585562.0 8.0
7.3413553E7 4588348.0 8.0
7.3462273E7 4591393.0 8.0
7.3540577E7 4596287.0 8.0
7.3681585E7 4605100.0 8.0
7.3829201E7 4614326.0 8.0
7.3935425E7 4620965.0 8.0
7.3989377E7 4624337.0 8.0
7.4034785E7 4627175.0 8.0
7.4209953E7 4638123.0 8.0
7.4273681E7 4642106.0 8.0
7.4282465E7 4642655.0 8.0
7.4495873E7 4655993.0 8.0
7.4509489E7 4656844.0 8.0
7.4678257E7 4667392.0 8.0
7.4685233E7 4667828.0 8.0
7.4706449E7 4669154.0 8.0
7.4714865E7 4669680.0 8.0
7.5042673E7 4690168.0 8.0
7.5295105E7 4705945.0 8.0
7.5387601E7 4711726.0 8.0
7.5556433E7 4722278.0 8.0
7.5571025E7 4723190.0 8.0
7.5605457E7 4725342.0 8.0
7.5733825E7 4733365.0 8.0
7.5840241E7 4740016.0 8.0
7.5964561E7 4747786.0 8.0
7.6053969E7 4753374.0 8.0
7.6059681E7 4753731.0 8.0
7.6102513E7 4756408.0 8.0
7.6225553E7 4764098.0 8.0
7.6269905E7 4766870.0 8.0
7.6271377E7 4766962.0 8.0
7.6271649E7 4766979.0 8.0
7.6402769E7 4775174.0 8.0
7.6519345E7 4782460.0 8.0
7.6544305E7 4784020.0 8.0
7.6840881E7 4802556.0 8.0
7.7035761E7 4814736.0 8.0
7.7054193E7 4815888.0 8.0
7.7738081E7 4858631.0 8.0
7.7836225E7 4864765.0 8.0
7.7863905E7 4866495.0 8.0
7.7991649E7 4874479.0 8.0
7.8146625E7 4884165.0 8.0
7.8622769E7 4913924.0 8.0
7.8643265E7 4915205.0 8.0
7.8768577E7 4923037.0 8.0
7.8847105E7 4927945.0 8.0
7.8924833E7 4932803.0 8.0
7.9001009E7 4937564.0 8.0
7.9827313E7 4989208.0 8.0
8.0025425E7 5001590.0 8.0
8.0702865E7 5043930.0 8.0
8.1766289E7 5110394.0 8.0
8.1936673E7 5121043.0 8.0
8.2284721E7 5142796.0 8.0
8.2322257E7 5145142.0 8.0
8.2448945E7 5153060.0 8.0
8.2536817E7 5158552.0 8.0
8.2841057E7 5177567.0 8.0
8.3343681E7 5208981.0 8.0
8.3386481E7 5211656.0 8.0
8.3938785E7 5246175.0 8.0
8.4120257E7 5257517.0 8.0
8.5547505E7 5346720.0 8.0
8.6997601E7 5437351.0 8.0
8.7133313E7 5445833.0 8.0
8.7407553E7 5462973.0 8.0
8.8596369E7 5537274.0 8.0
9.8559617E7 6159977.0 8.0
