rev2
65.0 5.0 8.0
65.0 5.0 8.0
81.0 6.0 8.0
81.0 6.0 8.0
81.0 6.0 8.0
81.0 6.0 8.0
81.0 6.0 8.0
81.0 6.0 8.0
81.0 6.0 8.0
81.0 6.0 8.0
97.0 7.0 8.0
97.0 7.0 8.0
97.0 7.0 8.0
97.0 7.0 8.0
97.0 7.0 8.0
97.0 7.0 8.0
97.0 7.0 8.0
97.0 7.0 8.0
97.0 7.0 8.0
97.0 7.0 8.0
97.0 7.0 8.0
97.0 7.0 8.0
113.0 8.0 8.0
113.0 8.0 8.0
113.0 8.0 8.0
113.0 8.0 8.0
113.0 8.0 8.0
113.0 8.0 8.0
113.0 8.0 8.0
113.0 8.0 8.0
113.0 8.0 8.0
113.0 8.0 8.0
113.0 8.0 8.0
113.0 8.0 8.0
113.0 8.0 8.0
113.0 8.0 8.0
113.0 8.0 8.0
113.0 8.0 8.0
113.0 8.0 8.0
113.0 8.0 8.0
129.0 9.0 8.0
129.0 9.0 8.0
129.0 9.0 8.0
129.0 9.0 8.0
129.0 9.0 8.0
129.0 9.0 8.0
129.0 9.0 8.0
129.0 9.0 8.0
129.0 9.0 8.0
129.0 9.0 8.0
129.0 9.0 8.0
129.0 9.0 8.0
129.0 9.0 8.0
145.0 10.0 8.0
145.0 10.0 8.0
145.0 10.0 8.0
145.0 10.0 8.0
145.0 10.0 8.0
145.0 10.0 8.0
145.0 10.0 8.0
145.0 10.0 8.0
145.0 10.0 8.0
145.0 10.0 8.0
145.0 10.0 8.0
161.0 11.0 8.0
161.0 11.0 8.0
161.0 11.0 8.0
161.0 11.0 8.0
161.0 11.0 8.0
161.0 11.0 8.0
161.0 11.0 8.0
161.0 11.0 8.0
161.0 11.0 8.0
161.0 11.0 8.0
161.0 11.0 8.0
177.0 12.0 8.0
177.0 12.0 8.0
177.0 12.0 8.0
177.0 12.0 8.0
177.0 12.0 8.0
177.0 12.0 8.0
177.0 12.0 8.0
193.0 13.0 8.0
193.0 13.0 8.0
193.0 13.0 8.0
193.0 13.0 8.0
193.0 13.0 8.0
193.0 13.0 8.0
209.0 14.0 8.0
209.0 14.0 8.0
225.0 15.0 8.0
225.0 15.0 8.0
241.0 16.0 8.0
241.0 16.0 8.0
257.0 17.0 8.0
257.0 17.0 8.0
257.0 17.0 8.0
273.0 18.0 8.0
321.0 21.0 8.0
353.0 23.0 8.0
