rev2
192801.0 12051.0 8.0
193537.0 12097.0 8.0
199169.0 12449.0 8.0
199281.0 12456.0 8.0
199425.0 12465.0 8.0
199697.0 12482.0 8.0
200465.0 12530.0 8.0
200737.0 12547.0 8.0
201265.0 12580.0 8.0
205201.0 12826.0 8.0
206609.0 12914.0 8.0
206737.0 12922.0 8.0
207249.0 12954.0 8.0
207297.0 12957.0 8.0
207761.0 12986.0 8.0
207969.0 12999.0 8.0
208961.0 13061.0 8.0
209137.0 13072.0 8.0
209489.0 13094.0 8.0
209777.0 13112.0 8.0
209873.0 13118.0 8.0
210305.0 13145.0 8.0
211553.0 13223.0 8.0
211585.0 13225.0 8.0
212065.0 13255.0 8.0
212161.0 13261.0 8.0
212353.0 13273.0 8.0
212881.0 13306.0 8.0
212881.0 13306.0 8.0
213297.0 13332.0 8.0
213809.0 13364.0 8.0
214417.0 13402.0 8.0
215265.0 13455.0 8.0
215697.0 13482.0 8.0
215793.0 13488.0 8.0
216097.0 13507.0 8.0
216865.0 13555.0 8.0
216897.0 13557.0 8.0
217425.0 13590.0 8.0
217761.0 13611.0 8.0
218113.0 13633.0 8.0
219409.0 13714.0 8.0
219585.0 13725.0 8.0
219649.0 13729.0 8.0
219809.0 13739.0 8.0
220273.0 13768.0 8.0
220417.0 13777.0 8.0
220993.0 13813.0 8.0
221793.0 13863.0 8.0
221985.0 13875.0 8.0
222033.0 13878.0 8.0
222385.0 13900.0 8.0
222529.0 13909.0 8.0
222689.0 13919.0 8.0
223409.0 13964.0 8.0
223441.0 13966.0 8.0
223905.0 13995.0 8.0
224449.0 14029.0 8.0
224977.0 14062.0 8.0
225185.0 14075.0 8.0
226257.0 14142.0 8.0
226385.0 14150.0 8.0
227009.0 14189.0 8.0
227409.0 14214.0 8.0
227841.0 14241.0 8.0
227921.0 14246.0 8.0
228929.0 14309.0 8.0
229153.0 14323.0 8.0
229681.0 14356.0 8.0
229793.0 14363.0 8.0
230097.0 14382.0 8.0
230513.0 14408.0 8.0
232065.0 14505.0 8.0
232273.0 14518.0 8.0
233633.0 14603.0 8.0
233649.0 14604.0 8.0
233793.0 14613.0 8.0
234513.0 14658.0 8.0
235345.0 14710.0 8.0
235457.0 14717.0 8.0
235489.0 14719.0 8.0
236289.0 14769.0 8.0
237153.0 14823.0 8.0
238641.0 14916.0 8.0
240609.0 15039.0 8.0
241201.0 15076.0 8.0
242577.0 15162.0 8.0
244849.0 15304.0 8.0
246657.0 15417.0 8.0
247505.0 15470.0 8.0
248017.0 15502.0 8.0
248753.0 15548.0 8.0
249841.0 15616.0 8.0
253873.0 15868.0 8.0
254369.0 15899.0 8.0
254545.0 15910.0 8.0
259297.0 16207.0 8.0
261345.0 16335.0 8.0
271713.0 16983.0 8.0
291585.0 18225.0 8.0
