rev4
2718979.0 170268.0 8.0
2739382.0 171519.0 8.0
2745301.0 171891.0 8.0
2762820.0 172990.0 8.0
2763165.0 173015.0 8.0
2767357.0 173268.0 8.0
2773303.0 173636.0 8.0
2775563.0 173765.0 8.0
2776951.0 173854.0 8.0
2777893.0 173930.0 8.0
2779310.0 174015.0 8.0
2785231.0 174370.0 8.0
2787034.0 174507.0 8.0
2788973.0 174611.0 8.0
2789760.0 174677.0 8.0
2808024.0 175834.0 8.0
2815989.0 176343.0 8.0
2827609.0 177037.0 8.0
2832124.0 177335.0 8.0
2852561.0 178604.0 8.0
2857334.0 178909.0 8.0
2861195.0 179136.0 8.0
2863942.0 179323.0 8.0
2864083.0 179342.0 8.0
2865669.0 179439.0 8.0
2877584.0 180178.0 8.0
2880063.0 180327.0 8.0
2880128.0 180360.0 8.0
2895206.0 181289.0 8.0
2895960.0 181328.0 8.0
2897313.0 181409.0 8.0
2898247.0 181459.0 8.0
2904691.0 181878.0 8.0
2906091.0 181958.0 8.0
2928359.0 183346.0 8.0
2936853.0 183889.0 8.0
2943636.0 184349.0 8.0
2945939.0 184452.0 8.0
2948109.0 184574.0 8.0
2949579.0 184675.0 8.0
2954545.0 184983.0 8.0
2958682.0 185255.0 8.0
2959536.0 185290.0 8.0
2965709.0 185693.0 8.0
2969281.0 185933.0 8.0
2972966.0 186146.0 8.0
2975350.0 186306.0 8.0
2975747.0 186329.0 8.0
2976537.0 186378.0 8.0
2977348.0 186450.0 8.0
2980604.0 186625.0 8.0
2980756.0 186622.0 8.0
2987038.0 187024.0 8.0
2998356.0 187725.0 8.0
3003471.0 188047.0 8.0
3016032.0 188869.0 8.0
3023797.0 189324.0 8.0
3023877.0 189335.0 8.0
3027766.0 189579.0 8.0
3030951.0 189775.0 8.0
3033918.0 189978.0 8.0
3037889.0 190238.0 8.0
3038471.0 190231.0 8.0
3038672.0 190270.0 8.0
3047504.0 190824.0 8.0
3048424.0 190865.0 8.0
3059848.0 191580.0 8.0
3061734.0 191714.0 8.0
3085711.0 193199.0 8.0
3091823.0 193587.0 8.0
3097490.0 193945.0 8.0
3098619.0 194018.0 8.0
3113151.0 194928.0 8.0
3148896.0 197158.0 8.0
3154321.0 197491.0 8.0
3161419.0 197942.0 8.0
3173504.0 198700.0 8.0
3184319.0 199366.0 8.0
3184615.0 199397.0 8.0
3187503.0 199578.0 8.0
3199964.0 200361.0 8.0
3204256.0 200637.0 8.0
3233607.0 202472.0 8.0
3249454.0 203470.0 8.0
3256114.0 203889.0 8.0
3258332.0 204003.0 8.0
3273609.0 204978.0 8.0
3294784.0 206297.0 8.0
3305417.0 206954.0 8.0
3306299.0 207027.0 8.0
3315176.0 207574.0 8.0
3336188.0 208878.0 8.0
3341504.0 209249.0 8.0
3357130.0 210189.0 8.0
3375169.0 211322.0 8.0
3439666.0 215367.0 8.0
3579660.0 224127.0 8.0
3692944.0 231203.0 8.0
3722058.0 233061.0 8.0
3787848.0 237153.0 8.0
