rev2
20817.0 1302.0 8.0
21745.0 1360.0 8.0
21809.0 1364.0 8.0
21857.0 1367.0 8.0
21969.0 1374.0 8.0
22145.0 1385.0 8.0
22209.0 1389.0 8.0
22209.0 1389.0 8.0
22257.0 1392.0 8.0
22385.0 1400.0 8.0
22417.0 1402.0 8.0
22417.0 1402.0 8.0
22449.0 1404.0 8.0
22657.0 1417.0 8.0
22657.0 1417.0 8.0
22689.0 1419.0 8.0
22721.0 1421.0 8.0
22769.0 1424.0 8.0
22865.0 1430.0 8.0
22897.0 1432.0 8.0
22945.0 1435.0 8.0
22945.0 1435.0 8.0
23105.0 1445.0 8.0
23121.0 1446.0 8.0
23201.0 1451.0 8.0
23217.0 1452.0 8.0
23233.0 1453.0 8.0
23281.0 1456.0 8.0
23281.0 1456.0 8.0
23297.0 1457.0 8.0
23313.0 1458.0 8.0
23345.0 1460.0 8.0
23345.0 1460.0 8.0
23377.0 1462.0 8.0
23489.0 1469.0 8.0
23569.0 1474.0 8.0
23601.0 1476.0 8.0
23633.0 1478.0 8.0
23729.0 1484.0 8.0
23729.0 1484.0 8.0
23777.0 1487.0 8.0
23793.0 1488.0 8.0
23793.0 1488.0 8.0
23809.0 1489.0 8.0
23841.0 1491.0 8.0
23905.0 1495.0 8.0
23905.0 1495.0 8.0
23985.0 1500.0 8.0
24033.0 1503.0 8.0
24049.0 1504.0 8.0
24065.0 1505.0 8.0
24097.0 1507.0 8.0
24113.0 1508.0 8.0
24113.0 1508.0 8.0
24113.0 1508.0 8.0
24129.0 1509.0 8.0
24225.0 1515.0 8.0
24289.0 1519.0 8.0
24305.0 1520.0 8.0
24321.0 1521.0 8.0
24369.0 1524.0 8.0
24385.0 1525.0 8.0
24401.0 1526.0 8.0
24401.0 1526.0 8.0
24465.0 1530.0 8.0
24561.0 1536.0 8.0
24673.0 1543.0 8.0
24961.0 1561.0 8.0
25073.0 1568.0 8.0
25169.0 1574.0 8.0
25169.0 1574.0 8.0
25185.0 1575.0 8.0
25201.0 1576.0 8.0
25281.0 1581.0 8.0
25361.0 1586.0 8.0
25393.0 1588.0 8.0
25393.0 1588.0 8.0
25425.0 1590.0 8.0
25505.0 1595.0 8.0
25521.0 1596.0 8.0
25681.0 1606.0 8.0
25713.0 1608.0 8.0
25729.0 1609.0 8.0
25729.0 1609.0 8.0
25825.0 1615.0 8.0
25953.0 1623.0 8.0
26001.0 1626.0 8.0
26033.0 1628.0 8.0
26033.0 1628.0 8.0
26177.0 1637.0 8.0
26289.0 1644.0 8.0
26433.0 1653.0 8.0
26625.0 1665.0 8.0
27121.0 1696.0 8.0
27441.0 1716.0 8.0
27905.0 1745.0 8.0
27985.0 1750.0 8.0
28113.0 1758.0 8.0
29537.0 1847.0 8.0
31265.0 1955.0 8.0
