rev2
93953.0 5873.0 8.0
94353.0 5898.0 8.0
96305.0 6020.0 8.0
96769.0 6049.0 8.0
96801.0 6051.0 8.0
97153.0 6073.0 8.0
98225.0 6140.0 8.0
98641.0 6166.0 8.0
98993.0 6188.0 8.0
99185.0 6200.0 8.0
99233.0 6203.0 8.0
100257.0 6267.0 8.0
100337.0 6272.0 8.0
100641.0 6291.0 8.0
100673.0 6293.0 8.0
100945.0 6310.0 8.0
101185.0 6325.0 8.0
101217.0 6327.0 8.0
101377.0 6337.0 8.0
101457.0 6342.0 8.0
101505.0 6345.0 8.0
101569.0 6349.0 8.0
102097.0 6382.0 8.0
102129.0 6384.0 8.0
102193.0 6388.0 8.0
102305.0 6395.0 8.0
102321.0 6396.0 8.0
102353.0 6398.0 8.0
102353.0 6398.0 8.0
102417.0 6402.0 8.0
102449.0 6404.0 8.0
102561.0 6411.0 8.0
102849.0 6429.0 8.0
102897.0 6432.0 8.0
102929.0 6434.0 8.0
103073.0 6443.0 8.0
103105.0 6445.0 8.0
103153.0 6448.0 8.0
103169.0 6449.0 8.0
103185.0 6450.0 8.0
103201.0 6451.0 8.0
103521.0 6471.0 8.0
103681.0 6481.0 8.0
103777.0 6487.0 8.0
104193.0 6513.0 8.0
104497.0 6532.0 8.0
104641.0 6541.0 8.0
104977.0 6562.0 8.0
104993.0 6563.0 8.0
105441.0 6591.0 8.0
105521.0 6596.0 8.0
105825.0 6615.0 8.0
105889.0 6619.0 8.0
105905.0 6620.0 8.0
106097.0 6632.0 8.0
106577.0 6662.0 8.0
106865.0 6680.0 8.0
107585.0 6725.0 8.0
107601.0 6726.0 8.0
108161.0 6761.0 8.0
108545.0 6785.0 8.0
108833.0 6803.0 8.0
108881.0 6806.0 8.0
109089.0 6819.0 8.0
109377.0 6837.0 8.0
109697.0 6857.0 8.0
110273.0 6893.0 8.0
111409.0 6964.0 8.0
111505.0 6970.0 8.0
111601.0 6976.0 8.0
111793.0 6988.0 8.0
112529.0 7034.0 8.0
112593.0 7038.0 8.0
113169.0 7074.0 8.0
113361.0 7086.0 8.0
113457.0 7092.0 8.0
113649.0 7104.0 8.0
113681.0 7106.0 8.0
113873.0 7118.0 8.0
114273.0 7143.0 8.0
114289.0 7144.0 8.0
114305.0 7145.0 8.0
114417.0 7152.0 8.0
114529.0 7159.0 8.0
114561.0 7161.0 8.0
116977.0 7312.0 8.0
117153.0 7323.0 8.0
118113.0 7383.0 8.0
118609.0 7414.0 8.0
119617.0 7477.0 8.0
120529.0 7534.0 8.0
121089.0 7569.0 8.0
125649.0 7854.0 8.0
125745.0 7860.0 8.0
127569.0 7974.0 8.0
127841.0 7991.0 8.0
131697.0 8232.0 8.0
136289.0 8519.0 8.0
138081.0 8631.0 8.0
138273.0 8643.0 8.0
