rev4
273.0 18.0 8.0
289.0 19.0 8.0
305.0 20.0 8.0
321.0 21.0 8.0
321.0 21.0 8.0
321.0 21.0 8.0
336.0 22.0 8.0
337.0 22.0 8.0
337.0 22.0 8.0
337.0 22.0 8.0
337.0 22.0 8.0
337.0 22.0 8.0
337.0 22.0 8.0
352.0 23.0 8.0
353.0 23.0 8.0
353.0 23.0 8.0
353.0 23.0 8.0
353.0 23.0 8.0
353.0 23.0 8.0
353.0 23.0 8.0
353.0 23.0 8.0
353.0 23.0 8.0
353.0 23.0 8.0
367.0 24.0 8.0
368.0 24.0 8.0
369.0 24.0 8.0
369.0 24.0 8.0
369.0 24.0 8.0
369.0 24.0 8.0
369.0 24.0 8.0
369.0 24.0 8.0
369.0 24.0 8.0
369.0 24.0 8.0
369.0 24.0 8.0
377.0 25.0 8.0
384.0 25.0 8.0
385.0 25.0 8.0
385.0 25.0 8.0
385.0 25.0 8.0
385.0 25.0 8.0
385.0 25.0 8.0
393.0 26.0 8.0
401.0 26.0 8.0
401.0 26.0 8.0
401.0 26.0 8.0
401.0 26.0 8.0
401.0 26.0 8.0
401.0 26.0 8.0
409.0 27.0 8.0
409.0 27.0 8.0
416.0 27.0 8.0
417.0 27.0 8.0
417.0 27.0 8.0
417.0 27.0 8.0
417.0 27.0 8.0
417.0 27.0 8.0
417.0 27.0 8.0
417.0 27.0 8.0
431.0 28.0 8.0
433.0 28.0 8.0
433.0 28.0 8.0
433.0 28.0 8.0
433.0 28.0 8.0
433.0 28.0 8.0
449.0 29.0 8.0
449.0 29.0 8.0
449.0 29.0 8.0
449.0 29.0 8.0
464.0 30.0 8.0
464.0 30.0 8.0
465.0 30.0 8.0
465.0 30.0 8.0
465.0 30.0 8.0
465.0 30.0 8.0
465.0 30.0 8.0
465.0 30.0 8.0
465.0 30.0 8.0
465.0 30.0 8.0
480.0 31.0 8.0
480.0 31.0 8.0
481.0 31.0 8.0
481.0 31.0 8.0
481.0 31.0 8.0
481.0 31.0 8.0
481.0 31.0 8.0
489.0 32.0 8.0
505.0 33.0 8.0
513.0 33.0 8.0
513.0 33.0 8.0
545.0 35.0 8.0
545.0 35.0 8.0
545.0 35.0 8.0
560.0 36.0 8.0
561.0 36.0 8.0
561.0 36.0 8.0
569.0 37.0 8.0
593.0 38.0 8.0
609.0 39.0 8.0
657.0 42.0 8.0
673.0 43.0 8.0
