rev2
4529.0 284.0 8.0
4561.0 286.0 8.0
4561.0 286.0 8.0
4561.0 286.0 8.0
4737.0 297.0 8.0
4785.0 300.0 8.0
4801.0 301.0 8.0
4865.0 305.0 8.0
4897.0 307.0 8.0
4913.0 308.0 8.0
4945.0 310.0 8.0
4945.0 310.0 8.0
4961.0 311.0 8.0
4977.0 312.0 8.0
4993.0 313.0 8.0
4993.0 313.0 8.0
5009.0 314.0 8.0
5009.0 314.0 8.0
5025.0 315.0 8.0
5041.0 316.0 8.0
5057.0 317.0 8.0
5073.0 318.0 8.0
5073.0 318.0 8.0
5073.0 318.0 8.0
5105.0 320.0 8.0
5153.0 323.0 8.0
5153.0 323.0 8.0
5153.0 323.0 8.0
5169.0 324.0 8.0
5185.0 325.0 8.0
5201.0 326.0 8.0
5201.0 326.0 8.0
5217.0 327.0 8.0
5233.0 328.0 8.0
5249.0 329.0 8.0
5249.0 329.0 8.0
5281.0 331.0 8.0
5281.0 331.0 8.0
5297.0 332.0 8.0
5297.0 332.0 8.0
5345.0 335.0 8.0
5345.0 335.0 8.0
5345.0 335.0 8.0
5361.0 336.0 8.0
5377.0 337.0 8.0
5377.0 337.0 8.0
5377.0 337.0 8.0
5393.0 338.0 8.0
5425.0 340.0 8.0
5425.0 340.0 8.0
5441.0 341.0 8.0
5441.0 341.0 8.0
5441.0 341.0 8.0
5457.0 342.0 8.0
5473.0 343.0 8.0
5489.0 344.0 8.0
5505.0 345.0 8.0
5553.0 348.0 8.0
5569.0 349.0 8.0
5585.0 350.0 8.0
5585.0 350.0 8.0
5633.0 353.0 8.0
5649.0 354.0 8.0
5665.0 355.0 8.0
5681.0 356.0 8.0
5681.0 356.0 8.0
5681.0 356.0 8.0
5697.0 357.0 8.0
5729.0 359.0 8.0
5745.0 360.0 8.0
5745.0 360.0 8.0
5793.0 363.0 8.0
5809.0 364.0 8.0
5825.0 365.0 8.0
5841.0 366.0 8.0
5841.0 366.0 8.0
5857.0 367.0 8.0
5905.0 370.0 8.0
5921.0 371.0 8.0
5937.0 372.0 8.0
5937.0 372.0 8.0
5969.0 374.0 8.0
5985.0 375.0 8.0
6017.0 377.0 8.0
6033.0 378.0 8.0
6049.0 379.0 8.0
6065.0 380.0 8.0
6081.0 381.0 8.0
6129.0 384.0 8.0
6321.0 396.0 8.0
6337.0 397.0 8.0
6369.0 399.0 8.0
6465.0 405.0 8.0
6513.0 408.0 8.0
6529.0 409.0 8.0
6593.0 413.0 8.0
6897.0 432.0 8.0
7121.0 446.0 8.0
7265.0 455.0 8.0
8113.0 508.0 8.0
