rev2
3.3163777E7 2072737.0 8.0
3.3276513E7 2079783.0 8.0
3.3715745E7 2107235.0 8.0
3.3877777E7 2117362.0 8.0
3.3887841E7 2117991.0 8.0
3.3894081E7 2118381.0 8.0
3.3924817E7 2120302.0 8.0
3.4279249E7 2142454.0 8.0
3.4320113E7 2145008.0 8.0
3.4511265E7 2156955.0 8.0
3.4659345E7 2166210.0 8.0
3.4671089E7 2166944.0 8.0
3.4691489E7 2168219.0 8.0
3.4806097E7 2175382.0 8.0
3.4839057E7 2177442.0 8.0
3.4865201E7 2179076.0 8.0
3.4952273E7 2184518.0 8.0
3.5015329E7 2188459.0 8.0
3.5016225E7 2188515.0 8.0
3.5039073E7 2189943.0 8.0
3.5059617E7 2191227.0 8.0
3.5141169E7 2196324.0 8.0
3.5248977E7 2203062.0 8.0
3.5289873E7 2205618.0 8.0
3.5313873E7 2207118.0 8.0
3.5379169E7 2211199.0 8.0
3.5552625E7 2222040.0 8.0
3.5556113E7 2222258.0 8.0
3.5615921E7 2225996.0 8.0
3.5660897E7 2228807.0 8.0
3.5686161E7 2230386.0 8.0
3.5815537E7 2238472.0 8.0
3.5880225E7 2242515.0 8.0
3.5899169E7 2243699.0 8.0
3.5918577E7 2244912.0 8.0
3.5976513E7 2248533.0 8.0
3.6028273E7 2251768.0 8.0
3.6054689E7 2253419.0 8.0
3.6082561E7 2255161.0 8.0
3.6111073E7 2256943.0 8.0
3.6236081E7 2264756.0 8.0
3.6244641E7 2265291.0 8.0
3.6455057E7 2278442.0 8.0
3.6464049E7 2279004.0 8.0
3.6466721E7 2279171.0 8.0
3.6467761E7 2279236.0 8.0
3.6556097E7 2284757.0 8.0
3.6595249E7 2287204.0 8.0
3.6623969E7 2288999.0 8.0
3.6628401E7 2289276.0 8.0
3.6631473E7 2289468.0 8.0
3.6688145E7 2293010.0 8.0
3.6769809E7 2298114.0 8.0
3.6819889E7 2301244.0 8.0
3.6871009E7 2304439.0 8.0
3.6883953E7 2305248.0 8.0
3.6918193E7 2307388.0 8.0
3.6921745E7 2307610.0 8.0
3.6932849E7 2308304.0 8.0
3.6948497E7 2309282.0 8.0
3.6962865E7 2310180.0 8.0
3.7017633E7 2313603.0 8.0
3.7028177E7 2314262.0 8.0
3.7117585E7 2319850.0 8.0
3.7130961E7 2320686.0 8.0
3.7152849E7 2322054.0 8.0
3.7165377E7 2322837.0 8.0
3.7191793E7 2324488.0 8.0
3.7240529E7 2327534.0 8.0
3.7318369E7 2332399.0 8.0
3.7339745E7 2333735.0 8.0
3.7358273E7 2334893.0 8.0
3.7391265E7 2336955.0 8.0
3.7425393E7 2339088.0 8.0
3.7503777E7 2343987.0 8.0
3.7568369E7 2348024.0 8.0
3.7957489E7 2372344.0 8.0
3.8000769E7 2375049.0 8.0
3.8125521E7 2382846.0 8.0
3.8172273E7 2385768.0 8.0
3.8197009E7 2387314.0 8.0
3.8228561E7 2389286.0 8.0
3.8230929E7 2389434.0 8.0
3.8356225E7 2397265.0 8.0
3.8561457E7 2410092.0 8.0
3.8582593E7 2411413.0 8.0
3.8960817E7 2435052.0 8.0
3.8965233E7 2435328.0 8.0
3.9010913E7 2438183.0 8.0
3.9127473E7 2445468.0 8.0
3.9252289E7 2453269.0 8.0
3.9610097E7 2475632.0 8.0
3.9611121E7 2475696.0 8.0
3.9903729E7 2493984.0 8.0
3.9968433E7 2498028.0 8.0
3.9994305E7 2499645.0 8.0
4.0315105E7 2519695.0 8.0
4.1498865E7 2593680.0 8.0
4.2526337E7 2657897.0 8.0
4.6460193E7 2903763.0 8.0
