rev2
838193.0 52388.0 8.0
838289.0 52394.0 8.0
849841.0 53116.0 8.0
854401.0 53401.0 8.0
876225.0 54765.0 8.0
879377.0 54962.0 8.0
879553.0 54973.0 8.0
886369.0 55399.0 8.0
887009.0 55439.0 8.0
887265.0 55455.0 8.0
887777.0 55487.0 8.0
888193.0 55513.0 8.0
892129.0 55759.0 8.0
894129.0 55884.0 8.0
894993.0 55938.0 8.0
895537.0 55972.0 8.0
898401.0 56151.0 8.0
903985.0 56500.0 8.0
904913.0 56558.0 8.0
910433.0 56903.0 8.0
910977.0 56937.0 8.0
911217.0 56952.0 8.0
915217.0 57202.0 8.0
917873.0 57368.0 8.0
921425.0 57590.0 8.0
921905.0 57620.0 8.0
925505.0 57845.0 8.0
926545.0 57910.0 8.0
927585.0 57975.0 8.0
930593.0 58163.0 8.0
931105.0 58195.0 8.0
932321.0 58271.0 8.0
935825.0 58490.0 8.0
936721.0 58546.0 8.0
937393.0 58588.0 8.0
938369.0 58649.0 8.0
938881.0 58681.0 8.0
938929.0 58684.0 8.0
939569.0 58724.0 8.0
939633.0 58728.0 8.0
942289.0 58894.0 8.0
942737.0 58922.0 8.0
945041.0 59066.0 8.0
946081.0 59131.0 8.0
947585.0 59225.0 8.0
948225.0 59265.0 8.0
952001.0 59501.0 8.0
953633.0 59603.0 8.0
956017.0 59752.0 8.0
956385.0 59775.0 8.0
958849.0 59929.0 8.0
960193.0 60013.0 8.0
960769.0 60049.0 8.0
963073.0 60193.0 8.0
964417.0 60277.0 8.0
964593.0 60288.0 8.0
964993.0 60313.0 8.0
965553.0 60348.0 8.0
965777.0 60362.0 8.0
966209.0 60389.0 8.0
968769.0 60549.0 8.0
970529.0 60659.0 8.0
970737.0 60672.0 8.0
972545.0 60785.0 8.0
973057.0 60817.0 8.0
976561.0 61036.0 8.0
976609.0 61039.0 8.0
979393.0 61213.0 8.0
981473.0 61343.0 8.0
983313.0 61458.0 8.0
984497.0 61532.0 8.0
985777.0 61612.0 8.0
986945.0 61685.0 8.0
987969.0 61749.0 8.0
988161.0 61761.0 8.0
997329.0 62334.0 8.0
998065.0 62380.0 8.0
998769.0 62424.0 8.0
1016289.0 63519.0 8.0
1017025.0 63565.0 8.0
1018401.0 63651.0 8.0
1028817.0 64302.0 8.0
1030033.0 64378.0 8.0
1031361.0 64461.0 8.0
1032177.0 64512.0 8.0
1041025.0 65065.0 8.0
1044481.0 65281.0 8.0
1048033.0 65503.0 8.0
1066673.0 66668.0 8.0
1069841.0 66866.0 8.0
1071601.0 66976.0 8.0
1072449.0 67029.0 8.0
1076017.0 67252.0 8.0
1099425.0 68715.0 8.0
1102945.0 68935.0 8.0
1120993.0 70063.0 8.0
1131633.0 70728.0 8.0
1166385.0 72900.0 8.0
1203905.0 75245.0 8.0
1294721.0 80921.0 8.0
