rev2
881.0 56.0 8.0
881.0 56.0 8.0
881.0 56.0 8.0
913.0 58.0 8.0
929.0 59.0 8.0
945.0 60.0 8.0
961.0 61.0 8.0
977.0 62.0 8.0
993.0 63.0 8.0
1025.0 65.0 8.0
1025.0 65.0 8.0
1041.0 66.0 8.0
1057.0 67.0 8.0
1057.0 67.0 8.0
1057.0 67.0 8.0
1073.0 68.0 8.0
1073.0 68.0 8.0
1073.0 68.0 8.0
1105.0 70.0 8.0
1105.0 70.0 8.0
1105.0 70.0 8.0
1105.0 70.0 8.0
1105.0 70.0 8.0
1105.0 70.0 8.0
1121.0 71.0 8.0
1121.0 71.0 8.0
1121.0 71.0 8.0
1137.0 72.0 8.0
1137.0 72.0 8.0
1137.0 72.0 8.0
1137.0 72.0 8.0
1137.0 72.0 8.0
1153.0 73.0 8.0
1153.0 73.0 8.0
1169.0 74.0 8.0
1169.0 74.0 8.0
1169.0 74.0 8.0
1169.0 74.0 8.0
1169.0 74.0 8.0
1169.0 74.0 8.0
1185.0 75.0 8.0
1201.0 76.0 8.0
1201.0 76.0 8.0
1217.0 77.0 8.0
1233.0 78.0 8.0
1233.0 78.0 8.0
1233.0 78.0 8.0
1233.0 78.0 8.0
1249.0 79.0 8.0
1249.0 79.0 8.0
1249.0 79.0 8.0
1249.0 79.0 8.0
1265.0 80.0 8.0
1265.0 80.0 8.0
1265.0 80.0 8.0
1265.0 80.0 8.0
1265.0 80.0 8.0
1265.0 80.0 8.0
1281.0 81.0 8.0
1281.0 81.0 8.0
1281.0 81.0 8.0
1297.0 82.0 8.0
1297.0 82.0 8.0
1297.0 82.0 8.0
1297.0 82.0 8.0
1313.0 83.0 8.0
1313.0 83.0 8.0
1329.0 84.0 8.0
1345.0 85.0 8.0
1345.0 85.0 8.0
1361.0 86.0 8.0
1377.0 87.0 8.0
1377.0 87.0 8.0
1377.0 87.0 8.0
1409.0 89.0 8.0
1409.0 89.0 8.0
1409.0 89.0 8.0
1441.0 91.0 8.0
1441.0 91.0 8.0
1441.0 91.0 8.0
1457.0 92.0 8.0
1473.0 93.0 8.0
1473.0 93.0 8.0
1473.0 93.0 8.0
1489.0 94.0 8.0
1489.0 94.0 8.0
1505.0 95.0 8.0
1505.0 95.0 8.0
1521.0 96.0 8.0
1537.0 97.0 8.0
1537.0 97.0 8.0
1569.0 99.0 8.0
1585.0 100.0 8.0
1601.0 101.0 8.0
1617.0 102.0 8.0
1617.0 102.0 8.0
1697.0 107.0 8.0
1713.0 108.0 8.0
1809.0 114.0 8.0
1841.0 116.0 8.0
