rev2
109553.0 6848.0 8.0
111809.0 6989.0 8.0
112321.0 7021.0 8.0
112801.0 7051.0 8.0
113777.0 7112.0 8.0
114097.0 7132.0 8.0
114545.0 7160.0 8.0
114753.0 7173.0 8.0
115409.0 7214.0 8.0
115425.0 7215.0 8.0
116001.0 7251.0 8.0
116817.0 7302.0 8.0
116993.0 7313.0 8.0
117393.0 7338.0 8.0
117489.0 7344.0 8.0
117777.0 7362.0 8.0
117841.0 7366.0 8.0
118481.0 7406.0 8.0
118497.0 7407.0 8.0
118961.0 7436.0 8.0
120417.0 7527.0 8.0
120673.0 7543.0 8.0
120689.0 7544.0 8.0
121137.0 7572.0 8.0
121169.0 7574.0 8.0
121361.0 7586.0 8.0
121361.0 7586.0 8.0
121441.0 7591.0 8.0
121457.0 7592.0 8.0
121617.0 7602.0 8.0
121825.0 7615.0 8.0
121905.0 7620.0 8.0
121937.0 7622.0 8.0
121985.0 7625.0 8.0
122561.0 7661.0 8.0
123009.0 7689.0 8.0
123153.0 7698.0 8.0
123185.0 7700.0 8.0
123217.0 7702.0 8.0
123537.0 7722.0 8.0
124305.0 7770.0 8.0
124401.0 7776.0 8.0
124529.0 7784.0 8.0
124993.0 7813.0 8.0
125073.0 7818.0 8.0
125601.0 7851.0 8.0
125649.0 7854.0 8.0
126049.0 7879.0 8.0
126385.0 7900.0 8.0
126433.0 7903.0 8.0
127793.0 7988.0 8.0
128129.0 8009.0 8.0
128193.0 8013.0 8.0
128225.0 8015.0 8.0
128625.0 8040.0 8.0
128833.0 8053.0 8.0
128977.0 8062.0 8.0
129073.0 8068.0 8.0
129457.0 8092.0 8.0
129537.0 8097.0 8.0
130097.0 8132.0 8.0
130401.0 8151.0 8.0
130417.0 8152.0 8.0
130481.0 8156.0 8.0
130545.0 8160.0 8.0
130881.0 8181.0 8.0
130929.0 8184.0 8.0
131025.0 8190.0 8.0
131105.0 8195.0 8.0
131217.0 8202.0 8.0
131329.0 8209.0 8.0
131393.0 8213.0 8.0
131889.0 8244.0 8.0
132209.0 8264.0 8.0
132801.0 8301.0 8.0
133281.0 8331.0 8.0
134081.0 8381.0 8.0
134609.0 8414.0 8.0
134881.0 8431.0 8.0
134993.0 8438.0 8.0
135713.0 8483.0 8.0
136129.0 8509.0 8.0
136353.0 8523.0 8.0
136929.0 8559.0 8.0
138305.0 8645.0 8.0
138801.0 8676.0 8.0
139617.0 8727.0 8.0
139681.0 8731.0 8.0
139745.0 8735.0 8.0
141697.0 8857.0 8.0
142929.0 8934.0 8.0
145409.0 9089.0 8.0
146081.0 9131.0 8.0
146145.0 9135.0 8.0
146401.0 9151.0 8.0
147473.0 9218.0 8.0
149985.0 9375.0 8.0
153185.0 9575.0 8.0
156145.0 9760.0 8.0
159073.0 9943.0 8.0
