rev2
4178177.0 261137.0 8.0
4218865.0 263680.0 8.0
4229537.0 264347.0 8.0
4267825.0 266740.0 8.0
4270961.0 266936.0 8.0
4280241.0 267516.0 8.0
4281377.0 267587.0 8.0
4282497.0 267657.0 8.0
4285249.0 267829.0 8.0
4289633.0 268103.0 8.0
4318673.0 269918.0 8.0
4335841.0 270991.0 8.0
4338913.0 271183.0 8.0
4339041.0 271191.0 8.0
4347825.0 271740.0 8.0
4349009.0 271814.0 8.0
4350721.0 271921.0 8.0
4379809.0 273739.0 8.0
4386737.0 274172.0 8.0
4395153.0 274698.0 8.0
4403825.0 275240.0 8.0
4411329.0 275709.0 8.0
4426609.0 276664.0 8.0
4432353.0 277023.0 8.0
4436785.0 277300.0 8.0
4450385.0 278150.0 8.0
4453441.0 278341.0 8.0
4461169.0 278824.0 8.0
4463793.0 278988.0 8.0
4477857.0 279867.0 8.0
4491441.0 280716.0 8.0
4499745.0 281235.0 8.0
4501505.0 281345.0 8.0
4511121.0 281946.0 8.0
4513105.0 282070.0 8.0
4514353.0 282148.0 8.0
4537505.0 283595.0 8.0
4550161.0 284386.0 8.0
4550817.0 284427.0 8.0
4560241.0 285016.0 8.0
4561745.0 285110.0 8.0
4567633.0 285478.0 8.0
4574417.0 285902.0 8.0
4577233.0 286078.0 8.0
4587969.0 286749.0 8.0
4588465.0 286780.0 8.0
4594305.0 287145.0 8.0
4598961.0 287436.0 8.0
4630801.0 289426.0 8.0
4636769.0 289799.0 8.0
4641169.0 290074.0 8.0
4670369.0 291899.0 8.0
4673425.0 292090.0 8.0
4675889.0 292244.0 8.0
4682817.0 292677.0 8.0
4698417.0 293652.0 8.0
4698817.0 293677.0 8.0
4699457.0 293717.0 8.0
4747297.0 296707.0 8.0
4754241.0 297141.0 8.0
4759889.0 297494.0 8.0
4761441.0 297591.0 8.0
4786657.0 299167.0 8.0
4788849.0 299304.0 8.0
4798209.0 299889.0 8.0
4801809.0 300114.0 8.0
4809745.0 300610.0 8.0
4817121.0 301071.0 8.0
4817505.0 301095.0 8.0
4824689.0 301544.0 8.0
4843297.0 302707.0 8.0
4855489.0 303469.0 8.0
4861665.0 303855.0 8.0
4862225.0 303890.0 8.0
4887617.0 305477.0 8.0
4889809.0 305614.0 8.0
4900785.0 306300.0 8.0
4904481.0 306531.0 8.0
4918225.0 307390.0 8.0
4928657.0 308042.0 8.0
4954081.0 309631.0 8.0
4964513.0 310283.0 8.0
4998705.0 312420.0 8.0
5000689.0 312544.0 8.0
5008801.0 313051.0 8.0
5024609.0 314039.0 8.0
5094529.0 318409.0 8.0
5133825.0 320865.0 8.0
5182433.0 323903.0 8.0
5198881.0 324931.0 8.0
5219473.0 326218.0 8.0
5247345.0 327960.0 8.0
5249553.0 328098.0 8.0
5274753.0 329673.0 8.0
5307745.0 331735.0 8.0
5499041.0 343691.0 8.0
5579873.0 348743.0 8.0
5589697.0 349357.0 8.0
5902033.0 368878.0 8.0
6445665.0 402855.0 8.0
