rev2
52049.0 3254.0 8.0
53153.0 3323.0 8.0
53329.0 3334.0 8.0
54833.0 3428.0 8.0
54945.0 3435.0 8.0
54945.0 3435.0 8.0
55409.0 3464.0 8.0
55681.0 3481.0 8.0
56033.0 3503.0 8.0
56225.0 3515.0 8.0
56289.0 3519.0 8.0
56353.0 3523.0 8.0
56881.0 3556.0 8.0
57137.0 3572.0 8.0
57345.0 3585.0 8.0
57393.0 3588.0 8.0
57585.0 3600.0 8.0
57633.0 3603.0 8.0
58033.0 3628.0 8.0
58225.0 3640.0 8.0
58385.0 3650.0 8.0
58385.0 3650.0 8.0
58401.0 3651.0 8.0
58417.0 3652.0 8.0
58625.0 3665.0 8.0
58817.0 3677.0 8.0
58993.0 3688.0 8.0
59025.0 3690.0 8.0
59025.0 3690.0 8.0
59169.0 3699.0 8.0
59249.0 3704.0 8.0
59313.0 3708.0 8.0
59425.0 3715.0 8.0
59953.0 3748.0 8.0
60049.0 3754.0 8.0
60049.0 3754.0 8.0
60081.0 3756.0 8.0
60161.0 3761.0 8.0
60337.0 3772.0 8.0
60353.0 3773.0 8.0
60657.0 3792.0 8.0
60673.0 3793.0 8.0
60737.0 3797.0 8.0
60817.0 3802.0 8.0
60993.0 3813.0 8.0
61009.0 3814.0 8.0
61057.0 3817.0 8.0
61089.0 3819.0 8.0
61265.0 3830.0 8.0
61361.0 3836.0 8.0
61665.0 3855.0 8.0
61681.0 3856.0 8.0
61697.0 3857.0 8.0
61793.0 3863.0 8.0
61857.0 3867.0 8.0
61985.0 3875.0 8.0
62065.0 3880.0 8.0
62065.0 3880.0 8.0
62321.0 3896.0 8.0
62481.0 3906.0 8.0
62561.0 3911.0 8.0
62865.0 3930.0 8.0
62945.0 3935.0 8.0
62993.0 3938.0 8.0
63153.0 3948.0 8.0
63233.0 3953.0 8.0
63249.0 3954.0 8.0
63473.0 3968.0 8.0
63537.0 3972.0 8.0
63553.0 3973.0 8.0
63697.0 3982.0 8.0
64097.0 4007.0 8.0
64241.0 4016.0 8.0
64353.0 4023.0 8.0
64401.0 4026.0 8.0
64401.0 4026.0 8.0
64417.0 4027.0 8.0
64433.0 4028.0 8.0
64545.0 4035.0 8.0
65281.0 4081.0 8.0
65297.0 4082.0 8.0
65297.0 4082.0 8.0
65393.0 4088.0 8.0
65409.0 4089.0 8.0
65473.0 4093.0 8.0
65553.0 4098.0 8.0
66641.0 4166.0 8.0
66977.0 4187.0 8.0
67553.0 4223.0 8.0
67937.0 4247.0 8.0
68833.0 4303.0 8.0
69137.0 4322.0 8.0
70001.0 4376.0 8.0
70513.0 4408.0 8.0
71121.0 4446.0 8.0
72353.0 4523.0 8.0
73249.0 4579.0 8.0
73569.0 4599.0 8.0
75201.0 4701.0 8.0
76481.0 4781.0 8.0
