rev2
454961.0 28436.0 8.0
478001.0 29876.0 8.0
478145.0 29885.0 8.0
478865.0 29930.0 8.0
479969.0 29999.0 8.0
480497.0 30032.0 8.0
482481.0 30156.0 8.0
484433.0 30278.0 8.0
487617.0 30477.0 8.0
488209.0 30514.0 8.0
489025.0 30565.0 8.0
491985.0 30750.0 8.0
492081.0 30756.0 8.0
493505.0 30845.0 8.0
493505.0 30845.0 8.0
495345.0 30960.0 8.0
495873.0 30993.0 8.0
496817.0 31052.0 8.0
498385.0 31150.0 8.0
498721.0 31171.0 8.0
501313.0 31333.0 8.0
501361.0 31336.0 8.0
502785.0 31425.0 8.0
503601.0 31476.0 8.0
504737.0 31547.0 8.0
507441.0 31716.0 8.0
508049.0 31754.0 8.0
509025.0 31815.0 8.0
509185.0 31825.0 8.0
509265.0 31830.0 8.0
510337.0 31897.0 8.0
513489.0 32094.0 8.0
513633.0 32103.0 8.0
516241.0 32266.0 8.0
518417.0 32402.0 8.0
519489.0 32469.0 8.0
519585.0 32475.0 8.0
520417.0 32527.0 8.0
520897.0 32557.0 8.0
524785.0 32800.0 8.0
527249.0 32954.0 8.0
528673.0 33043.0 8.0
528769.0 33049.0 8.0
528785.0 33050.0 8.0
532081.0 33256.0 8.0
532529.0 33284.0 8.0
532753.0 33298.0 8.0
533473.0 33343.0 8.0
534017.0 33377.0 8.0
534865.0 33430.0 8.0
535057.0 33442.0 8.0
535329.0 33459.0 8.0
536049.0 33504.0 8.0
537345.0 33585.0 8.0
538033.0 33628.0 8.0
539185.0 33700.0 8.0
540033.0 33753.0 8.0
540193.0 33763.0 8.0
541489.0 33844.0 8.0
543329.0 33959.0 8.0
543537.0 33972.0 8.0
543585.0 33975.0 8.0
546865.0 34180.0 8.0
549777.0 34362.0 8.0
550657.0 34417.0 8.0
551025.0 34440.0 8.0
551329.0 34459.0 8.0
551905.0 34495.0 8.0
552017.0 34502.0 8.0
553473.0 34593.0 8.0
553761.0 34611.0 8.0
557889.0 34869.0 8.0
561569.0 35099.0 8.0
564497.0 35282.0 8.0
565697.0 35357.0 8.0
566913.0 35433.0 8.0
569073.0 35568.0 8.0
569233.0 35578.0 8.0
574049.0 35879.0 8.0
576033.0 36003.0 8.0
577249.0 36079.0 8.0
577345.0 36085.0 8.0
580305.0 36270.0 8.0
584209.0 36514.0 8.0
592065.0 37005.0 8.0
594433.0 37153.0 8.0
595281.0 37206.0 8.0
595937.0 37247.0 8.0
598641.0 37416.0 8.0
606657.0 37917.0 8.0
615121.0 38446.0 8.0
634193.0 39638.0 8.0
635089.0 39694.0 8.0
641409.0 40089.0 8.0
642609.0 40164.0 8.0
646961.0 40436.0 8.0
659265.0 41205.0 8.0
664993.0 41563.0 8.0
668273.0 41768.0 8.0
704785.0 44050.0 8.0
