rev2
11793.0 738.0 8.0
12001.0 751.0 8.0
12065.0 755.0 8.0
12241.0 766.0 8.0
12577.0 787.0 8.0
12641.0 791.0 8.0
12705.0 795.0 8.0
12833.0 803.0 8.0
12977.0 812.0 8.0
12993.0 813.0 8.0
13121.0 821.0 8.0
13121.0 821.0 8.0
13169.0 824.0 8.0
13217.0 827.0 8.0
13233.0 828.0 8.0
13233.0 828.0 8.0
13297.0 832.0 8.0
13361.0 836.0 8.0
13441.0 841.0 8.0
13473.0 843.0 8.0
13489.0 844.0 8.0
13505.0 845.0 8.0
13505.0 845.0 8.0
13617.0 852.0 8.0
13633.0 853.0 8.0
13665.0 855.0 8.0
13729.0 859.0 8.0
13761.0 861.0 8.0
13777.0 862.0 8.0
13793.0 863.0 8.0
13825.0 865.0 8.0
13825.0 865.0 8.0
13841.0 866.0 8.0
13857.0 867.0 8.0
13857.0 867.0 8.0
13905.0 870.0 8.0
13937.0 872.0 8.0
13953.0 873.0 8.0
13953.0 873.0 8.0
14065.0 880.0 8.0
14145.0 885.0 8.0
14145.0 885.0 8.0
14177.0 887.0 8.0
14209.0 889.0 8.0
14257.0 892.0 8.0
14337.0 897.0 8.0
14353.0 898.0 8.0
14385.0 900.0 8.0
14417.0 902.0 8.0
14449.0 904.0 8.0
14497.0 907.0 8.0
14513.0 908.0 8.0
14561.0 911.0 8.0
14593.0 913.0 8.0
14625.0 915.0 8.0
14641.0 916.0 8.0
14641.0 916.0 8.0
14833.0 928.0 8.0
14945.0 935.0 8.0
15057.0 942.0 8.0
15089.0 944.0 8.0
15105.0 945.0 8.0
15121.0 946.0 8.0
15153.0 948.0 8.0
15153.0 948.0 8.0
15217.0 952.0 8.0
15265.0 955.0 8.0
15361.0 961.0 8.0
15441.0 966.0 8.0
15489.0 969.0 8.0
15553.0 973.0 8.0
15553.0 973.0 8.0
15553.0 973.0 8.0
15601.0 976.0 8.0
15617.0 977.0 8.0
15633.0 978.0 8.0
15665.0 980.0 8.0
15681.0 981.0 8.0
15697.0 982.0 8.0
15841.0 991.0 8.0
15841.0 991.0 8.0
15857.0 992.0 8.0
15873.0 993.0 8.0
15905.0 995.0 8.0
16017.0 1002.0 8.0
16033.0 1003.0 8.0
16225.0 1015.0 8.0
16369.0 1024.0 8.0
16385.0 1025.0 8.0
16449.0 1029.0 8.0
16449.0 1029.0 8.0
16449.0 1029.0 8.0
16545.0 1035.0 8.0
16609.0 1039.0 8.0
16689.0 1044.0 8.0
16721.0 1046.0 8.0
17425.0 1090.0 8.0
17505.0 1095.0 8.0
17697.0 1107.0 8.0
22305.0 1395.0 8.0
