rev4
4008.0 252.0 8.0
4152.0 261.0 8.0
4192.0 264.0 8.0
4343.0 273.0 8.0
4360.0 274.0 8.0
4381.0 275.0 8.0
4401.0 276.0 8.0
4454.0 280.0 8.0
4489.0 282.0 8.0
4511.0 283.0 8.0
4534.0 285.0 8.0
4555.0 286.0 8.0
4568.0 287.0 8.0
4624.0 291.0 8.0
4653.0 292.0 8.0
4751.0 299.0 8.0
4753.0 298.0 8.0
4790.0 302.0 8.0
4795.0 301.0 8.0
4800.0 301.0 8.0
4814.0 302.0 8.0
4839.0 304.0 8.0
4848.0 304.0 8.0
4863.0 306.0 8.0
4863.0 306.0 8.0
4864.0 305.0 8.0
4907.0 308.0 8.0
4908.0 308.0 8.0
4934.0 310.0 8.0
4934.0 310.0 8.0
4935.0 310.0 8.0
4950.0 311.0 8.0
4973.0 313.0 8.0
5005.0 314.0 8.0
5032.0 316.0 8.0
5073.0 318.0 8.0
5103.0 321.0 8.0
5112.0 321.0 8.0
5135.0 323.0 8.0
5135.0 323.0 8.0
5143.0 323.0 8.0
5152.0 324.0 8.0
5158.0 324.0 8.0
5159.0 324.0 8.0
5223.0 328.0 8.0
5231.0 329.0 8.0
5232.0 330.0 8.0
5260.0 330.0 8.0
5267.0 331.0 8.0
5269.0 331.0 8.0
5271.0 331.0 8.0
5281.0 331.0 8.0
5287.0 332.0 8.0
5292.0 332.0 8.0
5303.0 333.0 8.0
5311.0 333.0 8.0
5328.0 334.0 8.0
5328.0 334.0 8.0
5342.0 336.0 8.0
5392.0 338.0 8.0
5405.0 339.0 8.0
5411.0 341.0 8.0
5416.0 340.0 8.0
5445.0 342.0 8.0
5456.0 342.0 8.0
5512.0 347.0 8.0
5525.0 348.0 8.0
5551.0 348.0 8.0
5577.0 352.0 8.0
5607.0 352.0 8.0
5630.0 353.0 8.0
5632.0 353.0 8.0
5636.0 354.0 8.0
5639.0 354.0 8.0
5662.0 355.0 8.0
5688.0 357.0 8.0
5696.0 357.0 8.0
5737.0 360.0 8.0
5746.0 362.0 8.0
5800.0 364.0 8.0
5814.0 365.0 8.0
5815.0 365.0 8.0
5816.0 365.0 8.0
5819.0 366.0 8.0
5854.0 367.0 8.0
5959.0 374.0 8.0
6032.0 378.0 8.0
6060.0 381.0 8.0
6064.0 381.0 8.0
6097.0 382.0 8.0
6127.0 385.0 8.0
6128.0 384.0 8.0
6136.0 385.0 8.0
6351.0 398.0 8.0
6424.0 403.0 8.0
6429.0 403.0 8.0
6541.0 410.0 8.0
6636.0 416.0 8.0
6847.0 429.0 8.0
7433.0 466.0 8.0
