rev4
699716.0 43818.0 8.0
706248.0 44223.0 8.0
709593.0 44430.0 8.0
710792.0 44495.0 8.0
714391.0 44728.0 8.0
714416.0 44731.0 8.0
720154.0 45087.0 8.0
720494.0 45110.0 8.0
725742.0 45449.0 8.0
726922.0 45530.0 8.0
728060.0 45585.0 8.0
729809.0 45702.0 8.0
737480.0 46178.0 8.0
740099.0 46342.0 8.0
741186.0 46407.0 8.0
742961.0 46521.0 8.0
743373.0 46536.0 8.0
744475.0 46611.0 8.0
744566.0 46618.0 8.0
744727.0 46635.0 8.0
744952.0 46641.0 8.0
745192.0 46656.0 8.0
745353.0 46667.0 8.0
745678.0 46684.0 8.0
746767.0 46767.0 8.0
747559.0 46796.0 8.0
748562.0 46874.0 8.0
748591.0 46871.0 8.0
749449.0 46927.0 8.0
749563.0 46926.0 8.0
750520.0 46991.0 8.0
750765.0 47010.0 8.0
752493.0 47111.0 8.0
752868.0 47141.0 8.0
754032.0 47215.0 8.0
755109.0 47270.0 8.0
757723.0 47437.0 8.0
761816.0 47705.0 8.0
762549.0 47758.0 8.0
764490.0 47869.0 8.0
765439.0 47921.0 8.0
767006.0 48025.0 8.0
767115.0 48034.0 8.0
767262.0 48047.0 8.0
768627.0 48129.0 8.0
769607.0 48181.0 8.0
771612.0 48310.0 8.0
772336.0 48361.0 8.0
773009.0 48406.0 8.0
773593.0 48434.0 8.0
775448.0 48558.0 8.0
778774.0 48763.0 8.0
780664.0 48880.0 8.0
781095.0 48904.0 8.0
785195.0 49157.0 8.0
786400.0 49242.0 8.0
787440.0 49304.0 8.0
788083.0 49341.0 8.0
788518.0 49376.0 8.0
789317.0 49413.0 8.0
790052.0 49466.0 8.0
790377.0 49495.0 8.0
791150.0 49536.0 8.0
791484.0 49556.0 8.0
792465.0 49615.0 8.0
793292.0 49680.0 8.0
793362.0 49675.0 8.0
793964.0 49725.0 8.0
796195.0 49853.0 8.0
796316.0 49862.0 8.0
796512.0 49874.0 8.0
801190.0 50168.0 8.0
801958.0 50211.0 8.0
802194.0 50226.0 8.0
803734.0 50323.0 8.0
808000.0 50586.0 8.0
818571.0 51259.0 8.0
820965.0 51422.0 8.0
826890.0 51772.0 8.0
827626.0 51821.0 8.0
830084.0 51984.0 8.0
833666.0 52194.0 8.0
834452.0 52251.0 8.0
836745.0 52391.0 8.0
837857.0 52454.0 8.0
838209.0 52482.0 8.0
841232.0 52669.0 8.0
841638.0 52691.0 8.0
841871.0 52718.0 8.0
849225.0 53171.0 8.0
855018.0 53530.0 8.0
856370.0 53613.0 8.0
857343.0 53684.0 8.0
857837.0 53703.0 8.0
879552.0 55072.0 8.0
880022.0 55102.0 8.0
894485.0 56020.0 8.0
900589.0 56373.0 8.0
906278.0 56746.0 8.0
947991.0 59359.0 8.0
