rev2
2006881.0 125431.0 8.0
2015553.0 125973.0 8.0
2029937.0 126872.0 8.0
2034817.0 127177.0 8.0
2039729.0 127484.0 8.0
2044305.0 127770.0 8.0
2059889.0 128744.0 8.0
2063649.0 128979.0 8.0
2075281.0 129706.0 8.0
2096113.0 131008.0 8.0
2105313.0 131583.0 8.0
2106257.0 131642.0 8.0
2114913.0 132183.0 8.0
2119185.0 132450.0 8.0
2120497.0 132532.0 8.0
2121361.0 132586.0 8.0
2137905.0 133620.0 8.0
2141377.0 133837.0 8.0
2143537.0 133972.0 8.0
2143905.0 133995.0 8.0
2153393.0 134588.0 8.0
2154369.0 134649.0 8.0
2155345.0 134710.0 8.0
2158753.0 134923.0 8.0
2160001.0 135001.0 8.0
2163681.0 135231.0 8.0
2166865.0 135430.0 8.0
2167489.0 135469.0 8.0
2176097.0 136007.0 8.0
2176257.0 136017.0 8.0
2179425.0 136215.0 8.0
2181297.0 136332.0 8.0
2184689.0 136544.0 8.0
2187217.0 136702.0 8.0
2189665.0 136855.0 8.0
2191441.0 136966.0 8.0
2192449.0 137029.0 8.0
2202129.0 137634.0 8.0
2205409.0 137839.0 8.0
2213873.0 138368.0 8.0
2214401.0 138401.0 8.0
2215601.0 138476.0 8.0
2236401.0 139776.0 8.0
2237649.0 139854.0 8.0
2242193.0 140138.0 8.0
2244865.0 140305.0 8.0
2246209.0 140389.0 8.0
2252593.0 140788.0 8.0
2253985.0 140875.0 8.0
2260673.0 141293.0 8.0
2261697.0 141357.0 8.0
2273025.0 142065.0 8.0
2278145.0 142385.0 8.0
2278833.0 142428.0 8.0
2281473.0 142593.0 8.0
2298193.0 143638.0 8.0
2307601.0 144226.0 8.0
2307825.0 144240.0 8.0
2314097.0 144632.0 8.0
2318673.0 144918.0 8.0
2322625.0 145165.0 8.0
2330113.0 145633.0 8.0
2332369.0 145774.0 8.0
2333649.0 145854.0 8.0
2334641.0 145916.0 8.0
2339601.0 146226.0 8.0
2344785.0 146550.0 8.0
2348657.0 146792.0 8.0
2350337.0 146897.0 8.0
2351281.0 146956.0 8.0
2354513.0 147158.0 8.0
2356769.0 147299.0 8.0
2362177.0 147637.0 8.0
2364657.0 147792.0 8.0
2365137.0 147822.0 8.0
2367345.0 147960.0 8.0
2379153.0 148698.0 8.0
2386177.0 149137.0 8.0
2394177.0 149637.0 8.0
2394417.0 149652.0 8.0
2401585.0 150100.0 8.0
2415489.0 150969.0 8.0
2431921.0 151996.0 8.0
2439409.0 152464.0 8.0
2441393.0 152588.0 8.0
2464417.0 154027.0 8.0
2470193.0 154388.0 8.0
2477457.0 154842.0 8.0
2484401.0 155276.0 8.0
2500865.0 156305.0 8.0
2506977.0 156687.0 8.0
2507777.0 156737.0 8.0
2521025.0 157565.0 8.0
2530801.0 158176.0 8.0
2530849.0 158179.0 8.0
2537745.0 158610.0 8.0
2552321.0 159521.0 8.0
2563585.0 160225.0 8.0
2585937.0 161622.0 8.0
2851009.0 178189.0 8.0
