rev2
1121.0 71.0 8.0
1169.0 74.0 8.0
1217.0 77.0 8.0
1233.0 78.0 8.0
1265.0 80.0 8.0
1265.0 80.0 8.0
1281.0 81.0 8.0
1297.0 82.0 8.0
1313.0 83.0 8.0
1361.0 86.0 8.0
1377.0 87.0 8.0
1377.0 87.0 8.0
1377.0 87.0 8.0
1425.0 90.0 8.0
1425.0 90.0 8.0
1425.0 90.0 8.0
1425.0 90.0 8.0
1441.0 91.0 8.0
1441.0 91.0 8.0
1441.0 91.0 8.0
1457.0 92.0 8.0
1473.0 93.0 8.0
1473.0 93.0 8.0
1473.0 93.0 8.0
1489.0 94.0 8.0
1505.0 95.0 8.0
1505.0 95.0 8.0
1521.0 96.0 8.0
1521.0 96.0 8.0
1537.0 97.0 8.0
1537.0 97.0 8.0
1537.0 97.0 8.0
1553.0 98.0 8.0
1553.0 98.0 8.0
1569.0 99.0 8.0
1569.0 99.0 8.0
1585.0 100.0 8.0
1617.0 102.0 8.0
1633.0 103.0 8.0
1633.0 103.0 8.0
1649.0 104.0 8.0
1649.0 104.0 8.0
1649.0 104.0 8.0
1665.0 105.0 8.0
1665.0 105.0 8.0
1665.0 105.0 8.0
1665.0 105.0 8.0
1665.0 105.0 8.0
1681.0 106.0 8.0
1681.0 106.0 8.0
1681.0 106.0 8.0
1681.0 106.0 8.0
1697.0 107.0 8.0
1697.0 107.0 8.0
1713.0 108.0 8.0
1729.0 109.0 8.0
1729.0 109.0 8.0
1761.0 111.0 8.0
1761.0 111.0 8.0
1761.0 111.0 8.0
1793.0 113.0 8.0
1809.0 114.0 8.0
1825.0 115.0 8.0
1841.0 116.0 8.0
1841.0 116.0 8.0
1841.0 116.0 8.0
1857.0 117.0 8.0
1889.0 119.0 8.0
1905.0 120.0 8.0
1921.0 121.0 8.0
1953.0 123.0 8.0
1969.0 124.0 8.0
1969.0 124.0 8.0
1985.0 125.0 8.0
1985.0 125.0 8.0
1985.0 125.0 8.0
2033.0 128.0 8.0
2033.0 128.0 8.0
2065.0 130.0 8.0
2081.0 131.0 8.0
2097.0 132.0 8.0
2097.0 132.0 8.0
2113.0 133.0 8.0
2113.0 133.0 8.0
2113.0 133.0 8.0
2113.0 133.0 8.0
2145.0 135.0 8.0
2161.0 136.0 8.0
2177.0 137.0 8.0
2241.0 141.0 8.0
2241.0 141.0 8.0
2257.0 142.0 8.0
2273.0 143.0 8.0
2305.0 145.0 8.0
2417.0 152.0 8.0
2513.0 158.0 8.0
2593.0 163.0 8.0
2625.0 165.0 8.0
2705.0 170.0 8.0
2705.0 170.0 8.0
