rev2
220529.0 13784.0 8.0
232209.0 14514.0 8.0
235969.0 14749.0 8.0
237905.0 14870.0 8.0
240737.0 15047.0 8.0
240737.0 15047.0 8.0
240929.0 15059.0 8.0
241137.0 15072.0 8.0
241297.0 15082.0 8.0
241377.0 15087.0 8.0
242449.0 15154.0 8.0
242625.0 15165.0 8.0
243217.0 15202.0 8.0
243425.0 15215.0 8.0
244369.0 15274.0 8.0
244913.0 15308.0 8.0
245393.0 15338.0 8.0
246145.0 15385.0 8.0
246273.0 15393.0 8.0
246929.0 15434.0 8.0
250289.0 15644.0 8.0
250561.0 15661.0 8.0
250609.0 15664.0 8.0
250641.0 15666.0 8.0
251377.0 15712.0 8.0
251553.0 15723.0 8.0
251649.0 15729.0 8.0
251745.0 15735.0 8.0
252145.0 15760.0 8.0
252737.0 15797.0 8.0
253089.0 15819.0 8.0
253393.0 15838.0 8.0
253441.0 15841.0 8.0
253825.0 15865.0 8.0
253937.0 15872.0 8.0
254129.0 15884.0 8.0
255009.0 15939.0 8.0
256065.0 16005.0 8.0
256161.0 16011.0 8.0
256801.0 16051.0 8.0
257489.0 16094.0 8.0
258241.0 16141.0 8.0
258289.0 16144.0 8.0
259585.0 16225.0 8.0
260337.0 16272.0 8.0
260833.0 16303.0 8.0
261265.0 16330.0 8.0
261377.0 16337.0 8.0
262049.0 16379.0 8.0
262609.0 16414.0 8.0
262977.0 16437.0 8.0
263265.0 16455.0 8.0
264001.0 16501.0 8.0
264257.0 16517.0 8.0
264273.0 16518.0 8.0
264689.0 16544.0 8.0
264993.0 16563.0 8.0
265409.0 16589.0 8.0
266721.0 16671.0 8.0
266753.0 16673.0 8.0
267041.0 16691.0 8.0
267537.0 16722.0 8.0
267585.0 16725.0 8.0
268145.0 16760.0 8.0
268225.0 16765.0 8.0
268641.0 16791.0 8.0
268929.0 16809.0 8.0
269729.0 16859.0 8.0
270337.0 16897.0 8.0
270801.0 16926.0 8.0
271041.0 16941.0 8.0
271041.0 16941.0 8.0
271505.0 16970.0 8.0
272065.0 17005.0 8.0
272657.0 17042.0 8.0
274705.0 17170.0 8.0
274881.0 17181.0 8.0
275041.0 17191.0 8.0
277297.0 17332.0 8.0
277521.0 17346.0 8.0
278065.0 17380.0 8.0
280673.0 17543.0 8.0
282625.0 17665.0 8.0
283137.0 17697.0 8.0
283649.0 17729.0 8.0
284193.0 17763.0 8.0
286625.0 17915.0 8.0
287169.0 17949.0 8.0
287713.0 17983.0 8.0
293777.0 18362.0 8.0
295281.0 18456.0 8.0
298225.0 18640.0 8.0
299233.0 18703.0 8.0
300977.0 18812.0 8.0
304465.0 19030.0 8.0
311169.0 19449.0 8.0
311217.0 19452.0 8.0
312929.0 19559.0 8.0
313249.0 19579.0 8.0
342257.0 21392.0 8.0
