rev2
8597185.0 537325.0 8.0
8618273.0 538643.0 8.0
8707921.0 544246.0 8.0
8801809.0 550114.0 8.0
8823409.0 551464.0 8.0
8831921.0 551996.0 8.0
8844433.0 552778.0 8.0
8845489.0 552844.0 8.0
8851793.0 553238.0 8.0
8886449.0 555404.0 8.0
8902417.0 556402.0 8.0
8912241.0 557016.0 8.0
8921329.0 557584.0 8.0
8933841.0 558366.0 8.0
8934401.0 558401.0 8.0
8944049.0 559004.0 8.0
8963249.0 560204.0 8.0
8978993.0 561188.0 8.0
8995249.0 562204.0 8.0
9009137.0 563072.0 8.0
9013569.0 563349.0 8.0
9030977.0 564437.0 8.0
9034481.0 564656.0 8.0
9040865.0 565055.0 8.0
9080353.0 567523.0 8.0
9086961.0 567936.0 8.0
9092049.0 568254.0 8.0
9111969.0 569499.0 8.0
9125809.0 570364.0 8.0
9134817.0 570927.0 8.0
9138129.0 571134.0 8.0
9148033.0 571753.0 8.0
9152049.0 572004.0 8.0
9160241.0 572516.0 8.0
9160321.0 572521.0 8.0
9164497.0 572782.0 8.0
9182865.0 573930.0 8.0
9214369.0 575899.0 8.0
9220417.0 576277.0 8.0
9221505.0 576345.0 8.0
9246145.0 577885.0 8.0
9247905.0 577995.0 8.0
9257873.0 578618.0 8.0
9270705.0 579420.0 8.0
9289777.0 580612.0 8.0
9307345.0 581710.0 8.0
9308305.0 581770.0 8.0
9319473.0 582468.0 8.0
9322017.0 582627.0 8.0
9351585.0 584475.0 8.0
9386049.0 586629.0 8.0
9390721.0 586921.0 8.0
9406033.0 587878.0 8.0
9418401.0 588651.0 8.0
9463457.0 591467.0 8.0
9466913.0 591683.0 8.0
9470017.0 591877.0 8.0
9476945.0 592310.0 8.0
9502561.0 593911.0 8.0
9522193.0 595138.0 8.0
9569217.0 598077.0 8.0
9646449.0 602904.0 8.0
9655569.0 603474.0 8.0
9655681.0 603481.0 8.0
9662225.0 603890.0 8.0
9673521.0 604596.0 8.0
9676113.0 604758.0 8.0
9694001.0 605876.0 8.0
9699553.0 606223.0 8.0
9727521.0 607971.0 8.0
9731281.0 608206.0 8.0
9738657.0 608667.0 8.0
9802225.0 612640.0 8.0
9812257.0 613267.0 8.0
9828289.0 614269.0 8.0
9889457.0 618092.0 8.0
9943729.0 621484.0 8.0
9951905.0 621995.0 8.0
1.0002737E7 625172.0 8.0
1.0063841E7 628991.0 8.0
1.0149649E7 634354.0 8.0
1.0180881E7 636306.0 8.0
1.0187825E7 636740.0 8.0
1.0259393E7 641213.0 8.0
1.0310465E7 644405.0 8.0
1.0350401E7 646901.0 8.0
1.0351185E7 646950.0 8.0
1.0408017E7 650502.0 8.0
1.0433969E7 652124.0 8.0
1.0476465E7 654780.0 8.0
1.0554417E7 659652.0 8.0
1.0573281E7 660831.0 8.0
1.0613425E7 663340.0 8.0
1.0670241E7 666891.0 8.0
1.0685649E7 667854.0 8.0
1.0792881E7 674556.0 8.0
1.0827537E7 676722.0 8.0
1.0986385E7 686650.0 8.0
1.1794945E7 737185.0 8.0
1.3073441E7 817091.0 8.0
