rev2
24561.0 1536.0 8.0
24961.0 1561.0 8.0
25473.0 1593.0 8.0
26049.0 1629.0 8.0
26737.0 1672.0 8.0
26817.0 1677.0 8.0
26993.0 1688.0 8.0
27233.0 1703.0 8.0
27393.0 1713.0 8.0
27441.0 1716.0 8.0
27457.0 1717.0 8.0
27633.0 1728.0 8.0
27713.0 1733.0 8.0
27713.0 1733.0 8.0
27729.0 1734.0 8.0
27777.0 1737.0 8.0
27937.0 1747.0 8.0
28017.0 1752.0 8.0
28145.0 1760.0 8.0
28209.0 1764.0 8.0
28225.0 1765.0 8.0
28241.0 1766.0 8.0
28273.0 1768.0 8.0
28273.0 1768.0 8.0
28321.0 1771.0 8.0
28385.0 1775.0 8.0
28481.0 1781.0 8.0
28545.0 1785.0 8.0
28545.0 1785.0 8.0
28545.0 1785.0 8.0
28593.0 1788.0 8.0
28609.0 1789.0 8.0
28657.0 1792.0 8.0
28657.0 1792.0 8.0
28849.0 1804.0 8.0
28929.0 1809.0 8.0
29041.0 1816.0 8.0
29057.0 1817.0 8.0
29089.0 1819.0 8.0
29089.0 1819.0 8.0
29137.0 1822.0 8.0
29217.0 1827.0 8.0
29425.0 1840.0 8.0
29441.0 1841.0 8.0
29665.0 1855.0 8.0
29713.0 1858.0 8.0
29729.0 1859.0 8.0
29745.0 1860.0 8.0
29953.0 1873.0 8.0
30049.0 1879.0 8.0
30081.0 1881.0 8.0
30113.0 1883.0 8.0
30145.0 1885.0 8.0
30145.0 1885.0 8.0
30289.0 1894.0 8.0
30337.0 1897.0 8.0
30641.0 1916.0 8.0
30641.0 1916.0 8.0
30705.0 1920.0 8.0
30897.0 1932.0 8.0
30945.0 1935.0 8.0
31025.0 1940.0 8.0
31041.0 1941.0 8.0
31057.0 1942.0 8.0
31185.0 1950.0 8.0
31249.0 1954.0 8.0
31409.0 1964.0 8.0
31489.0 1969.0 8.0
31489.0 1969.0 8.0
31617.0 1977.0 8.0
31697.0 1982.0 8.0
31745.0 1985.0 8.0
31873.0 1993.0 8.0
31969.0 1999.0 8.0
32145.0 2010.0 8.0
32161.0 2011.0 8.0
32465.0 2030.0 8.0
32529.0 2034.0 8.0
32817.0 2052.0 8.0
32913.0 2058.0 8.0
32929.0 2059.0 8.0
33041.0 2066.0 8.0
33217.0 2077.0 8.0
33585.0 2100.0 8.0
33649.0 2104.0 8.0
33697.0 2107.0 8.0
33713.0 2108.0 8.0
33809.0 2114.0 8.0
34049.0 2129.0 8.0
34369.0 2149.0 8.0
35041.0 2191.0 8.0
35105.0 2195.0 8.0
35633.0 2228.0 8.0
35681.0 2231.0 8.0
35857.0 2242.0 8.0
36065.0 2255.0 8.0
36353.0 2273.0 8.0
37169.0 2324.0 8.0
37201.0 2326.0 8.0
39553.0 2473.0 8.0
