rev2
60915.0 1604.0 19.0
61371.0 1616.0 19.0
61523.0 1620.0 19.0
61523.0 1620.0 19.0
61827.0 1628.0 19.0
61865.0 1629.0 19.0
61941.0 1631.0 19.0
62131.0 1636.0 19.0
62321.0 1641.0 19.0
62321.0 1641.0 19.0
62435.0 1644.0 19.0
62625.0 1649.0 19.0
62739.0 1652.0 19.0
62777.0 1653.0 19.0
62853.0 1655.0 19.0
62967.0 1658.0 19.0
63081.0 1661.0 19.0
63119.0 1662.0 19.0
63157.0 1663.0 19.0
63271.0 1666.0 19.0
63271.0 1666.0 19.0
63309.0 1667.0 19.0
63347.0 1668.0 19.0
63385.0 1669.0 19.0
63461.0 1671.0 19.0
63461.0 1671.0 19.0
63499.0 1672.0 19.0
63727.0 1678.0 19.0
63841.0 1681.0 19.0
63917.0 1683.0 19.0
63917.0 1683.0 19.0
64031.0 1686.0 19.0
64031.0 1686.0 19.0
64145.0 1689.0 19.0
64259.0 1692.0 19.0
64335.0 1694.0 19.0
64411.0 1696.0 19.0
64563.0 1700.0 19.0
64563.0 1700.0 19.0
64601.0 1701.0 19.0
64715.0 1704.0 19.0
64867.0 1708.0 19.0
64867.0 1708.0 19.0
65019.0 1712.0 19.0
65019.0 1712.0 19.0
65171.0 1716.0 19.0
65209.0 1717.0 19.0
65247.0 1718.0 19.0
65285.0 1719.0 19.0
65323.0 1720.0 19.0
65323.0 1720.0 19.0
65323.0 1720.0 19.0
65399.0 1722.0 19.0
65589.0 1727.0 19.0
65665.0 1729.0 19.0
65665.0 1729.0 19.0
65779.0 1732.0 19.0
65817.0 1733.0 19.0
65893.0 1735.0 19.0
66007.0 1738.0 19.0
66007.0 1738.0 19.0
66045.0 1739.0 19.0
66159.0 1742.0 19.0
66311.0 1746.0 19.0
66349.0 1747.0 19.0
66387.0 1748.0 19.0
66463.0 1750.0 19.0
66501.0 1751.0 19.0
66691.0 1756.0 19.0
66767.0 1758.0 19.0
66957.0 1763.0 19.0
66995.0 1764.0 19.0
66995.0 1764.0 19.0
67033.0 1765.0 19.0
67033.0 1765.0 19.0
67071.0 1766.0 19.0
67071.0 1766.0 19.0
67261.0 1771.0 19.0
67261.0 1771.0 19.0
67261.0 1771.0 19.0
67337.0 1773.0 19.0
67337.0 1773.0 19.0
67489.0 1777.0 19.0
67489.0 1777.0 19.0
67679.0 1782.0 19.0
67679.0 1782.0 19.0
67831.0 1786.0 19.0
67945.0 1789.0 19.0
68211.0 1796.0 19.0
68401.0 1801.0 19.0
68591.0 1806.0 19.0
68591.0 1806.0 19.0
68819.0 1812.0 19.0
68895.0 1814.0 19.0
69351.0 1826.0 19.0
69389.0 1827.0 19.0
70529.0 1857.0 19.0
70643.0 1860.0 19.0
72847.0 1918.0 19.0
73683.0 1940.0 19.0
