rev2
3193.0 85.0 19.0
3231.0 86.0 19.0
3269.0 87.0 19.0
3307.0 88.0 19.0
3307.0 88.0 19.0
3345.0 89.0 19.0
3345.0 89.0 19.0
3383.0 90.0 19.0
3383.0 90.0 19.0
3497.0 93.0 19.0
3535.0 94.0 19.0
3535.0 94.0 19.0
3535.0 94.0 19.0
3573.0 95.0 19.0
3573.0 95.0 19.0
3573.0 95.0 19.0
3573.0 95.0 19.0
3573.0 95.0 19.0
3573.0 95.0 19.0
3611.0 96.0 19.0
3611.0 96.0 19.0
3611.0 96.0 19.0
3611.0 96.0 19.0
3649.0 97.0 19.0
3649.0 97.0 19.0
3649.0 97.0 19.0
3649.0 97.0 19.0
3649.0 97.0 19.0
3687.0 98.0 19.0
3725.0 99.0 19.0
3725.0 99.0 19.0
3725.0 99.0 19.0
3725.0 99.0 19.0
3725.0 99.0 19.0
3763.0 100.0 19.0
3763.0 100.0 19.0
3763.0 100.0 19.0
3801.0 101.0 19.0
3801.0 101.0 19.0
3801.0 101.0 19.0
3801.0 101.0 19.0
3801.0 101.0 19.0
3801.0 101.0 19.0
3801.0 101.0 19.0
3801.0 101.0 19.0
3801.0 101.0 19.0
3801.0 101.0 19.0
3801.0 101.0 19.0
3801.0 101.0 19.0
3839.0 102.0 19.0
3839.0 102.0 19.0
3839.0 102.0 19.0
3877.0 103.0 19.0
3877.0 103.0 19.0
3877.0 103.0 19.0
3877.0 103.0 19.0
3877.0 103.0 19.0
3877.0 103.0 19.0
3915.0 104.0 19.0
3915.0 104.0 19.0
3915.0 104.0 19.0
3915.0 104.0 19.0
3915.0 104.0 19.0
3915.0 104.0 19.0
3915.0 104.0 19.0
3953.0 105.0 19.0
3953.0 105.0 19.0
3953.0 105.0 19.0
3953.0 105.0 19.0
3953.0 105.0 19.0
3953.0 105.0 19.0
3953.0 105.0 19.0
3953.0 105.0 19.0
3991.0 106.0 19.0
3991.0 106.0 19.0
3991.0 106.0 19.0
3991.0 106.0 19.0
4029.0 107.0 19.0
4067.0 108.0 19.0
4067.0 108.0 19.0
4105.0 109.0 19.0
4105.0 109.0 19.0
4143.0 110.0 19.0
4181.0 111.0 19.0
4181.0 111.0 19.0
4219.0 112.0 19.0
4257.0 113.0 19.0
4295.0 114.0 19.0
4295.0 114.0 19.0
4333.0 115.0 19.0
4333.0 115.0 19.0
4333.0 115.0 19.0
4371.0 116.0 19.0
4409.0 117.0 19.0
4447.0 118.0 19.0
4447.0 118.0 19.0
4485.0 119.0 19.0
4523.0 120.0 19.0
4561.0 121.0 19.0
4599.0 122.0 19.0
