rev2
125249.0 3297.0 19.0
125591.0 3306.0 19.0
125743.0 3310.0 19.0
126769.0 3337.0 19.0
126959.0 3342.0 19.0
127415.0 3354.0 19.0
127453.0 3355.0 19.0
127453.0 3355.0 19.0
127567.0 3358.0 19.0
127757.0 3363.0 19.0
127833.0 3365.0 19.0
127909.0 3367.0 19.0
128099.0 3372.0 19.0
128175.0 3374.0 19.0
128365.0 3379.0 19.0
128593.0 3385.0 19.0
128783.0 3390.0 19.0
129581.0 3411.0 19.0
129695.0 3414.0 19.0
130037.0 3423.0 19.0
130075.0 3424.0 19.0
130075.0 3424.0 19.0
130075.0 3424.0 19.0
130113.0 3425.0 19.0
130189.0 3427.0 19.0
130227.0 3428.0 19.0
130379.0 3432.0 19.0
130417.0 3433.0 19.0
130797.0 3443.0 19.0
130873.0 3445.0 19.0
130949.0 3447.0 19.0
131063.0 3450.0 19.0
131139.0 3452.0 19.0
131177.0 3453.0 19.0
131215.0 3454.0 19.0
131253.0 3455.0 19.0
131405.0 3459.0 19.0
131405.0 3459.0 19.0
131481.0 3461.0 19.0
131519.0 3462.0 19.0
131671.0 3466.0 19.0
131709.0 3467.0 19.0
131747.0 3468.0 19.0
131747.0 3468.0 19.0
131747.0 3468.0 19.0
131823.0 3470.0 19.0
131899.0 3472.0 19.0
131975.0 3474.0 19.0
132013.0 3475.0 19.0
132089.0 3477.0 19.0
132127.0 3478.0 19.0
132165.0 3479.0 19.0
132203.0 3480.0 19.0
132203.0 3480.0 19.0
132203.0 3480.0 19.0
132355.0 3484.0 19.0
132507.0 3488.0 19.0
132621.0 3491.0 19.0
132659.0 3492.0 19.0
132773.0 3495.0 19.0
132811.0 3496.0 19.0
133077.0 3503.0 19.0
133115.0 3504.0 19.0
133229.0 3507.0 19.0
133343.0 3510.0 19.0
133343.0 3510.0 19.0
133457.0 3513.0 19.0
133685.0 3519.0 19.0
133723.0 3520.0 19.0
133951.0 3526.0 19.0
133951.0 3526.0 19.0
133989.0 3527.0 19.0
134217.0 3533.0 19.0
134255.0 3534.0 19.0
134407.0 3538.0 19.0
134445.0 3539.0 19.0
134787.0 3548.0 19.0
134787.0 3548.0 19.0
135243.0 3560.0 19.0
135395.0 3564.0 19.0
135433.0 3565.0 19.0
135547.0 3568.0 19.0
135813.0 3575.0 19.0
136041.0 3581.0 19.0
136231.0 3586.0 19.0
136345.0 3589.0 19.0
136611.0 3596.0 19.0
136687.0 3598.0 19.0
137067.0 3608.0 19.0
137219.0 3612.0 19.0
137371.0 3616.0 19.0
137903.0 3630.0 19.0
137903.0 3630.0 19.0
138169.0 3637.0 19.0
138283.0 3640.0 19.0
138549.0 3647.0 19.0
138815.0 3654.0 19.0
139309.0 3667.0 19.0
141057.0 3713.0 19.0
142387.0 3748.0 19.0
