rev4
187987.0 4948.0 19.0
188405.0 4959.0 19.0
188823.0 4970.0 19.0
189887.0 4998.0 19.0
190495.0 5014.0 19.0
190571.0 5016.0 19.0
191331.0 5036.0 19.0
191597.0 5043.0 19.0
191710.0 5046.0 19.0
191939.0 5052.0 19.0
192471.0 5066.0 19.0
192585.0 5069.0 19.0
192965.0 5079.0 19.0
193497.0 5093.0 19.0
193535.0 5094.0 19.0
193611.0 5096.0 19.0
193801.0 5101.0 19.0
193991.0 5106.0 19.0
193991.0 5106.0 19.0
194105.0 5109.0 19.0
194181.0 5111.0 19.0
194257.0 5113.0 19.0
194485.0 5119.0 19.0
194523.0 5120.0 19.0
194789.0 5127.0 19.0
194789.0 5127.0 19.0
194865.0 5129.0 19.0
195055.0 5134.0 19.0
195093.0 5135.0 19.0
195359.0 5142.0 19.0
195587.0 5148.0 19.0
195587.0 5148.0 19.0
195663.0 5150.0 19.0
195663.0 5150.0 19.0
195663.0 5150.0 19.0
195701.0 5151.0 19.0
195739.0 5152.0 19.0
196005.0 5159.0 19.0
196119.0 5162.0 19.0
196195.0 5164.0 19.0
196195.0 5164.0 19.0
196385.0 5169.0 19.0
196461.0 5171.0 19.0
196537.0 5173.0 19.0
196765.0 5179.0 19.0
196765.0 5179.0 19.0
196803.0 5180.0 19.0
196955.0 5184.0 19.0
196993.0 5185.0 19.0
197031.0 5186.0 19.0
197335.0 5194.0 19.0
197563.0 5200.0 19.0
197715.0 5204.0 19.0
197791.0 5206.0 19.0
198057.0 5213.0 19.0
198057.0 5213.0 19.0
198095.0 5214.0 19.0
198513.0 5225.0 19.0
198703.0 5230.0 19.0
198703.0 5230.0 19.0
198703.0 5230.0 19.0
198703.0 5230.0 19.0
199121.0 5241.0 19.0
199425.0 5249.0 19.0
199463.0 5250.0 19.0
199767.0 5258.0 19.0
199919.0 5262.0 19.0
199957.0 5263.0 19.0
200033.0 5265.0 19.0
200185.0 5269.0 19.0
200527.0 5278.0 19.0
200565.0 5279.0 19.0
200603.0 5280.0 19.0
200907.0 5288.0 19.0
200983.0 5290.0 19.0
200983.0 5290.0 19.0
201021.0 5291.0 19.0
201097.0 5293.0 19.0
201249.0 5297.0 19.0
201249.0 5297.0 19.0
201325.0 5299.0 19.0
201553.0 5305.0 19.0
201591.0 5306.0 19.0
202199.0 5322.0 19.0
202199.0 5322.0 19.0
202465.0 5329.0 19.0
202693.0 5335.0 19.0
203111.0 5346.0 19.0
204137.0 5373.0 19.0
204175.0 5374.0 19.0
204289.0 5377.0 19.0
204973.0 5395.0 19.0
205695.0 5414.0 19.0
206531.0 5436.0 19.0
206759.0 5442.0 19.0
207291.0 5456.0 19.0
208317.0 5483.0 19.0
209457.0 5513.0 19.0
209609.0 5517.0 19.0
209799.0 5522.0 19.0
