rev2
2.99072161E8 7870321.0 19.0
3.03139225E8 7977349.0 19.0
3.03638507E8 7990488.0 19.0
3.03688021E8 7991791.0 19.0
3.04117079E8 8003082.0 19.0
3.05147373E8 8030195.0 19.0
3.05364961E8 8035921.0 19.0
3.05574873E8 8041445.0 19.0
3.05991239E8 8052402.0 19.0
3.06039195E8 8053664.0 19.0
3.06192829E8 8057707.0 19.0
3.06490065E8 8065529.0 19.0
3.07137015E8 8082554.0 19.0
3.07149213E8 8082875.0 19.0
3.07626987E8 8095448.0 19.0
3.07740379E8 8098432.0 19.0
3.07757973E8 8098895.0 19.0
3.07841535E8 8101094.0 19.0
3.07920689E8 8103177.0 19.0
3.07978715E8 8104704.0 19.0
3.08151311E8 8109246.0 19.0
3.08165979E8 8109632.0 19.0
3.08217393E8 8110985.0 19.0
3.08839567E8 8127358.0 19.0
3.09280823E8 8138970.0 19.0
3.09360699E8 8141072.0 19.0
3.09535689E8 8145677.0 19.0
3.10081065E8 8160029.0 19.0
3.10373399E8 8167722.0 19.0
3.10665467E8 8175408.0 19.0
3.10713993E8 8176685.0 19.0
3.10871921E8 8180841.0 19.0
3.11188727E8 8189178.0 19.0
3.11460465E8 8196329.0 19.0
3.11471827E8 8196628.0 19.0
3.11509105E8 8197609.0 19.0
3.11584915E8 8199604.0 19.0
3.11598519E8 8199962.0 19.0
3.11610527E8 8200278.0 19.0
3.11718751E8 8203126.0 19.0
3.11771267E8 8204508.0 19.0
3.11911829E8 8208207.0 19.0
3.11964763E8 8209600.0 19.0
3.12063259E8 8212192.0 19.0
3.12263253E8 8217455.0 19.0
3.12311247E8 8218718.0 19.0
3.12406475E8 8221224.0 19.0
3.12940033E8 8235265.0 19.0
3.12983239E8 8236402.0 19.0
3.13506537E8 8250173.0 19.0
3.13697715E8 8255204.0 19.0
3.13868943E8 8259710.0 19.0
3.13969111E8 8262346.0 19.0
3.14275771E8 8270416.0 19.0
3.14695709E8 8281467.0 19.0
3.14722841E8 8282181.0 19.0
3.14910713E8 8287125.0 19.0
3.14940429E8 8287907.0 19.0
3.15391755E8 8299784.0 19.0
3.15473265E8 8301929.0 19.0
3.15475013E8 8301975.0 19.0
3.15520309E8 8303167.0 19.0
3.16159659E8 8319992.0 19.0
3.16191541E8 8320831.0 19.0
3.16210655E8 8321334.0 19.0
3.16256939E8 8322552.0 19.0
3.16295509E8 8323567.0 19.0
3.16296003E8 8323580.0 19.0
3.16296573E8 8323595.0 19.0
3.16788825E8 8336549.0 19.0
3.17026933E8 8342815.0 19.0
3.17040651E8 8343176.0 19.0
3.17256643E8 8348860.0 19.0
3.17368249E8 8351797.0 19.0
3.17596705E8 8357809.0 19.0
3.17740725E8 8361599.0 19.0
3.17992551E8 8368226.0 19.0
3.18215421E8 8374091.0 19.0
3.18875253E8 8391455.0 19.0
3.19194909E8 8399867.0 19.0
3.19488003E8 8407580.0 19.0
3.19947195E8 8419664.0 19.0
3.20272817E8 8428233.0 19.0
3.20329133E8 8429715.0 19.0
3.20462323E8 8433220.0 19.0
3.20515029E8 8434607.0 19.0
3.21112427E8 8450328.0 19.0
3.21444129E8 8459057.0 19.0
3.21737717E8 8466783.0 19.0
3.21748167E8 8467058.0 19.0
3.22701397E8 8492143.0 19.0
3.22904089E8 8497477.0 19.0
3.23646457E8 8517013.0 19.0
3.25197883E8 8557840.0 19.0
3.25996111E8 8578846.0 19.0
3.30416841E8 8695181.0 19.0
3.30551247E8 8698718.0 19.0
3.34536231E8 8803586.0 19.0
3.38418843E8 8905760.0 19.0
3.41911043E8 8997660.0 19.0
