rev2
1.50240905E8 3953709.0 19.0
1.50547185E8 3961769.0 19.0
1.50560485E8 3962119.0 19.0
1.50703707E8 3965888.0 19.0
1.50731675E8 3966624.0 19.0
1.51150587E8 3977648.0 19.0
1.51393749E8 3984047.0 19.0
1.51435587E8 3985148.0 19.0
1.51462377E8 3985853.0 19.0
1.51465189E8 3985927.0 19.0
1.51725793E8 3992785.0 19.0
1.51755053E8 3993555.0 19.0
1.51826569E8 3995437.0 19.0
1.51930385E8 3998169.0 19.0
1.51936845E8 3998339.0 19.0
1.52013035E8 4000344.0 19.0
1.52015125E8 4000399.0 19.0
1.52073721E8 4001941.0 19.0
1.52076761E8 4002021.0 19.0
1.52210445E8 4005539.0 19.0
1.52268965E8 4007079.0 19.0
1.52270523E8 4007120.0 19.0
1.52348575E8 4009174.0 19.0
1.52604429E8 4015907.0 19.0
1.52629167E8 4016558.0 19.0
1.52629319E8 4016562.0 19.0
1.52630383E8 4016590.0 19.0
1.52896915E8 4023604.0 19.0
1.52938145E8 4024689.0 19.0
1.53041847E8 4027418.0 19.0
1.53101659E8 4028992.0 19.0
1.53106219E8 4029112.0 19.0
1.53154061E8 4030371.0 19.0
1.53344479E8 4035382.0 19.0
1.53378185E8 4036269.0 19.0
1.53626553E8 4042805.0 19.0
1.53700691E8 4044756.0 19.0
1.53747431E8 4045986.0 19.0
1.53930135E8 4050794.0 19.0
1.54036117E8 4053583.0 19.0
1.54150953E8 4056605.0 19.0
1.54261609E8 4059517.0 19.0
1.54300977E8 4060553.0 19.0
1.54352999E8 4061922.0 19.0
1.54441691E8 4064256.0 19.0
1.54629525E8 4069199.0 19.0
1.54644307E8 4069588.0 19.0
1.54663193E8 4070085.0 19.0
1.54669767E8 4070258.0 19.0
1.54802919E8 4073762.0 19.0
1.54823249E8 4074297.0 19.0
1.55299275E8 4086824.0 19.0
1.55310941E8 4087131.0 19.0
1.55379987E8 4088948.0 19.0
1.55403319E8 4089562.0 19.0
1.55412477E8 4089803.0 19.0
1.55432883E8 4090340.0 19.0
1.55589215E8 4094454.0 19.0
1.55689649E8 4097097.0 19.0
1.55705951E8 4097526.0 19.0
1.55740759E8 4098442.0 19.0
1.55807677E8 4100203.0 19.0
1.55958233E8 4104165.0 19.0
1.55991293E8 4105035.0 19.0
1.56016069E8 4105687.0 19.0
1.56063455E8 4106934.0 19.0
1.56211769E8 4110837.0 19.0
1.56387025E8 4115449.0 19.0
1.56579305E8 4120509.0 19.0
1.56805139E8 4126452.0 19.0
1.56847243E8 4127560.0 19.0
1.57569015E8 4146554.0 19.0
1.57752631E8 4151386.0 19.0
1.57855649E8 4154097.0 19.0
1.57942555E8 4156384.0 19.0
1.57943353E8 4156405.0 19.0
1.58028397E8 4158643.0 19.0
1.58040975E8 4158974.0 19.0
1.58061001E8 4159501.0 19.0
1.58215243E8 4163560.0 19.0
1.58443889E8 4169577.0 19.0
1.58545425E8 4172249.0 19.0
1.58715931E8 4176736.0 19.0
1.59278635E8 4191544.0 19.0
1.59295507E8 4191988.0 19.0
1.59575491E8 4199356.0 19.0
1.59699979E8 4202632.0 19.0
1.59890587E8 4207648.0 19.0
1.60585949E8 4225947.0 19.0
1.60716137E8 4229373.0 19.0
1.61279411E8 4244196.0 19.0
1.61401809E8 4247417.0 19.0
1.61807535E8 4258094.0 19.0
1.61831589E8 4258727.0 19.0
1.62468431E8 4275486.0 19.0
1.63000621E8 4289491.0 19.0
1.63120891E8 4292656.0 19.0
1.63609191E8 4305506.0 19.0
1.65135195E8 4345664.0 19.0
1.67825443E8 4416460.0 19.0
