rev4
3248697.0 85493.0 19.0
3250445.0 85539.0 19.0
3252497.0 85593.0 19.0
3252877.0 85603.0 19.0
3253750.0 85626.0 19.0
3254625.0 85649.0 19.0
3254853.0 85655.0 19.0
3257817.0 85733.0 19.0
3261275.0 85824.0 19.0
3262225.0 85849.0 19.0
3263821.0 85891.0 19.0
3265265.0 85929.0 19.0
3272523.0 86120.0 19.0
3275221.0 86191.0 19.0
3275791.0 86206.0 19.0
3278337.0 86273.0 19.0
3278831.0 86286.0 19.0
3279135.0 86294.0 19.0
3280693.0 86335.0 19.0
3284531.0 86436.0 19.0
3286431.0 86486.0 19.0
3288331.0 86536.0 19.0
3288369.0 86537.0 19.0
3292434.0 86644.0 19.0
3292701.0 86651.0 19.0
3294335.0 86694.0 19.0
3295209.0 86717.0 19.0
3295627.0 86728.0 19.0
3299351.0 86826.0 19.0
3308205.0 87059.0 19.0
3312043.0 87160.0 19.0
3312157.0 87163.0 19.0
3315425.0 87249.0 19.0
3315653.0 87255.0 19.0
3316717.0 87283.0 19.0
3317553.0 87305.0 19.0
3319795.0 87364.0 19.0
3319909.0 87367.0 19.0
3322721.0 87441.0 19.0
3322797.0 87443.0 19.0
3324431.0 87486.0 19.0
3326141.0 87531.0 19.0
3327091.0 87556.0 19.0
3327433.0 87565.0 19.0
3327813.0 87575.0 19.0
3328079.0 87582.0 19.0
3331309.0 87667.0 19.0
3334311.0 87746.0 19.0
3341569.0 87937.0 19.0
3345103.0 88030.0 19.0
3345255.0 88034.0 19.0
3345331.0 88036.0 19.0
3345787.0 88048.0 19.0
3346167.0 88058.0 19.0
3346167.0 88058.0 19.0
3347155.0 88084.0 19.0
3348523.0 88120.0 19.0
3349131.0 88136.0 19.0
3350955.0 88184.0 19.0
3352893.0 88235.0 19.0
3353843.0 88260.0 19.0
3354641.0 88281.0 19.0
3363723.0 88520.0 19.0
3370677.0 88703.0 19.0
3372501.0 88751.0 19.0
3374021.0 88791.0 19.0
3375845.0 88839.0 19.0
3379947.0 88947.0 19.0
3382343.0 89010.0 19.0
3383407.0 89038.0 19.0
3386941.0 89131.0 19.0
3390931.0 89236.0 19.0
3391349.0 89247.0 19.0
3394123.0 89320.0 19.0
3398797.0 89443.0 19.0
3403281.0 89561.0 19.0
3404155.0 89584.0 19.0
3409323.0 89720.0 19.0
3410159.0 89742.0 19.0
3412515.0 89804.0 19.0
3412819.0 89812.0 19.0
3418937.0 89973.0 19.0
3427791.0 90206.0 19.0
3429653.0 90255.0 19.0
3433149.0 90347.0 19.0
3433947.0 90368.0 19.0
3437063.0 90450.0 19.0
3438165.0 90479.0 19.0
3452490.0 90856.0 19.0
3462751.0 91126.0 19.0
3496913.0 92025.0 19.0
3500789.0 92127.0 19.0
3508693.0 92335.0 19.0
3516749.0 92547.0 19.0
3531341.0 92931.0 19.0
3532329.0 92957.0 19.0
3558511.0 93646.0 19.0
3595219.0 94612.0 19.0
3642757.0 95863.0 19.0
3676957.0 96763.0 19.0
