rev2
647.0 18.0 19.0
723.0 20.0 19.0
761.0 21.0 19.0
761.0 21.0 19.0
799.0 22.0 19.0
799.0 22.0 19.0
799.0 22.0 19.0
799.0 22.0 19.0
799.0 22.0 19.0
837.0 23.0 19.0
837.0 23.0 19.0
837.0 23.0 19.0
837.0 23.0 19.0
837.0 23.0 19.0
875.0 24.0 19.0
875.0 24.0 19.0
875.0 24.0 19.0
875.0 24.0 19.0
875.0 24.0 19.0
875.0 24.0 19.0
875.0 24.0 19.0
875.0 24.0 19.0
913.0 25.0 19.0
913.0 25.0 19.0
913.0 25.0 19.0
913.0 25.0 19.0
913.0 25.0 19.0
913.0 25.0 19.0
913.0 25.0 19.0
913.0 25.0 19.0
913.0 25.0 19.0
913.0 25.0 19.0
913.0 25.0 19.0
913.0 25.0 19.0
913.0 25.0 19.0
913.0 25.0 19.0
951.0 26.0 19.0
951.0 26.0 19.0
951.0 26.0 19.0
951.0 26.0 19.0
951.0 26.0 19.0
951.0 26.0 19.0
951.0 26.0 19.0
951.0 26.0 19.0
989.0 27.0 19.0
989.0 27.0 19.0
989.0 27.0 19.0
989.0 27.0 19.0
989.0 27.0 19.0
989.0 27.0 19.0
989.0 27.0 19.0
989.0 27.0 19.0
989.0 27.0 19.0
989.0 27.0 19.0
1027.0 28.0 19.0
1027.0 28.0 19.0
1027.0 28.0 19.0
1027.0 28.0 19.0
1027.0 28.0 19.0
1027.0 28.0 19.0
1027.0 28.0 19.0
1027.0 28.0 19.0
1027.0 28.0 19.0
1065.0 29.0 19.0
1065.0 29.0 19.0
1065.0 29.0 19.0
1065.0 29.0 19.0
1065.0 29.0 19.0
1065.0 29.0 19.0
1065.0 29.0 19.0
1065.0 29.0 19.0
1103.0 30.0 19.0
1103.0 30.0 19.0
1103.0 30.0 19.0
1103.0 30.0 19.0
1103.0 30.0 19.0
1103.0 30.0 19.0
1103.0 30.0 19.0
1141.0 31.0 19.0
1141.0 31.0 19.0
1141.0 31.0 19.0
1141.0 31.0 19.0
1141.0 31.0 19.0
1179.0 32.0 19.0
1179.0 32.0 19.0
1179.0 32.0 19.0
1179.0 32.0 19.0
1179.0 32.0 19.0
1217.0 33.0 19.0
1217.0 33.0 19.0
1217.0 33.0 19.0
1255.0 34.0 19.0
1255.0 34.0 19.0
1293.0 35.0 19.0
1293.0 35.0 19.0
1293.0 35.0 19.0
1331.0 36.0 19.0
1331.0 36.0 19.0
1445.0 39.0 19.0
1597.0 43.0 19.0
