rev2
29527.0 778.0 19.0
30021.0 791.0 19.0
30173.0 795.0 19.0
30287.0 798.0 19.0
30325.0 799.0 19.0
30439.0 802.0 19.0
30629.0 807.0 19.0
30781.0 811.0 19.0
30781.0 811.0 19.0
30819.0 812.0 19.0
30819.0 812.0 19.0
30857.0 813.0 19.0
30857.0 813.0 19.0
30895.0 814.0 19.0
30933.0 815.0 19.0
30971.0 816.0 19.0
30971.0 816.0 19.0
31199.0 822.0 19.0
31199.0 822.0 19.0
31199.0 822.0 19.0
31199.0 822.0 19.0
31237.0 823.0 19.0
31313.0 825.0 19.0
31313.0 825.0 19.0
31351.0 826.0 19.0
31389.0 827.0 19.0
31389.0 827.0 19.0
31389.0 827.0 19.0
31427.0 828.0 19.0
31427.0 828.0 19.0
31427.0 828.0 19.0
31617.0 833.0 19.0
31617.0 833.0 19.0
31655.0 834.0 19.0
31655.0 834.0 19.0
31693.0 835.0 19.0
31731.0 836.0 19.0
31731.0 836.0 19.0
31807.0 838.0 19.0
31845.0 839.0 19.0
31883.0 840.0 19.0
31883.0 840.0 19.0
31921.0 841.0 19.0
31921.0 841.0 19.0
32035.0 844.0 19.0
32035.0 844.0 19.0
32073.0 845.0 19.0
32073.0 845.0 19.0
32111.0 846.0 19.0
32111.0 846.0 19.0
32111.0 846.0 19.0
32111.0 846.0 19.0
32225.0 849.0 19.0
32225.0 849.0 19.0
32263.0 850.0 19.0
32301.0 851.0 19.0
32415.0 854.0 19.0
32415.0 854.0 19.0
32453.0 855.0 19.0
32453.0 855.0 19.0
32491.0 856.0 19.0
32491.0 856.0 19.0
32529.0 857.0 19.0
32529.0 857.0 19.0
32567.0 858.0 19.0
32605.0 859.0 19.0
32605.0 859.0 19.0
32681.0 861.0 19.0
32681.0 861.0 19.0
32719.0 862.0 19.0
32795.0 864.0 19.0
32795.0 864.0 19.0
32833.0 865.0 19.0
32985.0 869.0 19.0
33023.0 870.0 19.0
33061.0 871.0 19.0
33061.0 871.0 19.0
33137.0 873.0 19.0
33137.0 873.0 19.0
33213.0 875.0 19.0
33213.0 875.0 19.0
33213.0 875.0 19.0
33365.0 879.0 19.0
33365.0 879.0 19.0
33441.0 881.0 19.0
33479.0 882.0 19.0
33517.0 883.0 19.0
33555.0 884.0 19.0
33897.0 893.0 19.0
34011.0 896.0 19.0
34049.0 897.0 19.0
34201.0 901.0 19.0
34201.0 901.0 19.0
34353.0 905.0 19.0
34771.0 916.0 19.0
34809.0 917.0 19.0
34847.0 918.0 19.0
35379.0 932.0 19.0
35797.0 943.0 19.0
36557.0 963.0 19.0
