rev4
1103.0 30.0 19.0
1179.0 32.0 19.0
1179.0 32.0 19.0
1217.0 33.0 19.0
1255.0 34.0 19.0
1255.0 34.0 19.0
1255.0 34.0 19.0
1255.0 34.0 19.0
1255.0 34.0 19.0
1293.0 35.0 19.0
1293.0 35.0 19.0
1293.0 35.0 19.0
1293.0 35.0 19.0
1293.0 35.0 19.0
1293.0 35.0 19.0
1293.0 35.0 19.0
1293.0 35.0 19.0
1293.0 35.0 19.0
1293.0 35.0 19.0
1331.0 36.0 19.0
1331.0 36.0 19.0
1331.0 36.0 19.0
1331.0 36.0 19.0
1331.0 36.0 19.0
1331.0 36.0 19.0
1331.0 36.0 19.0
1331.0 36.0 19.0
1369.0 37.0 19.0
1369.0 37.0 19.0
1369.0 37.0 19.0
1369.0 37.0 19.0
1369.0 37.0 19.0
1369.0 37.0 19.0
1369.0 37.0 19.0
1369.0 37.0 19.0
1369.0 37.0 19.0
1369.0 37.0 19.0
1369.0 37.0 19.0
1369.0 37.0 19.0
1407.0 38.0 19.0
1407.0 38.0 19.0
1407.0 38.0 19.0
1407.0 38.0 19.0
1407.0 38.0 19.0
1407.0 38.0 19.0
1407.0 38.0 19.0
1407.0 38.0 19.0
1407.0 38.0 19.0
1407.0 38.0 19.0
1407.0 38.0 19.0
1407.0 38.0 19.0
1407.0 38.0 19.0
1407.0 38.0 19.0
1407.0 38.0 19.0
1407.0 38.0 19.0
1407.0 38.0 19.0
1407.0 38.0 19.0
1445.0 39.0 19.0
1445.0 39.0 19.0
1445.0 39.0 19.0
1445.0 39.0 19.0
1445.0 39.0 19.0
1445.0 39.0 19.0
1445.0 39.0 19.0
1445.0 39.0 19.0
1445.0 39.0 19.0
1483.0 40.0 19.0
1483.0 40.0 19.0
1483.0 40.0 19.0
1483.0 40.0 19.0
1483.0 40.0 19.0
1483.0 40.0 19.0
1483.0 40.0 19.0
1483.0 40.0 19.0
1483.0 40.0 19.0
1483.0 40.0 19.0
1483.0 40.0 19.0
1483.0 40.0 19.0
1483.0 40.0 19.0
1483.0 40.0 19.0
1483.0 40.0 19.0
1483.0 40.0 19.0
1483.0 40.0 19.0
1521.0 41.0 19.0
1521.0 41.0 19.0
1521.0 41.0 19.0
1559.0 42.0 19.0
1559.0 42.0 19.0
1559.0 42.0 19.0
1559.0 42.0 19.0
1559.0 42.0 19.0
1559.0 42.0 19.0
1597.0 43.0 19.0
1597.0 43.0 19.0
1635.0 44.0 19.0
1711.0 46.0 19.0
1749.0 47.0 19.0
1749.0 47.0 19.0
1749.0 47.0 19.0
1787.0 48.0 19.0
