rev2
8820827.0 232128.0 19.0
8868973.0 233395.0 19.0
8885161.0 233821.0 19.0
8894737.0 234073.0 19.0
8897245.0 234139.0 19.0
8928025.0 234949.0 19.0
8942997.0 235343.0 19.0
8944935.0 235394.0 19.0
8956753.0 235705.0 19.0
8966899.0 235972.0 19.0
8976475.0 236224.0 19.0
8978565.0 236279.0 19.0
8988673.0 236545.0 19.0
9002885.0 236919.0 19.0
9011321.0 237141.0 19.0
9022949.0 237447.0 19.0
9024507.0 237488.0 19.0
9026635.0 237544.0 19.0
9028611.0 237596.0 19.0
9032487.0 237698.0 19.0
9049587.0 238148.0 19.0
9052627.0 238228.0 19.0
9061101.0 238451.0 19.0
9073907.0 238788.0 19.0
9082381.0 239011.0 19.0
9082799.0 239022.0 19.0
9088499.0 239172.0 19.0
9091235.0 239244.0 19.0
9094427.0 239328.0 19.0
9098797.0 239443.0 19.0
9100849.0 239497.0 19.0
9116125.0 239899.0 19.0
9120229.0 240007.0 19.0
9122015.0 240054.0 19.0
9125283.0 240140.0 19.0
9128133.0 240215.0 19.0
9129197.0 240243.0 19.0
9136645.0 240439.0 19.0
9136759.0 240442.0 19.0
9139343.0 240510.0 19.0
9141699.0 240572.0 19.0
9148919.0 240762.0 19.0
9149983.0 240790.0 19.0
9154011.0 240896.0 19.0
9154961.0 240921.0 19.0
9168223.0 241270.0 19.0
9172251.0 241376.0 19.0
9174189.0 241427.0 19.0
9192391.0 241906.0 19.0
9195887.0 241998.0 19.0
9197901.0 242051.0 19.0
9226515.0 242804.0 19.0
9229859.0 242892.0 19.0
9230277.0 242903.0 19.0
9232595.0 242964.0 19.0
9251709.0 243467.0 19.0
9279259.0 244192.0 19.0
9280817.0 244233.0 19.0
9296701.0 244651.0 19.0
9296891.0 244656.0 19.0
9298145.0 244689.0 19.0
9304301.0 244851.0 19.0
9308329.0 244957.0 19.0
9311673.0 245045.0 19.0
9326151.0 245426.0 19.0
9326759.0 245442.0 19.0
9330217.0 245533.0 19.0
9334587.0 245648.0 19.0
9345911.0 245946.0 19.0
9354841.0 246181.0 19.0
9360009.0 246317.0 19.0
9365063.0 246450.0 19.0
9369471.0 246566.0 19.0
9375665.0 246729.0 19.0
9390637.0 247123.0 19.0
9404697.0 247493.0 19.0
9415717.0 247783.0 19.0
9421455.0 247934.0 19.0
9432931.0 248236.0 19.0
9436351.0 248326.0 19.0
9436655.0 248334.0 19.0
9438327.0 248378.0 19.0
9449993.0 248685.0 19.0
9471615.0 249254.0 19.0
9489893.0 249735.0 19.0
9501027.0 250028.0 19.0
9507525.0 250199.0 19.0
9510147.0 250268.0 19.0
9523105.0 250609.0 19.0
9526297.0 250693.0 19.0
9561067.0 251608.0 19.0
9589149.0 252347.0 19.0
9612329.0 252957.0 19.0
9648809.0 253917.0 19.0
9672103.0 254530.0 19.0
9683313.0 254825.0 19.0
9742175.0 256374.0 19.0
9773183.0 257190.0 19.0
9870919.0 259762.0 19.0
9885511.0 260146.0 19.0
