rev2
3.6317855E7 955734.0 19.0
3.6451159E7 959242.0 19.0
3.6470653E7 959755.0 19.0
3.6534151E7 961426.0 19.0
3.6559497E7 962093.0 19.0
3.6574355E7 962484.0 19.0
3.6576369E7 962537.0 19.0
3.6579979E7 962632.0 19.0
3.6606199E7 963322.0 19.0
3.6635915E7 964104.0 19.0
3.6657499E7 964672.0 19.0
3.6663807E7 964838.0 19.0
3.6705645E7 965939.0 19.0
3.6772183E7 967690.0 19.0
3.6828271E7 969166.0 19.0
3.6873795E7 970364.0 19.0
3.6891959E7 970842.0 19.0
3.6893099E7 970872.0 19.0
3.6896823E7 970970.0 19.0
3.6898723E7 971020.0 19.0
3.6975255E7 973034.0 19.0
3.7023325E7 974299.0 19.0
3.7039133E7 974715.0 19.0
3.7044453E7 974855.0 19.0
3.7090471E7 976066.0 19.0
3.7124633E7 976965.0 19.0
3.7125165E7 976979.0 19.0
3.7131207E7 977138.0 19.0
3.7155831E7 977786.0 19.0
3.7171221E7 978191.0 19.0
3.7228145E7 979689.0 19.0
3.7249121E7 980241.0 19.0
3.7286475E7 981224.0 19.0
3.7330745E7 982389.0 19.0
3.7399753E7 984205.0 19.0
3.7404123E7 984320.0 19.0
3.7424567E7 984858.0 19.0
3.7426391E7 984906.0 19.0
3.7441021E7 985291.0 19.0
3.7463099E7 985872.0 19.0
3.7517211E7 987296.0 19.0
3.7517287E7 987298.0 19.0
3.7525077E7 987503.0 19.0
3.7538453E7 987855.0 19.0
3.7555287E7 988298.0 19.0
3.7572767E7 988758.0 19.0
3.7612363E7 989800.0 19.0
3.7613199E7 989822.0 19.0
3.7625511E7 990146.0 19.0
3.7625739E7 990152.0 19.0
3.7638735E7 990494.0 19.0
3.7644055E7 990634.0 19.0
3.7665601E7 991201.0 19.0
3.7676545E7 991489.0 19.0
3.7684601E7 991701.0 19.0
3.7691137E7 991873.0 19.0
3.7717015E7 992554.0 19.0
3.7717015E7 992554.0 19.0
3.7730809E7 992917.0 19.0
3.7747377E7 993353.0 19.0
3.7768505E7 993909.0 19.0
3.7777967E7 994158.0 19.0
3.7836145E7 995689.0 19.0
3.7848837E7 996023.0 19.0
3.7870877E7 996603.0 19.0
3.7873651E7 996676.0 19.0
3.8021395E7 1000564.0 19.0
3.8022649E7 1000597.0 19.0
3.8030021E7 1000791.0 19.0
3.8034885E7 1000919.0 19.0
3.8038115E7 1001004.0 19.0
3.8045829E7 1001207.0 19.0
3.8131937E7 1003473.0 19.0
3.8191331E7 1005036.0 19.0
3.8208469E7 1005487.0 19.0
3.8211319E7 1005562.0 19.0
3.8234651E7 1006176.0 19.0
3.8241035E7 1006344.0 19.0
3.8246697E7 1006493.0 19.0
3.8256083E7 1006740.0 19.0
3.8272993E7 1007185.0 19.0
3.8282493E7 1007435.0 19.0
3.8392427E7 1010328.0 19.0
3.8413935E7 1010894.0 19.0
3.8529341E7 1013931.0 19.0
3.8534395E7 1014064.0 19.0
3.8540551E7 1014226.0 19.0
3.8623923E7 1016420.0 19.0
3.8625633E7 1016465.0 19.0
3.8740279E7 1019482.0 19.0
3.8793555E7 1020884.0 19.0
3.8844893E7 1022235.0 19.0
3.8873127E7 1022978.0 19.0
3.8879093E7 1023135.0 19.0
3.9025621E7 1026991.0 19.0
3.9267111E7 1033346.0 19.0
3.9304009E7 1034317.0 19.0
3.9308721E7 1034441.0 19.0
3.9397337E7 1036773.0 19.0
4.0035357E7 1053563.0 19.0
