rev2
2148521.0 56541.0 19.0
2159123.0 56820.0 19.0
2165659.0 56992.0 19.0
2168243.0 57060.0 19.0
2168243.0 57060.0 19.0
2172955.0 57184.0 19.0
2174019.0 57212.0 19.0
2175387.0 57248.0 19.0
2175539.0 57252.0 19.0
2178085.0 57319.0 19.0
2181353.0 57405.0 19.0
2183671.0 57466.0 19.0
2186255.0 57534.0 19.0
2190207.0 57638.0 19.0
2192867.0 57708.0 19.0
2193323.0 57720.0 19.0
2195185.0 57769.0 19.0
2199023.0 57870.0 19.0
2199251.0 57876.0 19.0
2200885.0 57919.0 19.0
2201227.0 57928.0 19.0
2202443.0 57960.0 19.0
2206319.0 58062.0 19.0
2208827.0 58128.0 19.0
2209283.0 58140.0 19.0
2210613.0 58175.0 19.0
2210651.0 58176.0 19.0
2211373.0 58195.0 19.0
2211905.0 58209.0 19.0
2212437.0 58223.0 19.0
2212551.0 58226.0 19.0
2212627.0 58228.0 19.0
2212969.0 58237.0 19.0
2216503.0 58330.0 19.0
2218213.0 58375.0 19.0
2218517.0 58383.0 19.0
2221063.0 58450.0 19.0
2222849.0 58497.0 19.0
2223533.0 58515.0 19.0
2226231.0 58586.0 19.0
2226383.0 58590.0 19.0
2226611.0 58596.0 19.0
2226877.0 58603.0 19.0
2226953.0 58605.0 19.0
2227789.0 58627.0 19.0
2230791.0 58706.0 19.0
2231209.0 58717.0 19.0
2232349.0 58747.0 19.0
2233337.0 58773.0 19.0
2234097.0 58793.0 19.0
2235503.0 58830.0 19.0
2237099.0 58872.0 19.0
2237365.0 58879.0 19.0
2237745.0 58889.0 19.0
2237973.0 58895.0 19.0
2238353.0 58905.0 19.0
2239037.0 58923.0 19.0
2240367.0 58958.0 19.0
2240519.0 58962.0 19.0
2242229.0 59007.0 19.0
2242647.0 59018.0 19.0
2248271.0 59166.0 19.0
2250551.0 59226.0 19.0
2250855.0 59234.0 19.0
2251463.0 59250.0 19.0
2253287.0 59298.0 19.0
2253629.0 59307.0 19.0
2254237.0 59323.0 19.0
2254845.0 59339.0 19.0
2257809.0 59417.0 19.0
2257847.0 59418.0 19.0
2261191.0 59506.0 19.0
2261533.0 59515.0 19.0
2262825.0 59549.0 19.0
2262977.0 59553.0 19.0
2266435.0 59644.0 19.0
2268411.0 59696.0 19.0
2272287.0 59798.0 19.0
2272477.0 59803.0 19.0
2273009.0 59817.0 19.0
2273465.0 59829.0 19.0
2275707.0 59888.0 19.0
2277987.0 59948.0 19.0
2281863.0 60050.0 19.0
2283991.0 60106.0 19.0
2286993.0 60185.0 19.0
2287335.0 60194.0 19.0
2288855.0 60234.0 19.0
2294707.0 60388.0 19.0
2305081.0 60661.0 19.0
2307323.0 60720.0 19.0
2312985.0 60869.0 19.0
2318343.0 61010.0 19.0
2331225.0 61349.0 19.0
2332099.0 61372.0 19.0
2345931.0 61736.0 19.0
2366223.0 62270.0 19.0
2378231.0 62586.0 19.0
2446745.0 64389.0 19.0
2516969.0 66237.0 19.0
