rev4
5.4393714E7 1431415.0 19.0
5.4491279E7 1433982.0 19.0
5.4775327E7 1441457.0 19.0
5.4949062E7 1446029.0 19.0
5.4961903E7 1446367.0 19.0
5.4966012E7 1446475.0 19.0
5.5016667E7 1447808.0 19.0
5.5032131E7 1448215.0 19.0
5.5034563E7 1448279.0 19.0
5.5045393E7 1448564.0 19.0
5.5111382E7 1450301.0 19.0
5.5119149E7 1450506.0 19.0
5.5158178E7 1451532.0 19.0
5.5214267E7 1453008.0 19.0
5.5220004E7 1453159.0 19.0
5.5290001E7 1455001.0 19.0
5.5372347E7 1457168.0 19.0
5.5397388E7 1457827.0 19.0
5.5398871E7 1457866.0 19.0
5.5399858E7 1457892.0 19.0
5.5411829E7 1458207.0 19.0
5.5456648E7 1459387.0 19.0
5.5463737E7 1459573.0 19.0
5.5494593E7 1460385.0 19.0
5.5551631E7 1461886.0 19.0
5.560179E7 1463206.0 19.0
5.5602398E7 1463222.0 19.0
5.5613056E7 1463503.0 19.0
5.5625617E7 1463833.0 19.0
5.5649709E7 1464467.0 19.0
5.5663616E7 1464833.0 19.0
5.5680754E7 1465284.0 19.0
5.5772563E7 1467700.0 19.0
5.5779422E7 1467881.0 19.0
5.5788332E7 1468115.0 19.0
5.5794926E7 1468289.0 19.0
5.5902675E7 1471124.0 19.0
5.5948693E7 1472335.0 19.0
5.5976467E7 1473066.0 19.0
5.6061912E7 1475315.0 19.0
5.606539E7 1475406.0 19.0
5.6088571E7 1476016.0 19.0
5.6126039E7 1477002.0 19.0
5.6149788E7 1477627.0 19.0
5.6177795E7 1478364.0 19.0
5.6262154E7 1480584.0 19.0
5.6298217E7 1481533.0 19.0
5.6345089E7 1482767.0 19.0
5.6358941E7 1483131.0 19.0
5.6409859E7 1484471.0 19.0
5.6446949E7 1485447.0 19.0
5.6447631E7 1485465.0 19.0
5.6456676E7 1485703.0 19.0
5.6475657E7 1486203.0 19.0
5.6489053E7 1486555.0 19.0
5.6525495E7 1487514.0 19.0
5.6527393E7 1487564.0 19.0
5.654132E7 1487931.0 19.0
5.6600621E7 1489491.0 19.0
5.6615137E7 1489873.0 19.0
5.662646E7 1490171.0 19.0
5.6728795E7 1492864.0 19.0
5.6738257E7 1493113.0 19.0
5.6746959E7 1493342.0 19.0
5.6748517E7 1493383.0 19.0
5.6752963E7 1493500.0 19.0
5.6803921E7 1494841.0 19.0
5.6828048E7 1495476.0 19.0
5.6834435E7 1495644.0 19.0
5.6863619E7 1496412.0 19.0
5.6947103E7 1498609.0 19.0
5.6973325E7 1499299.0 19.0
5.7046815E7 1501233.0 19.0
5.708299E7 1502185.0 19.0
5.7275767E7 1507258.0 19.0
5.7287128E7 1507557.0 19.0
5.7314375E7 1508274.0 19.0
5.7317452E7 1508355.0 19.0
5.7466525E7 1512278.0 19.0
5.7477316E7 1512562.0 19.0
5.749267E7 1512966.0 19.0
5.7517788E7 1513627.0 19.0
5.7542603E7 1514280.0 19.0
5.7646343E7 1517010.0 19.0
5.7713299E7 1518772.0 19.0
5.7727967E7 1519158.0 19.0
5.7733189E7 1519296.0 19.0
5.7753294E7 1519825.0 19.0
5.7770432E7 1520276.0 19.0
5.8121264E7 1529508.0 19.0
5.8174733E7 1530915.0 19.0
5.8536303E7 1540430.0 19.0
5.8732535E7 1545594.0 19.0
5.8976646E7 1552018.0 19.0
5.9371923E7 1562420.0 19.0
5.9993337E7 1578773.0 19.0
5.9997821E7 1578891.0 19.0
6.0687064E7 1597029.0 19.0
6.0816075E7 1600424.0 19.0
6.3704379E7 1676432.0 19.0
