rev2
1051271.0 27666.0 19.0
1056819.0 27812.0 19.0
1059555.0 27884.0 19.0
1061265.0 27929.0 19.0
1062937.0 27973.0 19.0
1065407.0 28038.0 19.0
1065787.0 28048.0 19.0
1067649.0 28097.0 19.0
1068561.0 28121.0 19.0
1069891.0 28156.0 19.0
1070613.0 28175.0 19.0
1070689.0 28177.0 19.0
1071335.0 28194.0 19.0
1072171.0 28216.0 19.0
1072285.0 28219.0 19.0
1073767.0 28258.0 19.0
1075173.0 28295.0 19.0
1075439.0 28302.0 19.0
1075629.0 28307.0 19.0
1077111.0 28346.0 19.0
1078289.0 28377.0 19.0
1078441.0 28381.0 19.0
1080151.0 28426.0 19.0
1080417.0 28433.0 19.0
1081063.0 28450.0 19.0
1081709.0 28467.0 19.0
1082051.0 28476.0 19.0
1082241.0 28481.0 19.0
1083343.0 28510.0 19.0
1083609.0 28517.0 19.0
1084293.0 28535.0 19.0
1084369.0 28537.0 19.0
1086573.0 28595.0 19.0
1086991.0 28606.0 19.0
1087067.0 28608.0 19.0
1087333.0 28615.0 19.0
1087409.0 28617.0 19.0
1087447.0 28618.0 19.0
1089119.0 28662.0 19.0
1089841.0 28681.0 19.0
1091285.0 28719.0 19.0
1091361.0 28721.0 19.0
1091779.0 28732.0 19.0
1092387.0 28748.0 19.0
1092577.0 28753.0 19.0
1092919.0 28762.0 19.0
1094933.0 28815.0 19.0
1095199.0 28822.0 19.0
1096263.0 28850.0 19.0
1097441.0 28881.0 19.0
1097707.0 28888.0 19.0
1098011.0 28896.0 19.0
1098429.0 28907.0 19.0
1098543.0 28910.0 19.0
1101545.0 28989.0 19.0
1102229.0 29007.0 19.0
1103217.0 29033.0 19.0
1103369.0 29037.0 19.0
1103901.0 29051.0 19.0
1103901.0 29051.0 19.0
1104851.0 29076.0 19.0
1106941.0 29131.0 19.0
1107815.0 29154.0 19.0
1108385.0 29169.0 19.0
1108955.0 29184.0 19.0
1109145.0 29189.0 19.0
1110589.0 29227.0 19.0
1110741.0 29231.0 19.0
1110855.0 29234.0 19.0
1111957.0 29263.0 19.0
1112337.0 29273.0 19.0
1112793.0 29285.0 19.0
1113591.0 29306.0 19.0
1114047.0 29318.0 19.0
1114427.0 29328.0 19.0
1114807.0 29338.0 19.0
1115149.0 29347.0 19.0
1115719.0 29362.0 19.0
1117657.0 29413.0 19.0
1118607.0 29438.0 19.0
1120089.0 29477.0 19.0
1121723.0 29520.0 19.0
1124877.0 29603.0 19.0
1125371.0 29616.0 19.0
1125751.0 29626.0 19.0
1130311.0 29746.0 19.0
1130691.0 29756.0 19.0
1131033.0 29765.0 19.0
1140229.0 30007.0 19.0
1142433.0 30065.0 19.0
1143193.0 30085.0 19.0
1151819.0 30312.0 19.0
1154365.0 30379.0 19.0
1155885.0 30419.0 19.0
1162953.0 30605.0 19.0
1166677.0 30703.0 19.0
1185031.0 31186.0 19.0
1194607.0 31438.0 19.0
1224209.0 32217.0 19.0
1235001.0 32501.0 19.0
