rev2
518663.0 13650.0 19.0
520145.0 13689.0 19.0
520183.0 13690.0 19.0
523641.0 13781.0 19.0
525351.0 13826.0 19.0
526263.0 13850.0 19.0
526643.0 13860.0 19.0
527973.0 13895.0 19.0
528353.0 13905.0 19.0
528771.0 13916.0 19.0
529379.0 13932.0 19.0
529455.0 13934.0 19.0
530063.0 13950.0 19.0
530215.0 13954.0 19.0
530519.0 13962.0 19.0
531773.0 13995.0 19.0
532115.0 14004.0 19.0
532267.0 14008.0 19.0
534091.0 14056.0 19.0
534167.0 14058.0 19.0
534471.0 14066.0 19.0
534547.0 14068.0 19.0
534889.0 14077.0 19.0
534927.0 14078.0 19.0
535763.0 14100.0 19.0
537055.0 14134.0 19.0
537207.0 14138.0 19.0
537283.0 14140.0 19.0
537549.0 14147.0 19.0
537929.0 14157.0 19.0
537967.0 14158.0 19.0
538689.0 14177.0 19.0
538765.0 14179.0 19.0
538879.0 14182.0 19.0
539791.0 14206.0 19.0
539791.0 14206.0 19.0
539943.0 14210.0 19.0
540247.0 14218.0 19.0
540513.0 14225.0 19.0
541045.0 14239.0 19.0
541083.0 14240.0 19.0
541577.0 14253.0 19.0
541767.0 14258.0 19.0
542375.0 14274.0 19.0
542527.0 14278.0 19.0
542679.0 14282.0 19.0
543895.0 14314.0 19.0
544731.0 14336.0 19.0
544731.0 14336.0 19.0
544731.0 14336.0 19.0
544807.0 14338.0 19.0
545719.0 14362.0 19.0
546555.0 14384.0 19.0
546935.0 14394.0 19.0
547315.0 14404.0 19.0
547581.0 14411.0 19.0
548227.0 14428.0 19.0
548493.0 14435.0 19.0
548531.0 14436.0 19.0
548645.0 14439.0 19.0
548873.0 14445.0 19.0
550355.0 14484.0 19.0
550393.0 14485.0 19.0
550735.0 14494.0 19.0
551799.0 14522.0 19.0
552597.0 14543.0 19.0
553205.0 14559.0 19.0
553243.0 14560.0 19.0
553357.0 14563.0 19.0
554155.0 14584.0 19.0
554193.0 14585.0 19.0
554573.0 14595.0 19.0
555485.0 14619.0 19.0
555979.0 14632.0 19.0
556359.0 14642.0 19.0
556891.0 14656.0 19.0
557993.0 14685.0 19.0
558221.0 14691.0 19.0
558373.0 14695.0 19.0
559475.0 14724.0 19.0
559627.0 14728.0 19.0
559817.0 14733.0 19.0
560045.0 14739.0 19.0
560083.0 14740.0 19.0
560691.0 14756.0 19.0
560729.0 14757.0 19.0
561869.0 14787.0 19.0
562477.0 14803.0 19.0
562819.0 14812.0 19.0
564567.0 14858.0 19.0
564605.0 14859.0 19.0
566163.0 14900.0 19.0
566353.0 14905.0 19.0
566923.0 14920.0 19.0
567835.0 14944.0 19.0
567987.0 14948.0 19.0
575777.0 15153.0 19.0
579881.0 15261.0 19.0
587633.0 15465.0 19.0
611535.0 16094.0 19.0
