rev4
10489.0 277.0 19.0
10641.0 281.0 19.0
10679.0 282.0 19.0
10869.0 287.0 19.0
10983.0 290.0 19.0
11021.0 291.0 19.0
11021.0 291.0 19.0
11021.0 291.0 19.0
11097.0 293.0 19.0
11173.0 295.0 19.0
11211.0 296.0 19.0
11249.0 297.0 19.0
11287.0 298.0 19.0
11287.0 298.0 19.0
11287.0 298.0 19.0
11287.0 298.0 19.0
11325.0 299.0 19.0
11363.0 300.0 19.0
11363.0 300.0 19.0
11363.0 300.0 19.0
11363.0 300.0 19.0
11363.0 300.0 19.0
11401.0 301.0 19.0
11401.0 301.0 19.0
11401.0 301.0 19.0
11401.0 301.0 19.0
11439.0 302.0 19.0
11439.0 302.0 19.0
11477.0 303.0 19.0
11515.0 304.0 19.0
11515.0 304.0 19.0
11515.0 304.0 19.0
11515.0 304.0 19.0
11515.0 304.0 19.0
11553.0 305.0 19.0
11553.0 305.0 19.0
11629.0 307.0 19.0
11667.0 308.0 19.0
11705.0 309.0 19.0
11705.0 309.0 19.0
11705.0 309.0 19.0
11743.0 310.0 19.0
11743.0 310.0 19.0
11743.0 310.0 19.0
11743.0 310.0 19.0
11743.0 310.0 19.0
11743.0 310.0 19.0
11743.0 310.0 19.0
11781.0 311.0 19.0
11781.0 311.0 19.0
11781.0 311.0 19.0
11781.0 311.0 19.0
11781.0 311.0 19.0
11819.0 312.0 19.0
11819.0 312.0 19.0
11857.0 313.0 19.0
11857.0 313.0 19.0
11857.0 313.0 19.0
11895.0 314.0 19.0
11895.0 314.0 19.0
11895.0 314.0 19.0
11895.0 314.0 19.0
11895.0 314.0 19.0
11933.0 315.0 19.0
11971.0 316.0 19.0
11971.0 316.0 19.0
11971.0 316.0 19.0
11971.0 316.0 19.0
12009.0 317.0 19.0
12009.0 317.0 19.0
12047.0 318.0 19.0
12047.0 318.0 19.0
12047.0 318.0 19.0
12047.0 318.0 19.0
12085.0 319.0 19.0
12085.0 319.0 19.0
12085.0 319.0 19.0
12123.0 320.0 19.0
12161.0 321.0 19.0
12199.0 322.0 19.0
12237.0 323.0 19.0
12237.0 323.0 19.0
12237.0 323.0 19.0
12237.0 323.0 19.0
12237.0 323.0 19.0
12313.0 325.0 19.0
12313.0 325.0 19.0
12427.0 328.0 19.0
12541.0 331.0 19.0
12655.0 334.0 19.0
12731.0 336.0 19.0
12769.0 337.0 19.0
12807.0 338.0 19.0
12807.0 338.0 19.0
12959.0 342.0 19.0
12997.0 343.0 19.0
13035.0 344.0 19.0
13073.0 345.0 19.0
13149.0 347.0 19.0
13149.0 347.0 19.0
