rev2
6841.0 181.0 19.0
6993.0 185.0 19.0
7069.0 187.0 19.0
7107.0 188.0 19.0
7107.0 188.0 19.0
7145.0 189.0 19.0
7183.0 190.0 19.0
7221.0 191.0 19.0
7221.0 191.0 19.0
7259.0 192.0 19.0
7259.0 192.0 19.0
7259.0 192.0 19.0
7297.0 193.0 19.0
7297.0 193.0 19.0
7335.0 194.0 19.0
7335.0 194.0 19.0
7373.0 195.0 19.0
7373.0 195.0 19.0
7411.0 196.0 19.0
7411.0 196.0 19.0
7411.0 196.0 19.0
7449.0 197.0 19.0
7487.0 198.0 19.0
7487.0 198.0 19.0
7525.0 199.0 19.0
7525.0 199.0 19.0
7525.0 199.0 19.0
7563.0 200.0 19.0
7563.0 200.0 19.0
7563.0 200.0 19.0
7563.0 200.0 19.0
7601.0 201.0 19.0
7639.0 202.0 19.0
7639.0 202.0 19.0
7639.0 202.0 19.0
7677.0 203.0 19.0
7677.0 203.0 19.0
7677.0 203.0 19.0
7677.0 203.0 19.0
7677.0 203.0 19.0
7677.0 203.0 19.0
7677.0 203.0 19.0
7715.0 204.0 19.0
7753.0 205.0 19.0
7753.0 205.0 19.0
7791.0 206.0 19.0
7791.0 206.0 19.0
7829.0 207.0 19.0
7829.0 207.0 19.0
7829.0 207.0 19.0
7829.0 207.0 19.0
7829.0 207.0 19.0
7829.0 207.0 19.0
7829.0 207.0 19.0
7867.0 208.0 19.0
7867.0 208.0 19.0
7905.0 209.0 19.0
7905.0 209.0 19.0
7905.0 209.0 19.0
7905.0 209.0 19.0
7905.0 209.0 19.0
7943.0 210.0 19.0
7943.0 210.0 19.0
7943.0 210.0 19.0
7943.0 210.0 19.0
7943.0 210.0 19.0
7981.0 211.0 19.0
7981.0 211.0 19.0
8019.0 212.0 19.0
8019.0 212.0 19.0
8057.0 213.0 19.0
8057.0 213.0 19.0
8057.0 213.0 19.0
8057.0 213.0 19.0
8057.0 213.0 19.0
8133.0 215.0 19.0
8171.0 216.0 19.0
8171.0 216.0 19.0
8209.0 217.0 19.0
8247.0 218.0 19.0
8247.0 218.0 19.0
8247.0 218.0 19.0
8285.0 219.0 19.0
8285.0 219.0 19.0
8285.0 219.0 19.0
8323.0 220.0 19.0
8361.0 221.0 19.0
8399.0 222.0 19.0
8475.0 224.0 19.0
8513.0 225.0 19.0
8513.0 225.0 19.0
8551.0 226.0 19.0
8627.0 228.0 19.0
8703.0 230.0 19.0
8741.0 231.0 19.0
8779.0 232.0 19.0
8817.0 233.0 19.0
8817.0 233.0 19.0
8855.0 234.0 19.0
8969.0 237.0 19.0
