rev2
38191.0 1006.0 19.0
38229.0 1007.0 19.0
38229.0 1007.0 19.0
38913.0 1025.0 19.0
39445.0 1039.0 19.0
39673.0 1045.0 19.0
39787.0 1048.0 19.0
40243.0 1060.0 19.0
40243.0 1060.0 19.0
40319.0 1062.0 19.0
40699.0 1072.0 19.0
40775.0 1074.0 19.0
40851.0 1076.0 19.0
40889.0 1077.0 19.0
40889.0 1077.0 19.0
40927.0 1078.0 19.0
40965.0 1079.0 19.0
41003.0 1080.0 19.0
41041.0 1081.0 19.0
41307.0 1088.0 19.0
41345.0 1089.0 19.0
41345.0 1089.0 19.0
41383.0 1090.0 19.0
41421.0 1091.0 19.0
41573.0 1095.0 19.0
41687.0 1098.0 19.0
41839.0 1102.0 19.0
42029.0 1107.0 19.0
42105.0 1109.0 19.0
42181.0 1111.0 19.0
42219.0 1112.0 19.0
42333.0 1115.0 19.0
42333.0 1115.0 19.0
42371.0 1116.0 19.0
42371.0 1116.0 19.0
42485.0 1119.0 19.0
42485.0 1119.0 19.0
42523.0 1120.0 19.0
42599.0 1122.0 19.0
42675.0 1124.0 19.0
42751.0 1126.0 19.0
42789.0 1127.0 19.0
42827.0 1128.0 19.0
42865.0 1129.0 19.0
42903.0 1130.0 19.0
42979.0 1132.0 19.0
42979.0 1132.0 19.0
43131.0 1136.0 19.0
43131.0 1136.0 19.0
43131.0 1136.0 19.0
43131.0 1136.0 19.0
43207.0 1138.0 19.0
43245.0 1139.0 19.0
43321.0 1141.0 19.0
43397.0 1143.0 19.0
43397.0 1143.0 19.0
43473.0 1145.0 19.0
43625.0 1149.0 19.0
43663.0 1150.0 19.0
43701.0 1151.0 19.0
43739.0 1152.0 19.0
43929.0 1157.0 19.0
43967.0 1158.0 19.0
44005.0 1159.0 19.0
44005.0 1159.0 19.0
44043.0 1160.0 19.0
44081.0 1161.0 19.0
44195.0 1164.0 19.0
44347.0 1168.0 19.0
44385.0 1169.0 19.0
44499.0 1172.0 19.0
44993.0 1185.0 19.0
45031.0 1186.0 19.0
45031.0 1186.0 19.0
45107.0 1188.0 19.0
45183.0 1190.0 19.0
45639.0 1202.0 19.0
45677.0 1203.0 19.0
45715.0 1204.0 19.0
45715.0 1204.0 19.0
45715.0 1204.0 19.0
45753.0 1205.0 19.0
45829.0 1207.0 19.0
46095.0 1214.0 19.0
46095.0 1214.0 19.0
46285.0 1219.0 19.0
46437.0 1223.0 19.0
46551.0 1226.0 19.0
46741.0 1231.0 19.0
46855.0 1234.0 19.0
47045.0 1239.0 19.0
47729.0 1257.0 19.0
47843.0 1260.0 19.0
48185.0 1269.0 19.0
48413.0 1275.0 19.0
48603.0 1280.0 19.0
49249.0 1297.0 19.0
49857.0 1313.0 19.0
50047.0 1318.0 19.0
52517.0 1383.0 19.0
