rev2
1901.0 51.0 19.0
2053.0 55.0 19.0
2243.0 60.0 19.0
2319.0 62.0 19.0
2319.0 62.0 19.0
2319.0 62.0 19.0
2395.0 64.0 19.0
2395.0 64.0 19.0
2395.0 64.0 19.0
2433.0 65.0 19.0
2433.0 65.0 19.0
2471.0 66.0 19.0
2471.0 66.0 19.0
2471.0 66.0 19.0
2509.0 67.0 19.0
2509.0 67.0 19.0
2547.0 68.0 19.0
2547.0 68.0 19.0
2547.0 68.0 19.0
2585.0 69.0 19.0
2585.0 69.0 19.0
2585.0 69.0 19.0
2585.0 69.0 19.0
2623.0 70.0 19.0
2623.0 70.0 19.0
2623.0 70.0 19.0
2623.0 70.0 19.0
2623.0 70.0 19.0
2661.0 71.0 19.0
2661.0 71.0 19.0
2661.0 71.0 19.0
2661.0 71.0 19.0
2699.0 72.0 19.0
2699.0 72.0 19.0
2699.0 72.0 19.0
2737.0 73.0 19.0
2737.0 73.0 19.0
2737.0 73.0 19.0
2775.0 74.0 19.0
2775.0 74.0 19.0
2775.0 74.0 19.0
2775.0 74.0 19.0
2775.0 74.0 19.0
2775.0 74.0 19.0
2813.0 75.0 19.0
2851.0 76.0 19.0
2851.0 76.0 19.0
2851.0 76.0 19.0
2851.0 76.0 19.0
2889.0 77.0 19.0
2889.0 77.0 19.0
2927.0 78.0 19.0
2927.0 78.0 19.0
2965.0 79.0 19.0
2965.0 79.0 19.0
2965.0 79.0 19.0
2965.0 79.0 19.0
2965.0 79.0 19.0
2965.0 79.0 19.0
3003.0 80.0 19.0
3003.0 80.0 19.0
3003.0 80.0 19.0
3003.0 80.0 19.0
3041.0 81.0 19.0
3041.0 81.0 19.0
3079.0 82.0 19.0
3117.0 83.0 19.0
3155.0 84.0 19.0
3155.0 84.0 19.0
3155.0 84.0 19.0
3155.0 84.0 19.0
3193.0 85.0 19.0
3193.0 85.0 19.0
3193.0 85.0 19.0
3193.0 85.0 19.0
3231.0 86.0 19.0
3269.0 87.0 19.0
3269.0 87.0 19.0
3269.0 87.0 19.0
3269.0 87.0 19.0
3307.0 88.0 19.0
3345.0 89.0 19.0
3383.0 90.0 19.0
3421.0 91.0 19.0
3421.0 91.0 19.0
3459.0 92.0 19.0
3459.0 92.0 19.0
3497.0 93.0 19.0
3535.0 94.0 19.0
3535.0 94.0 19.0
3611.0 96.0 19.0
3611.0 96.0 19.0
3649.0 97.0 19.0
3725.0 99.0 19.0
3839.0 102.0 19.0
3953.0 105.0 19.0
4029.0 107.0 19.0
4029.0 107.0 19.0
4181.0 111.0 19.0
4219.0 112.0 19.0
