rev4
8084995.0 212764.0 19.0
8144579.0 214332.0 19.0
8146517.0 214383.0 19.0
8147999.0 214422.0 19.0
8161755.0 214784.0 19.0
8179843.0 215260.0 19.0
8188241.0 215481.0 19.0
8204011.0 215896.0 19.0
8207393.0 215985.0 19.0
8207469.0 215987.0 19.0
8251625.0 217149.0 19.0
8252119.0 217162.0 19.0
8269941.0 217631.0 19.0
8290878.0 218182.0 19.0
8300911.0 218446.0 19.0
8301519.0 218462.0 19.0
8307371.0 218616.0 19.0
8326332.0 219115.0 19.0
8330399.0 219222.0 19.0
8336973.0 219395.0 19.0
8338303.0 219430.0 19.0
8345636.0 219623.0 19.0
8347955.0 219684.0 19.0
8360039.0 220002.0 19.0
8360191.0 220006.0 19.0
8392871.0 220866.0 19.0
8394277.0 220903.0 19.0
8397393.0 220985.0 19.0
8398191.0 221006.0 19.0
8402712.0 221125.0 19.0
8416659.0 221492.0 19.0
8440978.0 222132.0 19.0
8447857.0 222313.0 19.0
8449947.0 222368.0 19.0
8462943.0 222710.0 19.0
8476965.0 223079.0 19.0
8484983.0 223290.0 19.0
8491785.0 223469.0 19.0
8498017.0 223633.0 19.0
8498929.0 223657.0 19.0
8505578.0 223832.0 19.0
8527163.0 224400.0 19.0
8547531.0 224936.0 19.0
8561781.0 225311.0 19.0
8567709.0 225467.0 19.0
8577285.0 225719.0 19.0
8579565.0 225779.0 19.0
8586253.0 225955.0 19.0
8586367.0 225958.0 19.0
8591534.0 226094.0 19.0
8594575.0 226174.0 19.0
8604455.0 226434.0 19.0
8607381.0 226511.0 19.0
8626438.0 227013.0 19.0
8640251.0 227376.0 19.0
8646215.0 227533.0 19.0
8659631.0 227886.0 19.0
8660847.0 227918.0 19.0
8669245.0 228139.0 19.0
8686421.0 228591.0 19.0
8718531.0 229436.0 19.0
8730919.0 229762.0 19.0
8737037.0 229923.0 19.0
8737683.0 229940.0 19.0
8744371.0 230116.0 19.0
8754403.0 230380.0 19.0
8778457.0 231013.0 19.0
8780129.0 231057.0 19.0
8781725.0 231099.0 19.0
8784043.0 231160.0 19.0
8794835.0 231444.0 19.0
8795785.0 231469.0 19.0
8799319.0 231562.0 19.0
8800649.0 231597.0 19.0
8819611.0 232096.0 19.0
8870455.0 233434.0 19.0
8898195.0 234164.0 19.0
8917119.0 234662.0 19.0
8920083.0 234740.0 19.0
8929583.0 234990.0 19.0
8945922.0 235420.0 19.0
8947215.0 235454.0 19.0
8968267.0 236008.0 19.0
8989509.0 236567.0 19.0
9030093.0 237635.0 19.0
9067751.0 238626.0 19.0
9105750.0 239626.0 19.0
9140863.0 240550.0 19.0
9142116.0 240583.0 19.0
9144587.0 240648.0 19.0
9206375.0 242274.0 19.0
9255433.0 243565.0 19.0
9270405.0 243959.0 19.0
9288036.0 244423.0 19.0
9330521.0 245541.0 19.0
9350243.0 246060.0 19.0
9452235.0 248744.0 19.0
9683085.0 254819.0 19.0
9761783.0 256890.0 19.0
1.0448329E7 274957.0 19.0
