rev4
242707.0 6388.0 19.0
243087.0 6398.0 19.0
245025.0 6449.0 19.0
246849.0 6497.0 19.0
248217.0 6533.0 19.0
248673.0 6545.0 19.0
250003.0 6580.0 19.0
250231.0 6586.0 19.0
250915.0 6604.0 19.0
250953.0 6605.0 19.0
251903.0 6630.0 19.0
252929.0 6657.0 19.0
253575.0 6674.0 19.0
253575.0 6674.0 19.0
253689.0 6677.0 19.0
253765.0 6679.0 19.0
254297.0 6693.0 19.0
254525.0 6699.0 19.0
255437.0 6723.0 19.0
255893.0 6735.0 19.0
256007.0 6738.0 19.0
256615.0 6754.0 19.0
256919.0 6762.0 19.0
256995.0 6764.0 19.0
257299.0 6772.0 19.0
257451.0 6776.0 19.0
257527.0 6778.0 19.0
257869.0 6787.0 19.0
257983.0 6790.0 19.0
258287.0 6798.0 19.0
258325.0 6799.0 19.0
258895.0 6814.0 19.0
259313.0 6825.0 19.0
259503.0 6830.0 19.0
259503.0 6830.0 19.0
259655.0 6834.0 19.0
259997.0 6843.0 19.0
260149.0 6847.0 19.0
260491.0 6856.0 19.0
260567.0 6858.0 19.0
260681.0 6861.0 19.0
260795.0 6864.0 19.0
260871.0 6866.0 19.0
260985.0 6869.0 19.0
260985.0 6869.0 19.0
261175.0 6874.0 19.0
261669.0 6887.0 19.0
261973.0 6895.0 19.0
262049.0 6897.0 19.0
262923.0 6920.0 19.0
263227.0 6928.0 19.0
263303.0 6930.0 19.0
263417.0 6933.0 19.0
263493.0 6935.0 19.0
263569.0 6937.0 19.0
264063.0 6950.0 19.0
264557.0 6963.0 19.0
265393.0 6985.0 19.0
265431.0 6986.0 19.0
265887.0 6998.0 19.0
265925.0 6999.0 19.0
266077.0 7003.0 19.0
266153.0 7005.0 19.0
266381.0 7011.0 19.0
266875.0 7024.0 19.0
267179.0 7032.0 19.0
267217.0 7033.0 19.0
267711.0 7046.0 19.0
268395.0 7064.0 19.0
268509.0 7067.0 19.0
268965.0 7079.0 19.0
269535.0 7094.0 19.0
270067.0 7108.0 19.0
270105.0 7109.0 19.0
270447.0 7118.0 19.0
272043.0 7160.0 19.0
272575.0 7174.0 19.0
273221.0 7191.0 19.0
273259.0 7192.0 19.0
273943.0 7210.0 19.0
274399.0 7222.0 19.0
275653.0 7255.0 19.0
279377.0 7353.0 19.0
280365.0 7379.0 19.0
281011.0 7396.0 19.0
281163.0 7400.0 19.0
282227.0 7428.0 19.0
282417.0 7433.0 19.0
283557.0 7463.0 19.0
285153.0 7505.0 19.0
285457.0 7513.0 19.0
286217.0 7533.0 19.0
286711.0 7546.0 19.0
287851.0 7576.0 19.0
291917.0 7683.0 19.0
298263.0 7850.0 19.0
301949.0 7947.0 19.0
305103.0 8030.0 19.0
306851.0 8076.0 19.0
308637.0 8123.0 19.0
