rev2
654703.0 17230.0 19.0
658161.0 17321.0 19.0
658579.0 17332.0 19.0
658731.0 17336.0 19.0
665761.0 17521.0 19.0
666293.0 17535.0 19.0
670511.0 17646.0 19.0
671765.0 17679.0 19.0
671955.0 17684.0 19.0
672373.0 17695.0 19.0
673247.0 17718.0 19.0
675413.0 17775.0 19.0
677313.0 17825.0 19.0
677883.0 17840.0 19.0
679517.0 17883.0 19.0
682861.0 17971.0 19.0
684153.0 18005.0 19.0
685521.0 18041.0 19.0
687041.0 18081.0 19.0
687687.0 18098.0 19.0
687877.0 18103.0 19.0
689815.0 18154.0 19.0
689967.0 18158.0 19.0
690499.0 18172.0 19.0
690689.0 18177.0 19.0
690917.0 18183.0 19.0
690955.0 18184.0 19.0
690993.0 18185.0 19.0
691259.0 18192.0 19.0
691297.0 18193.0 19.0
692247.0 18218.0 19.0
692323.0 18220.0 19.0
692323.0 18220.0 19.0
693045.0 18239.0 19.0
693691.0 18256.0 19.0
697757.0 18363.0 19.0
698897.0 18393.0 19.0
699125.0 18399.0 19.0
699125.0 18399.0 19.0
699771.0 18416.0 19.0
699809.0 18417.0 19.0
701177.0 18453.0 19.0
701253.0 18455.0 19.0
701405.0 18459.0 19.0
701443.0 18460.0 19.0
702355.0 18484.0 19.0
702773.0 18495.0 19.0
704977.0 18553.0 19.0
705395.0 18564.0 19.0
705813.0 18575.0 19.0
705813.0 18575.0 19.0
705813.0 18575.0 19.0
705813.0 18575.0 19.0
705927.0 18578.0 19.0
707067.0 18608.0 19.0
709423.0 18670.0 19.0
711703.0 18730.0 19.0
711855.0 18734.0 19.0
712957.0 18763.0 19.0
713451.0 18776.0 19.0
714135.0 18794.0 19.0
714933.0 18815.0 19.0
715199.0 18822.0 19.0
716339.0 18852.0 19.0
717555.0 18884.0 19.0
717593.0 18885.0 19.0
717821.0 18891.0 19.0
718087.0 18898.0 19.0
718125.0 18899.0 19.0
719911.0 18946.0 19.0
720671.0 18966.0 19.0
721013.0 18975.0 19.0
721127.0 18978.0 19.0
721773.0 18995.0 19.0
722761.0 19021.0 19.0
723939.0 19052.0 19.0
727245.0 19139.0 19.0
728765.0 19179.0 19.0
729259.0 19192.0 19.0
733211.0 19296.0 19.0
733895.0 19314.0 19.0
738873.0 19445.0 19.0
738873.0 19445.0 19.0
746967.0 19658.0 19.0
747233.0 19665.0 19.0
748449.0 19697.0 19.0
752021.0 19791.0 19.0
753845.0 19839.0 19.0
757759.0 19942.0 19.0
759279.0 19982.0 19.0
765929.0 20157.0 19.0
769235.0 20244.0 19.0
770451.0 20276.0 19.0
773339.0 20352.0 19.0
776835.0 20444.0 19.0
779419.0 20512.0 19.0
780635.0 20544.0 19.0
783713.0 20625.0 19.0
784625.0 20649.0 19.0
791655.0 20834.0 19.0
