rev2
5399801.0 142101.0 19.0
5401131.0 142136.0 19.0
5424729.0 142757.0 19.0
5450303.0 143430.0 19.0
5461361.0 143721.0 19.0
5465085.0 143819.0 19.0
5473673.0 144045.0 19.0
5475991.0 144106.0 19.0
5484731.0 144336.0 19.0
5489329.0 144457.0 19.0
5495257.0 144613.0 19.0
5513117.0 145083.0 19.0
5531927.0 145578.0 19.0
5535917.0 145683.0 19.0
5537589.0 145727.0 19.0
5539375.0 145774.0 19.0
5545873.0 145945.0 19.0
5550851.0 146076.0 19.0
5573689.0 146677.0 19.0
5579351.0 146826.0 19.0
5581821.0 146891.0 19.0
5591359.0 147142.0 19.0
5594969.0 147237.0 19.0
5598959.0 147342.0 19.0
5601163.0 147400.0 19.0
5609333.0 147615.0 19.0
5657251.0 148876.0 19.0
5662799.0 149022.0 19.0
5663407.0 149038.0 19.0
5663559.0 149042.0 19.0
5663863.0 149050.0 19.0
5664699.0 149072.0 19.0
5666675.0 149124.0 19.0
5678151.0 149426.0 19.0
5683851.0 149576.0 19.0
5684117.0 149583.0 19.0
5686929.0 149657.0 19.0
5687347.0 149668.0 19.0
5689779.0 149732.0 19.0
5710717.0 150283.0 19.0
5718963.0 150500.0 19.0
5723447.0 150618.0 19.0
5723789.0 150627.0 19.0
5728577.0 150753.0 19.0
5735151.0 150926.0 19.0
5737925.0 150999.0 19.0
5739255.0 151034.0 19.0
5742409.0 151117.0 19.0
5746779.0 151232.0 19.0
5759053.0 151555.0 19.0
5760535.0 151594.0 19.0
5769579.0 151832.0 19.0
5772581.0 151911.0 19.0
5773949.0 151947.0 19.0
5774139.0 151952.0 19.0
5775583.0 151990.0 19.0
5775887.0 151998.0 19.0
5776191.0 152006.0 19.0
5777977.0 152053.0 19.0
5779421.0 152091.0 19.0
5781169.0 152137.0 19.0
5800055.0 152634.0 19.0
5802297.0 152693.0 19.0
5814191.0 153006.0 19.0
5815065.0 153029.0 19.0
5818903.0 153130.0 19.0
5824451.0 153276.0 19.0
5825249.0 153297.0 19.0
5825781.0 153311.0 19.0
5827757.0 153363.0 19.0
5832279.0 153482.0 19.0
5842083.0 153740.0 19.0
5860361.0 154221.0 19.0
5863325.0 154299.0 19.0
5879931.0 154736.0 19.0
5882021.0 154791.0 19.0
5907063.0 155450.0 19.0
5909267.0 155508.0 19.0
5917247.0 155718.0 19.0
5933853.0 156155.0 19.0
5944227.0 156428.0 19.0
5960643.0 156860.0 19.0
5966039.0 157002.0 19.0
5973639.0 157202.0 19.0
5985001.0 157501.0 19.0
5990055.0 157634.0 19.0
5992829.0 157707.0 19.0
5993209.0 157717.0 19.0
6035883.0 158840.0 19.0
6036529.0 158857.0 19.0
6051045.0 159239.0 19.0
6103029.0 160607.0 19.0
6127425.0 161249.0 19.0
6159915.0 162104.0 19.0
6168921.0 162341.0 19.0
6182069.0 162687.0 19.0
6203311.0 163246.0 19.0
6249291.0 164456.0 19.0
6287291.0 165456.0 19.0
6450463.0 169750.0 19.0
