rev2
8665.0 229.0 19.0
9159.0 242.0 19.0
9311.0 246.0 19.0
9387.0 248.0 19.0
9463.0 250.0 19.0
9615.0 254.0 19.0
9653.0 255.0 19.0
9653.0 255.0 19.0
9767.0 258.0 19.0
9767.0 258.0 19.0
9805.0 259.0 19.0
9843.0 260.0 19.0
9919.0 262.0 19.0
9957.0 263.0 19.0
10033.0 265.0 19.0
10071.0 266.0 19.0
10071.0 266.0 19.0
10071.0 266.0 19.0
10109.0 267.0 19.0
10109.0 267.0 19.0
10147.0 268.0 19.0
10185.0 269.0 19.0
10185.0 269.0 19.0
10185.0 269.0 19.0
10261.0 271.0 19.0
10299.0 272.0 19.0
10299.0 272.0 19.0
10337.0 273.0 19.0
10337.0 273.0 19.0
10375.0 274.0 19.0
10413.0 275.0 19.0
10413.0 275.0 19.0
10451.0 276.0 19.0
10451.0 276.0 19.0
10451.0 276.0 19.0
10489.0 277.0 19.0
10489.0 277.0 19.0
10527.0 278.0 19.0
10527.0 278.0 19.0
10565.0 279.0 19.0
10565.0 279.0 19.0
10603.0 280.0 19.0
10641.0 281.0 19.0
10641.0 281.0 19.0
10717.0 283.0 19.0
10717.0 283.0 19.0
10717.0 283.0 19.0
10755.0 284.0 19.0
10755.0 284.0 19.0
10755.0 284.0 19.0
10793.0 285.0 19.0
10793.0 285.0 19.0
10831.0 286.0 19.0
10869.0 287.0 19.0
10907.0 288.0 19.0
10945.0 289.0 19.0
10945.0 289.0 19.0
10983.0 290.0 19.0
10983.0 290.0 19.0
11021.0 291.0 19.0
11021.0 291.0 19.0
11059.0 292.0 19.0
11097.0 293.0 19.0
11173.0 295.0 19.0
11173.0 295.0 19.0
11173.0 295.0 19.0
11211.0 296.0 19.0
11211.0 296.0 19.0
11249.0 297.0 19.0
11249.0 297.0 19.0
11249.0 297.0 19.0
11325.0 299.0 19.0
11325.0 299.0 19.0
11325.0 299.0 19.0
11325.0 299.0 19.0
11363.0 300.0 19.0
11363.0 300.0 19.0
11363.0 300.0 19.0
11401.0 301.0 19.0
11439.0 302.0 19.0
11439.0 302.0 19.0
11477.0 303.0 19.0
11629.0 307.0 19.0
11667.0 308.0 19.0
11743.0 310.0 19.0
11743.0 310.0 19.0
11781.0 311.0 19.0
11819.0 312.0 19.0
11857.0 313.0 19.0
11933.0 315.0 19.0
11933.0 315.0 19.0
12047.0 318.0 19.0
12123.0 320.0 19.0
12161.0 321.0 19.0
12389.0 327.0 19.0
12617.0 333.0 19.0
12693.0 335.0 19.0
12845.0 339.0 19.0
12959.0 342.0 19.0
13567.0 358.0 19.0
