rev4
3117.0 83.0 19.0
3193.0 85.0 19.0
3231.0 86.0 19.0
3269.0 87.0 19.0
3345.0 89.0 19.0
3383.0 90.0 19.0
3497.0 93.0 19.0
3535.0 94.0 19.0
3535.0 94.0 19.0
3573.0 95.0 19.0
3573.0 95.0 19.0
3611.0 96.0 19.0
3649.0 97.0 19.0
3649.0 97.0 19.0
3649.0 97.0 19.0
3687.0 98.0 19.0
3687.0 98.0 19.0
3687.0 98.0 19.0
3687.0 98.0 19.0
3725.0 99.0 19.0
3725.0 99.0 19.0
3763.0 100.0 19.0
3801.0 101.0 19.0
3839.0 102.0 19.0
3839.0 102.0 19.0
3839.0 102.0 19.0
3877.0 103.0 19.0
3915.0 104.0 19.0
3915.0 104.0 19.0
3953.0 105.0 19.0
3991.0 106.0 19.0
3991.0 106.0 19.0
4029.0 107.0 19.0
4029.0 107.0 19.0
4067.0 108.0 19.0
4067.0 108.0 19.0
4105.0 109.0 19.0
4105.0 109.0 19.0
4105.0 109.0 19.0
4105.0 109.0 19.0
4105.0 109.0 19.0
4181.0 111.0 19.0
4219.0 112.0 19.0
4219.0 112.0 19.0
4219.0 112.0 19.0
4257.0 113.0 19.0
4257.0 113.0 19.0
4257.0 113.0 19.0
4257.0 113.0 19.0
4295.0 114.0 19.0
4295.0 114.0 19.0
4295.0 114.0 19.0
4295.0 114.0 19.0
4295.0 114.0 19.0
4333.0 115.0 19.0
4333.0 115.0 19.0
4333.0 115.0 19.0
4333.0 115.0 19.0
4333.0 115.0 19.0
4371.0 116.0 19.0
4371.0 116.0 19.0
4371.0 116.0 19.0
4371.0 116.0 19.0
4409.0 117.0 19.0
4409.0 117.0 19.0
4447.0 118.0 19.0
4485.0 119.0 19.0
4485.0 119.0 19.0
4523.0 120.0 19.0
4523.0 120.0 19.0
4561.0 121.0 19.0
4561.0 121.0 19.0
4637.0 123.0 19.0
4637.0 123.0 19.0
4789.0 127.0 19.0
4827.0 128.0 19.0
4827.0 128.0 19.0
4827.0 128.0 19.0
4903.0 130.0 19.0
4941.0 131.0 19.0
4941.0 131.0 19.0
4941.0 131.0 19.0
5017.0 133.0 19.0
5055.0 134.0 19.0
5093.0 135.0 19.0
5093.0 135.0 19.0
5131.0 136.0 19.0
5131.0 136.0 19.0
5169.0 137.0 19.0
5245.0 139.0 19.0
5283.0 140.0 19.0
5321.0 141.0 19.0
5321.0 141.0 19.0
5359.0 142.0 19.0
5435.0 144.0 19.0
5549.0 147.0 19.0
5739.0 152.0 19.0
5777.0 153.0 19.0
6119.0 162.0 19.0
6613.0 175.0 19.0
