rev2
2651831.0 69786.0 19.0
2691161.0 70821.0 19.0
2706285.0 71219.0 19.0
2713657.0 71413.0 19.0
2713771.0 71416.0 19.0
2717723.0 71520.0 19.0
2720915.0 71604.0 19.0
2725133.0 71715.0 19.0
2733493.0 71935.0 19.0
2739915.0 72104.0 19.0
2744095.0 72214.0 19.0
2744361.0 72221.0 19.0
2747971.0 72316.0 19.0
2751315.0 72404.0 19.0
2754659.0 72492.0 19.0
2759219.0 72612.0 19.0
2762753.0 72705.0 19.0
2763703.0 72730.0 19.0
2772063.0 72950.0 19.0
2772367.0 72958.0 19.0
2781677.0 73203.0 19.0
2784527.0 73278.0 19.0
2791785.0 73469.0 19.0
2797219.0 73612.0 19.0
2798207.0 73638.0 19.0
2799879.0 73682.0 19.0
2804743.0 73810.0 19.0
2807669.0 73887.0 19.0
2812761.0 74021.0 19.0
2818537.0 74173.0 19.0
2820817.0 74233.0 19.0
2823363.0 74300.0 19.0
2823819.0 74312.0 19.0
2824617.0 74333.0 19.0
2825605.0 74359.0 19.0
2833851.0 74576.0 19.0
2834991.0 74606.0 19.0
2837499.0 74672.0 19.0
2842135.0 74794.0 19.0
2843427.0 74828.0 19.0
2849317.0 74983.0 19.0
2850153.0 75005.0 19.0
2850647.0 75018.0 19.0
2858019.0 75212.0 19.0
2860261.0 75271.0 19.0
2866341.0 75431.0 19.0
2866569.0 75437.0 19.0
2868735.0 75494.0 19.0
2870179.0 75532.0 19.0
2874169.0 75637.0 19.0
2874169.0 75637.0 19.0
2875157.0 75663.0 19.0
2881351.0 75826.0 19.0
2882035.0 75844.0 19.0
2888647.0 76018.0 19.0
2891535.0 76094.0 19.0
2891915.0 76104.0 19.0
2897767.0 76258.0 19.0
2903543.0 76410.0 19.0
2904075.0 76424.0 19.0
2904493.0 76435.0 19.0
2905139.0 76452.0 19.0
2912853.0 76655.0 19.0
2913461.0 76671.0 19.0
2914449.0 76697.0 19.0
2914601.0 76701.0 19.0
2916083.0 76740.0 19.0
2918819.0 76812.0 19.0
2926115.0 77004.0 19.0
2927103.0 77030.0 19.0
2929535.0 77094.0 19.0
2939529.0 77357.0 19.0
2943861.0 77471.0 19.0
2949903.0 77630.0 19.0
2955413.0 77775.0 19.0
2960961.0 77921.0 19.0
2961341.0 77931.0 19.0
2961645.0 77939.0 19.0
2967193.0 78085.0 19.0
2987675.0 78624.0 19.0
2991893.0 78735.0 19.0
2996833.0 78865.0 19.0
3003331.0 79036.0 19.0
3010475.0 79224.0 19.0
3028525.0 79699.0 19.0
3035859.0 79892.0 19.0
3037873.0 79945.0 19.0
3041445.0 80039.0 19.0
3046955.0 80184.0 19.0
3047677.0 80203.0 19.0
3065347.0 80668.0 19.0
3074201.0 80901.0 19.0
3105057.0 81713.0 19.0
3126147.0 82268.0 19.0
3153697.0 82993.0 19.0
3171709.0 83467.0 19.0
3172849.0 83497.0 19.0
3398987.0 89448.0 19.0
3433187.0 90348.0 19.0
3636981.0 95711.0 19.0
