rev2
2.1986877E7 578603.0 19.0
2.2055163E7 580400.0 19.0
2.2103537E7 581673.0 19.0
2.2124057E7 582213.0 19.0
2.2257627E7 585728.0 19.0
2.2294373E7 586695.0 19.0
2.2310789E7 587127.0 19.0
2.2336249E7 587797.0 19.0
2.2353615E7 588254.0 19.0
2.2399861E7 589471.0 19.0
2.2553913E7 593525.0 19.0
2.2571963E7 594000.0 19.0
2.2573293E7 594035.0 19.0
2.2603731E7 594836.0 19.0
2.2633143E7 595610.0 19.0
2.2676691E7 596756.0 19.0
2.2720885E7 597919.0 19.0
2.2752121E7 598741.0 19.0
2.2768195E7 599164.0 19.0
2.2779557E7 599463.0 19.0
2.2783813E7 599575.0 19.0
2.2793769E7 599837.0 19.0
2.2818697E7 600493.0 19.0
2.2825423E7 600670.0 19.0
2.2830135E7 600794.0 19.0
2.2869731E7 601836.0 19.0
2.2940867E7 603708.0 19.0
2.2960133E7 604215.0 19.0
2.2992851E7 605076.0 19.0
2.3026367E7 605958.0 19.0
2.3049053E7 606555.0 19.0
2.3050687E7 606598.0 19.0
2.3106129E7 608057.0 19.0
2.3123989E7 608527.0 19.0
2.3131969E7 608737.0 19.0
2.3138315E7 608904.0 19.0
2.3142723E7 609020.0 19.0
2.3149601E7 609201.0 19.0
2.3183915E7 610104.0 19.0
2.3196645E7 610439.0 19.0
2.3201509E7 610567.0 19.0
2.3206981E7 610711.0 19.0
2.3231871E7 611366.0 19.0
2.3244829E7 611707.0 19.0
2.3270555E7 612384.0 19.0
2.3270669E7 612387.0 19.0
2.3281347E7 612668.0 19.0
2.3290619E7 612912.0 19.0
2.3314369E7 613537.0 19.0
2.3319423E7 613670.0 19.0
2.3324287E7 613798.0 19.0
2.3325503E7 613830.0 19.0
2.3341501E7 614251.0 19.0
2.3383605E7 615359.0 19.0
2.3447559E7 617042.0 19.0
2.3457857E7 617313.0 19.0
2.3462037E7 617423.0 19.0
2.3496579E7 618332.0 19.0
2.3503723E7 618520.0 19.0
2.3511361E7 618721.0 19.0
2.3563535E7 620094.0 19.0
2.3566993E7 620185.0 19.0
2.3621637E7 621623.0 19.0
2.3646755E7 622284.0 19.0
2.3670619E7 622912.0 19.0
2.3697789E7 623627.0 19.0
2.3706187E7 623848.0 19.0
2.3715953E7 624105.0 19.0
2.3726251E7 624376.0 19.0
2.3738145E7 624689.0 19.0
2.3746847E7 624918.0 19.0
2.3765049E7 625397.0 19.0
2.3816881E7 626761.0 19.0
2.3830979E7 627132.0 19.0
2.3896681E7 628861.0 19.0
2.3955809E7 630417.0 19.0
2.3975873E7 630945.0 19.0
2.4017407E7 632038.0 19.0
2.4026451E7 632276.0 19.0
2.4094699E7 634072.0 19.0
2.4111609E7 634517.0 19.0
2.4136119E7 635162.0 19.0
2.4315707E7 639888.0 19.0
2.4316201E7 639901.0 19.0
2.4381029E7 641607.0 19.0
2.4399421E7 642091.0 19.0
2.4440499E7 643172.0 19.0
2.4521629E7 645307.0 19.0
2.4598237E7 647323.0 19.0
2.4695365E7 649879.0 19.0
2.4699355E7 649984.0 19.0
2.4736177E7 650953.0 19.0
2.4975919E7 657262.0 19.0
2.5033679E7 658782.0 19.0
2.5237359E7 664142.0 19.0
2.5247087E7 664398.0 19.0
2.5445143E7 669610.0 19.0
2.5488083E7 670740.0 19.0
2.5638981E7 674711.0 19.0
2.5661857E7 675313.0 19.0
