rev4
980705.0 25809.0 19.0
1000275.0 26324.0 19.0
1000579.0 26332.0 19.0
1002821.0 26391.0 19.0
1011295.0 26614.0 19.0
1012853.0 26655.0 19.0
1013537.0 26673.0 19.0
1013651.0 26676.0 19.0
1016273.0 26745.0 19.0
1018325.0 26799.0 19.0
1018439.0 26802.0 19.0
1021859.0 26892.0 19.0
1022125.0 26899.0 19.0
1023569.0 26937.0 19.0
1025507.0 26988.0 19.0
1026115.0 27004.0 19.0
1029041.0 27081.0 19.0
1030561.0 27121.0 19.0
1033677.0 27203.0 19.0
1033715.0 27204.0 19.0
1033905.0 27209.0 19.0
1034703.0 27230.0 19.0
1038313.0 27325.0 19.0
1039415.0 27354.0 19.0
1040403.0 27380.0 19.0
1040783.0 27390.0 19.0
1043177.0 27453.0 19.0
1043633.0 27465.0 19.0
1045305.0 27509.0 19.0
1045989.0 27527.0 19.0
1046255.0 27534.0 19.0
1047585.0 27569.0 19.0
1048307.0 27588.0 19.0
1049599.0 27622.0 19.0
1050321.0 27641.0 19.0
1051233.0 27665.0 19.0
1052449.0 27697.0 19.0
1052905.0 27709.0 19.0
1055869.0 27787.0 19.0
1056249.0 27797.0 19.0
1056477.0 27803.0 19.0
1056515.0 27804.0 19.0
1058035.0 27844.0 19.0
1058529.0 27857.0 19.0
1058795.0 27864.0 19.0
1058909.0 27867.0 19.0
1059327.0 27878.0 19.0
1059555.0 27884.0 19.0
1059783.0 27890.0 19.0
1060125.0 27899.0 19.0
1060201.0 27901.0 19.0
1061265.0 27929.0 19.0
1061607.0 27938.0 19.0
1065749.0 28047.0 19.0
1066623.0 28070.0 19.0
1068865.0 28129.0 19.0
1070157.0 28163.0 19.0
1071791.0 28206.0 19.0
1072969.0 28237.0 19.0
1076997.0 28343.0 19.0
1078289.0 28377.0 19.0
1080379.0 28432.0 19.0
1080417.0 28433.0 19.0
1084559.0 28542.0 19.0
1087295.0 28614.0 19.0
1088891.0 28656.0 19.0
1089309.0 28667.0 19.0
1090981.0 28711.0 19.0
1091171.0 28716.0 19.0
1092159.0 28742.0 19.0
1096339.0 28852.0 19.0
1098999.0 28922.0 19.0
1101811.0 28996.0 19.0
1103749.0 29047.0 19.0
1104205.0 29059.0 19.0
1106409.0 29117.0 19.0
1106636.0 29123.0 19.0
1108537.0 29173.0 19.0
1109601.0 29201.0 19.0
1110703.0 29230.0 19.0
1111121.0 29241.0 19.0
1111387.0 29248.0 19.0
1111653.0 29255.0 19.0
1111843.0 29260.0 19.0
1112071.0 29266.0 19.0
1112185.0 29269.0 19.0
1119633.0 29465.0 19.0
1120659.0 29492.0 19.0
1131185.0 29769.0 19.0
1131223.0 29770.0 19.0
1131943.0 29789.0 19.0
1135137.0 29873.0 19.0
1137037.0 29923.0 19.0
1137987.0 29948.0 19.0
1142661.0 30071.0 19.0
1143839.0 30102.0 19.0
1146157.0 30163.0 19.0
1147981.0 30211.0 19.0
1154821.0 30391.0 19.0
1160445.0 30539.0 19.0
