rev2
18165.0 479.0 19.0
18583.0 490.0 19.0
18773.0 495.0 19.0
18849.0 497.0 19.0
18887.0 498.0 19.0
19381.0 511.0 19.0
19381.0 511.0 19.0
19419.0 512.0 19.0
19685.0 519.0 19.0
19837.0 523.0 19.0
20027.0 528.0 19.0
20065.0 529.0 19.0
20103.0 530.0 19.0
20483.0 540.0 19.0
20521.0 541.0 19.0
20597.0 543.0 19.0
20635.0 544.0 19.0
20711.0 546.0 19.0
20711.0 546.0 19.0
20711.0 546.0 19.0
20787.0 548.0 19.0
20825.0 549.0 19.0
20825.0 549.0 19.0
20825.0 549.0 19.0
20825.0 549.0 19.0
20863.0 550.0 19.0
20863.0 550.0 19.0
20939.0 552.0 19.0
20939.0 552.0 19.0
20977.0 553.0 19.0
21015.0 554.0 19.0
21091.0 556.0 19.0
21091.0 556.0 19.0
21129.0 557.0 19.0
21129.0 557.0 19.0
21167.0 558.0 19.0
21167.0 558.0 19.0
21281.0 561.0 19.0
21281.0 561.0 19.0
21281.0 561.0 19.0
21319.0 562.0 19.0
21319.0 562.0 19.0
21357.0 563.0 19.0
21471.0 566.0 19.0
21547.0 568.0 19.0
21585.0 569.0 19.0
21585.0 569.0 19.0
21585.0 569.0 19.0
21585.0 569.0 19.0
21585.0 569.0 19.0
21661.0 571.0 19.0
21661.0 571.0 19.0
21661.0 571.0 19.0
21699.0 572.0 19.0
21699.0 572.0 19.0
21775.0 574.0 19.0
21775.0 574.0 19.0
21813.0 575.0 19.0
21851.0 576.0 19.0
21851.0 576.0 19.0
21965.0 579.0 19.0
22003.0 580.0 19.0
22003.0 580.0 19.0
22041.0 581.0 19.0
22079.0 582.0 19.0
22193.0 585.0 19.0
22193.0 585.0 19.0
22269.0 587.0 19.0
22269.0 587.0 19.0
22269.0 587.0 19.0
22307.0 588.0 19.0
22307.0 588.0 19.0
22383.0 590.0 19.0
22421.0 591.0 19.0
22611.0 596.0 19.0
22649.0 597.0 19.0
22649.0 597.0 19.0
22763.0 600.0 19.0
22839.0 602.0 19.0
22877.0 603.0 19.0
22915.0 604.0 19.0
22991.0 606.0 19.0
23105.0 609.0 19.0
23257.0 613.0 19.0
23257.0 613.0 19.0
23295.0 614.0 19.0
23523.0 620.0 19.0
23561.0 621.0 19.0
23561.0 621.0 19.0
23599.0 622.0 19.0
23751.0 626.0 19.0
23751.0 626.0 19.0
23865.0 629.0 19.0
23903.0 630.0 19.0
24549.0 647.0 19.0
24625.0 649.0 19.0
24739.0 652.0 19.0
24777.0 653.0 19.0
26791.0 706.0 19.0
28881.0 761.0 19.0
