rev2
158461.0 4171.0 19.0
162261.0 4271.0 19.0
162945.0 4289.0 19.0
163895.0 4314.0 19.0
163895.0 4314.0 19.0
164161.0 4321.0 19.0
164275.0 4324.0 19.0
164351.0 4326.0 19.0
164465.0 4329.0 19.0
164655.0 4334.0 19.0
164959.0 4342.0 19.0
164997.0 4343.0 19.0
165111.0 4346.0 19.0
165339.0 4352.0 19.0
165377.0 4353.0 19.0
165833.0 4365.0 19.0
166023.0 4370.0 19.0
166213.0 4375.0 19.0
166251.0 4376.0 19.0
166479.0 4382.0 19.0
167239.0 4402.0 19.0
167543.0 4410.0 19.0
167847.0 4418.0 19.0
168569.0 4437.0 19.0
168797.0 4443.0 19.0
168911.0 4446.0 19.0
169101.0 4451.0 19.0
169177.0 4453.0 19.0
169367.0 4458.0 19.0
169443.0 4460.0 19.0
169481.0 4461.0 19.0
169519.0 4462.0 19.0
169557.0 4463.0 19.0
170013.0 4475.0 19.0
170355.0 4484.0 19.0
171039.0 4502.0 19.0
171077.0 4503.0 19.0
171229.0 4507.0 19.0
172407.0 4538.0 19.0
173205.0 4559.0 19.0
173281.0 4561.0 19.0
173509.0 4567.0 19.0
174003.0 4580.0 19.0
174231.0 4586.0 19.0
174307.0 4588.0 19.0
174345.0 4589.0 19.0
174383.0 4590.0 19.0
174611.0 4596.0 19.0
174687.0 4598.0 19.0
175485.0 4619.0 19.0
175485.0 4619.0 19.0
175523.0 4620.0 19.0
175713.0 4625.0 19.0
176055.0 4634.0 19.0
176207.0 4638.0 19.0
176815.0 4654.0 19.0
177005.0 4659.0 19.0
177385.0 4669.0 19.0
177499.0 4672.0 19.0
177841.0 4681.0 19.0
178107.0 4688.0 19.0
178373.0 4695.0 19.0
178411.0 4696.0 19.0
178411.0 4696.0 19.0
178677.0 4703.0 19.0
179095.0 4714.0 19.0
179703.0 4730.0 19.0
179741.0 4731.0 19.0
179931.0 4736.0 19.0
180083.0 4740.0 19.0
180121.0 4741.0 19.0
180273.0 4745.0 19.0
180615.0 4754.0 19.0
181907.0 4788.0 19.0
182515.0 4804.0 19.0
182591.0 4806.0 19.0
184491.0 4856.0 19.0
184491.0 4856.0 19.0
184795.0 4864.0 19.0
185555.0 4884.0 19.0
186087.0 4898.0 19.0
186467.0 4908.0 19.0
186771.0 4916.0 19.0
187189.0 4927.0 19.0
187683.0 4940.0 19.0
188443.0 4960.0 19.0
188937.0 4973.0 19.0
190761.0 5021.0 19.0
192585.0 5069.0 19.0
194333.0 5115.0 19.0
194409.0 5117.0 19.0
195093.0 5135.0 19.0
195321.0 5141.0 19.0
197107.0 5188.0 19.0
198285.0 5219.0 19.0
198475.0 5224.0 19.0
200185.0 5269.0 19.0
200641.0 5281.0 19.0
200641.0 5281.0 19.0
201705.0 5309.0 19.0
