rev2
4266401.0 426641.0 5.0
4335991.0 433600.0 5.0
4458871.0 445888.0 5.0
4516531.0 451654.0 5.0
4523491.0 452350.0 5.0
4543091.0 454310.0 5.0
4547981.0 454799.0 5.0
4557911.0 455792.0 5.0
4603001.0 460301.0 5.0
4615081.0 461509.0 5.0
4645291.0 464530.0 5.0
4646341.0 464635.0 5.0
4666741.0 466675.0 5.0
4676061.0 467607.0 5.0
4682651.0 468266.0 5.0
4704411.0 470442.0 5.0
4707271.0 470728.0 5.0
4711891.0 471190.0 5.0
4724341.0 472435.0 5.0
4740291.0 474030.0 5.0
4761421.0 476143.0 5.0
4771531.0 477154.0 5.0
4777821.0 477783.0 5.0
4797461.0 479747.0 5.0
4816861.0 481687.0 5.0
4835031.0 483504.0 5.0
4836071.0 483608.0 5.0
4837931.0 483794.0 5.0
4851691.0 485170.0 5.0
4855071.0 485508.0 5.0
4862101.0 486211.0 5.0
4862421.0 486243.0 5.0
4875641.0 487565.0 5.0
4877601.0 487761.0 5.0
4891171.0 489118.0 5.0
4897201.0 489721.0 5.0
4901741.0 490175.0 5.0
4925631.0 492564.0 5.0
4938721.0 493873.0 5.0
4940901.0 494091.0 5.0
4955631.0 495564.0 5.0
4975501.0 497551.0 5.0
4980161.0 498017.0 5.0
4983021.0 498303.0 5.0
4985141.0 498515.0 5.0
4996861.0 499687.0 5.0
4996981.0 499699.0 5.0
4997451.0 499746.0 5.0
5001561.0 500157.0 5.0
5003391.0 500340.0 5.0
5003411.0 500342.0 5.0
5024621.0 502463.0 5.0
5025701.0 502571.0 5.0
5046871.0 504688.0 5.0
5048421.0 504843.0 5.0
5113101.0 511311.0 5.0
5118771.0 511878.0 5.0
5125971.0 512598.0 5.0
5128031.0 512804.0 5.0
5135421.0 513543.0 5.0
5135471.0 513548.0 5.0
5157861.0 515787.0 5.0
5160891.0 516090.0 5.0
5163141.0 516315.0 5.0
5163791.0 516380.0 5.0
5215111.0 521512.0 5.0
5227261.0 522727.0 5.0
5239931.0 523994.0 5.0
5248241.0 524825.0 5.0
5254181.0 525419.0 5.0
5266581.0 526659.0 5.0
5278781.0 527879.0 5.0
5281801.0 528181.0 5.0
5286521.0 528653.0 5.0
5291591.0 529160.0 5.0
5299251.0 529926.0 5.0
5305711.0 530572.0 5.0
5320841.0 532085.0 5.0
5332341.0 533235.0 5.0
5381761.0 538177.0 5.0
5388071.0 538808.0 5.0
5403451.0 540346.0 5.0
5404401.0 540441.0 5.0
5404631.0 540464.0 5.0
5423941.0 542395.0 5.0
5479211.0 547922.0 5.0
5525591.0 552560.0 5.0
5559731.0 555974.0 5.0
5580611.0 558062.0 5.0
5582921.0 558293.0 5.0
5638281.0 563829.0 5.0
5662221.0 566223.0 5.0
5704681.0 570469.0 5.0
5798031.0 579804.0 5.0
5814981.0 581499.0 5.0
5849631.0 584964.0 5.0
5906391.0 590640.0 5.0
5920021.0 592003.0 5.0
6074261.0 607427.0 5.0
6108301.0 610831.0 5.0
