rev2
3.9700821E7 3970083.0 5.0
4.0119401E7 4011941.0 5.0
4.0885551E7 4088556.0 5.0
4.1628141E7 4162815.0 5.0
4.1870341E7 4187035.0 5.0
4.1970351E7 4197036.0 5.0
4.1975151E7 4197516.0 5.0
4.2073391E7 4207340.0 5.0
4.2129321E7 4212933.0 5.0
4.2382441E7 4238245.0 5.0
4.2567561E7 4256757.0 5.0
4.2609321E7 4260933.0 5.0
4.2706061E7 4270607.0 5.0
4.2820731E7 4282074.0 5.0
4.2936671E7 4293668.0 5.0
4.2997061E7 4299707.0 5.0
4.3215201E7 4321521.0 5.0
4.3292351E7 4329236.0 5.0
4.3468981E7 4346899.0 5.0
4.3501701E7 4350171.0 5.0
4.3504971E7 4350498.0 5.0
4.3507571E7 4350758.0 5.0
4.3535321E7 4353533.0 5.0
4.3658251E7 4365826.0 5.0
4.3666171E7 4366618.0 5.0
4.3721031E7 4372104.0 5.0
4.3809771E7 4380978.0 5.0
4.4216251E7 4421626.0 5.0
4.4266021E7 4426603.0 5.0
4.4425001E7 4442501.0 5.0
4.4459581E7 4445959.0 5.0
4.4512791E7 4451280.0 5.0
4.4514081E7 4451409.0 5.0
4.4536151E7 4453616.0 5.0
4.4707921E7 4470793.0 5.0
4.4744681E7 4474469.0 5.0
4.4825351E7 4482536.0 5.0
4.5061001E7 4506101.0 5.0
4.5095251E7 4509526.0 5.0
4.5096141E7 4509615.0 5.0
4.5384791E7 4538480.0 5.0
4.5510501E7 4551051.0 5.0
4.5546971E7 4554698.0 5.0
4.5660771E7 4566078.0 5.0
4.5662371E7 4566238.0 5.0
4.5776371E7 4577638.0 5.0
4.5798241E7 4579825.0 5.0
4.5844201E7 4584421.0 5.0
4.5983281E7 4598329.0 5.0
4.6037791E7 4603780.0 5.0
4.6127221E7 4612723.0 5.0
4.6277821E7 4627783.0 5.0
4.6302301E7 4630231.0 5.0
4.6400021E7 4640003.0 5.0
4.6590191E7 4659020.0 5.0
4.6629411E7 4662942.0 5.0
4.6661691E7 4666170.0 5.0
4.6696221E7 4669623.0 5.0
4.6727031E7 4672704.0 5.0
4.6733971E7 4673398.0 5.0
4.6746911E7 4674692.0 5.0
4.6967621E7 4696763.0 5.0
4.7158951E7 4715896.0 5.0
4.7190241E7 4719025.0 5.0
4.7233101E7 4723311.0 5.0
4.7353281E7 4735329.0 5.0
4.7358981E7 4735899.0 5.0
4.7362911E7 4736292.0 5.0
4.7439481E7 4743949.0 5.0
4.7462161E7 4746217.0 5.0
4.7510931E7 4751094.0 5.0
4.7578581E7 4757859.0 5.0
4.7844351E7 4784436.0 5.0
4.7878921E7 4787893.0 5.0
4.8130201E7 4813021.0 5.0
4.8145951E7 4814596.0 5.0
4.8287621E7 4828763.0 5.0
4.8517141E7 4851715.0 5.0
4.8535671E7 4853568.0 5.0
4.8553381E7 4855339.0 5.0
4.8687051E7 4868706.0 5.0
4.8715451E7 4871546.0 5.0
4.8802161E7 4880217.0 5.0
4.9347791E7 4934780.0 5.0
4.9369391E7 4936940.0 5.0
4.9429121E7 4942913.0 5.0
4.9772041E7 4977205.0 5.0
4.9876871E7 4987688.0 5.0
5.0154261E7 5015427.0 5.0
5.0212671E7 5021268.0 5.0
5.0585001E7 5058501.0 5.0
5.0787531E7 5078754.0 5.0
5.0825981E7 5082599.0 5.0
5.1715061E7 5171507.0 5.0
5.1786511E7 5178652.0 5.0
5.2295811E7 5229582.0 5.0
5.2580071E7 5258008.0 5.0
5.6288331E7 5628834.0 5.0
5.9278361E7 5927837.0 5.0
6.1561851E7 6156186.0 5.0
