rev4
154044.0 15760.0 5.0
159295.0 16302.0 5.0
159956.0 16386.0 5.0
160543.0 16437.0 5.0
161303.0 16524.0 5.0
161799.0 16568.0 5.0
161809.0 16565.0 5.0
162125.0 16606.0 5.0
164225.0 16801.0 5.0
164290.0 16822.0 5.0
164765.0 16856.0 5.0
164885.0 16882.0 5.0
164904.0 16885.0 5.0
165186.0 16922.0 5.0
165286.0 16919.0 5.0
165304.0 16925.0 5.0
165476.0 16953.0 5.0
165522.0 16953.0 5.0
165683.0 16984.0 5.0
165695.0 16969.0 5.0
165842.0 16968.0 5.0
166017.0 17020.0 5.0
166268.0 17028.0 5.0
166532.0 17063.0 5.0
167290.0 17126.0 5.0
167995.0 17201.0 5.0
168776.0 17280.0 5.0
169458.0 17335.0 5.0
169723.0 17399.0 5.0
169877.0 17390.0 5.0
170915.0 17503.0 5.0
171579.0 17580.0 5.0
171673.0 17559.0 5.0
172262.0 17627.0 5.0
173022.0 17732.0 5.0
174596.0 17887.0 5.0
174907.0 17910.0 5.0
175001.0 17925.0 5.0
175012.0 17920.0 5.0
176039.0 18024.0 5.0
176099.0 18047.0 5.0
176170.0 18045.0 5.0
176355.0 18062.0 5.0
177169.0 18111.0 5.0
177323.0 18156.0 5.0
177528.0 18148.0 5.0
177569.0 18194.0 5.0
177783.0 18203.0 5.0
178693.0 18295.0 5.0
179164.0 18360.0 5.0
179385.0 18379.0 5.0
179707.0 18391.0 5.0
180815.0 18519.0 5.0
182414.0 18666.0 5.0
182663.0 18716.0 5.0
183229.0 18769.0 5.0
183257.0 18759.0 5.0
184330.0 18870.0 5.0
184707.0 18917.0 5.0
186654.0 19150.0 5.0
186902.0 19149.0 5.0
188142.0 19262.0 5.0
188681.0 19317.0 5.0
188696.0 19334.0 5.0
189227.0 19374.0 5.0
189778.0 19417.0 5.0
189907.0 19456.0 5.0
190264.0 19482.0 5.0
190661.0 19522.0 5.0
190682.0 19506.0 5.0
190820.0 19540.0 5.0
192021.0 19650.0 5.0
194259.0 19890.0 5.0
194639.0 19900.0 5.0
195539.0 20015.0 5.0
196084.0 20068.0 5.0
196084.0 20044.0 5.0
196899.0 20159.0 5.0
197022.0 20183.0 5.0
197136.0 20173.0 5.0
197962.0 20274.0 5.0
198298.0 20313.0 5.0
198718.0 20332.0 5.0
198938.0 20376.0 5.0
200564.0 20557.0 5.0
206999.0 21231.0 5.0
208440.0 21322.0 5.0
209727.0 21494.0 5.0
213014.0 21837.0 5.0
213210.0 21822.0 5.0
215523.0 22059.0 5.0
217270.0 22249.0 5.0
217481.0 22256.0 5.0
220250.0 22573.0 5.0
223008.0 22828.0 5.0
224417.0 22951.0 5.0
225049.0 23044.0 5.0
225557.0 23084.0 5.0
234869.0 24074.0 5.0
244395.0 25018.0 5.0
