rev2
3.67449371E8 3.6744938E7 5.0
3.70688531E8 3.7068854E7 5.0
3.74536951E8 3.7453696E7 5.0
3.76504601E8 3.7650461E7 5.0
3.79391121E8 3.7939113E7 5.0
3.79454161E8 3.7945417E7 5.0
3.81066921E8 3.8106693E7 5.0
3.82316371E8 3.8231638E7 5.0
3.83141821E8 3.8314183E7 5.0
3.84438741E8 3.8443875E7 5.0
3.84574761E8 3.8457477E7 5.0
3.84749861E8 3.8474987E7 5.0
3.85508421E8 3.8550843E7 5.0
3.85988431E8 3.8598844E7 5.0
3.87933271E8 3.8793328E7 5.0
3.89472061E8 3.8947207E7 5.0
3.89570621E8 3.8957063E7 5.0
3.90880631E8 3.9088064E7 5.0
3.91310691E8 3.913107E7 5.0
3.91935621E8 3.9193563E7 5.0
3.92194751E8 3.9219476E7 5.0
3.93707211E8 3.9370722E7 5.0
3.94308511E8 3.9430852E7 5.0
3.95243811E8 3.9524382E7 5.0
3.95548921E8 3.9554893E7 5.0
3.97502881E8 3.9750289E7 5.0
3.98265911E8 3.9826592E7 5.0
3.99350971E8 3.9935098E7 5.0
3.99919621E8 3.9991963E7 5.0
4.01544481E8 4.0154449E7 5.0
4.02414601E8 4.0241461E7 5.0
4.02436281E8 4.0243629E7 5.0
4.02531991E8 4.02532E7 5.0
4.02532941E8 4.0253295E7 5.0
4.02837071E8 4.0283708E7 5.0
4.03820531E8 4.0382054E7 5.0
4.05082601E8 4.0508261E7 5.0
4.05252561E8 4.0525257E7 5.0
4.05321941E8 4.0532195E7 5.0
4.05457181E8 4.0545719E7 5.0
4.05790221E8 4.0579023E7 5.0
4.06551241E8 4.0655125E7 5.0
4.08418011E8 4.0841802E7 5.0
4.08921951E8 4.0892196E7 5.0
4.09360981E8 4.0936099E7 5.0
4.10205541E8 4.1020555E7 5.0
4.10208841E8 4.1020885E7 5.0
4.10549071E8 4.1054908E7 5.0
4.10566661E8 4.1056667E7 5.0
4.11472061E8 4.1147207E7 5.0
4.11981041E8 4.1198105E7 5.0
4.12276721E8 4.1227673E7 5.0
4.12348241E8 4.1234825E7 5.0
4.12417571E8 4.1241758E7 5.0
4.12506011E8 4.1250602E7 5.0
4.12654231E8 4.1265424E7 5.0
4.12711881E8 4.1271189E7 5.0
4.15055291E8 4.150553E7 5.0
4.16971531E8 4.1697154E7 5.0
4.17798171E8 4.1779818E7 5.0
4.18246881E8 4.1824689E7 5.0
4.18529051E8 4.1852906E7 5.0
4.18772361E8 4.1877237E7 5.0
4.19117621E8 4.1911763E7 5.0
4.19236101E8 4.1923611E7 5.0
4.19847921E8 4.1984793E7 5.0
4.20887751E8 4.2088776E7 5.0
4.21225151E8 4.2122516E7 5.0
4.22532881E8 4.2253289E7 5.0
4.22608981E8 4.2260899E7 5.0
4.22672331E8 4.2267234E7 5.0
4.22790411E8 4.2279042E7 5.0
4.23156361E8 4.2315637E7 5.0
4.23923121E8 4.2392313E7 5.0
4.24186371E8 4.2418638E7 5.0
4.26371881E8 4.2637189E7 5.0
4.26649891E8 4.266499E7 5.0
4.26697741E8 4.2669775E7 5.0
4.26834871E8 4.2683488E7 5.0
4.31456691E8 4.314567E7 5.0
4.33782451E8 4.3378246E7 5.0
4.35680531E8 4.3568054E7 5.0
4.40560731E8 4.4056074E7 5.0
4.45890381E8 4.4589039E7 5.0
4.48788131E8 4.4878814E7 5.0
4.49892081E8 4.4989209E7 5.0
4.54937671E8 4.5493768E7 5.0
4.57346421E8 4.5734643E7 5.0
4.62256221E8 4.6225623E7 5.0
4.64307771E8 4.6430778E7 5.0
4.66658191E8 4.666582E7 5.0
4.68303321E8 4.6830333E7 5.0
4.68682651E8 4.6868266E7 5.0
4.71736661E8 4.7173667E7 5.0
4.76445941E8 4.7644595E7 5.0
4.77991401E8 4.7799141E7 5.0
4.85626841E8 4.8562685E7 5.0
4.85871041E8 4.8587105E7 5.0
4.97299201E8 4.9729921E7 5.0
4.98249991E8 4.9825E7 5.0
