rev2
771.0 78.0 5.0
781.0 79.0 5.0
791.0 80.0 5.0
801.0 81.0 5.0
821.0 83.0 5.0
831.0 84.0 5.0
841.0 85.0 5.0
841.0 85.0 5.0
911.0 92.0 5.0
911.0 92.0 5.0
921.0 93.0 5.0
921.0 93.0 5.0
941.0 95.0 5.0
941.0 95.0 5.0
941.0 95.0 5.0
951.0 96.0 5.0
971.0 98.0 5.0
971.0 98.0 5.0
991.0 100.0 5.0
991.0 100.0 5.0
991.0 100.0 5.0
1001.0 101.0 5.0
1001.0 101.0 5.0
1011.0 102.0 5.0
1021.0 103.0 5.0
1021.0 103.0 5.0
1031.0 104.0 5.0
1051.0 106.0 5.0
1051.0 106.0 5.0
1051.0 106.0 5.0
1051.0 106.0 5.0
1061.0 107.0 5.0
1071.0 108.0 5.0
1081.0 109.0 5.0
1081.0 109.0 5.0
1081.0 109.0 5.0
1081.0 109.0 5.0
1091.0 110.0 5.0
1091.0 110.0 5.0
1101.0 111.0 5.0
1101.0 111.0 5.0
1111.0 112.0 5.0
1111.0 112.0 5.0
1121.0 113.0 5.0
1131.0 114.0 5.0
1131.0 114.0 5.0
1141.0 115.0 5.0
1141.0 115.0 5.0
1161.0 117.0 5.0
1161.0 117.0 5.0
1161.0 117.0 5.0
1171.0 118.0 5.0
1171.0 118.0 5.0
1171.0 118.0 5.0
1181.0 119.0 5.0
1181.0 119.0 5.0
1191.0 120.0 5.0
1191.0 120.0 5.0
1191.0 120.0 5.0
1191.0 120.0 5.0
1201.0 121.0 5.0
1211.0 122.0 5.0
1211.0 122.0 5.0
1221.0 123.0 5.0
1241.0 125.0 5.0
1251.0 126.0 5.0
1261.0 127.0 5.0
1261.0 127.0 5.0
1271.0 128.0 5.0
1291.0 130.0 5.0
1291.0 130.0 5.0
1291.0 130.0 5.0
1291.0 130.0 5.0
1301.0 131.0 5.0
1311.0 132.0 5.0
1321.0 133.0 5.0
1351.0 136.0 5.0
1371.0 138.0 5.0
1391.0 140.0 5.0
1411.0 142.0 5.0
1421.0 143.0 5.0
1421.0 143.0 5.0
1431.0 144.0 5.0
1431.0 144.0 5.0
1441.0 145.0 5.0
1461.0 147.0 5.0
1471.0 148.0 5.0
1481.0 149.0 5.0
1511.0 152.0 5.0
1601.0 161.0 5.0
1611.0 162.0 5.0
1651.0 166.0 5.0
1671.0 168.0 5.0
1701.0 171.0 5.0
1711.0 172.0 5.0
1791.0 180.0 5.0
1791.0 180.0 5.0
2001.0 201.0 5.0
2101.0 211.0 5.0
2111.0 212.0 5.0
