rev2
1.77472271E8 1.7747228E7 5.0
1.77827701E8 1.7782771E7 5.0
1.79572291E8 1.795723E7 5.0
1.79714051E8 1.7971406E7 5.0
1.80780381E8 1.8078039E7 5.0
1.81202381E8 1.8120239E7 5.0
1.81524921E8 1.8152493E7 5.0
1.81872401E8 1.8187241E7 5.0
1.82358491E8 1.823585E7 5.0
1.82673251E8 1.8267326E7 5.0
1.82903011E8 1.8290302E7 5.0
1.83099841E8 1.8309985E7 5.0
1.83744771E8 1.8374478E7 5.0
1.83959281E8 1.8395929E7 5.0
1.84938291E8 1.849383E7 5.0
1.85246081E8 1.8524609E7 5.0
1.85771121E8 1.8577113E7 5.0
1.86011241E8 1.8601125E7 5.0
1.86070371E8 1.8607038E7 5.0
1.86811491E8 1.868115E7 5.0
1.86937191E8 1.869372E7 5.0
1.87020051E8 1.8702006E7 5.0
1.87046721E8 1.8704673E7 5.0
1.87845541E8 1.8784555E7 5.0
1.88336251E8 1.8833626E7 5.0
1.88795821E8 1.8879583E7 5.0
1.89264601E8 1.8926461E7 5.0
1.89574501E8 1.8957451E7 5.0
1.90253551E8 1.9025356E7 5.0
1.90293331E8 1.9029334E7 5.0
1.91432991E8 1.91433E7 5.0
1.91807361E8 1.9180737E7 5.0
1.91873801E8 1.9187381E7 5.0
1.91901371E8 1.9190138E7 5.0
1.91943821E8 1.9194383E7 5.0
1.92167451E8 1.9216746E7 5.0
1.92311771E8 1.9231178E7 5.0
1.92527771E8 1.9252778E7 5.0
1.93010691E8 1.930107E7 5.0
1.93222251E8 1.9322226E7 5.0
1.93287471E8 1.9328748E7 5.0
1.93378741E8 1.9337875E7 5.0
1.93472201E8 1.9347221E7 5.0
1.93921641E8 1.9392165E7 5.0
1.94167281E8 1.9416729E7 5.0
1.94195131E8 1.9419514E7 5.0
1.94208161E8 1.9420817E7 5.0
1.94311931E8 1.9431194E7 5.0
1.94314731E8 1.9431474E7 5.0
1.94420431E8 1.9442044E7 5.0
1.94421011E8 1.9442102E7 5.0
1.94987171E8 1.9498718E7 5.0
1.95034041E8 1.9503405E7 5.0
1.95266841E8 1.9526685E7 5.0
1.95359111E8 1.9535912E7 5.0
1.97062391E8 1.970624E7 5.0
1.97092851E8 1.9709286E7 5.0
1.98779591E8 1.987796E7 5.0
1.99708431E8 1.9970844E7 5.0
2.00079921E8 2.0007993E7 5.0
2.01154901E8 2.0115491E7 5.0
2.01333591E8 2.013336E7 5.0
2.01515061E8 2.0151507E7 5.0
2.01953641E8 2.0195365E7 5.0
2.02123151E8 2.0212316E7 5.0
2.02605731E8 2.0260574E7 5.0
2.02864441E8 2.0286445E7 5.0
2.03184561E8 2.0318457E7 5.0
2.03750451E8 2.0375046E7 5.0
2.03775531E8 2.0377554E7 5.0
2.03884651E8 2.0388466E7 5.0
2.04089241E8 2.0408925E7 5.0
2.04691541E8 2.0469155E7 5.0
2.05255351E8 2.0525536E7 5.0
2.05473871E8 2.0547388E7 5.0
2.06176281E8 2.0617629E7 5.0
2.06191511E8 2.0619152E7 5.0
2.07212411E8 2.0721242E7 5.0
2.07888751E8 2.0788876E7 5.0
2.08486751E8 2.0848676E7 5.0
2.08820691E8 2.088207E7 5.0
2.10191921E8 2.1019193E7 5.0
2.10217281E8 2.1021729E7 5.0
2.10598391E8 2.105984E7 5.0
2.10732361E8 2.1073237E7 5.0
2.11087511E8 2.1108752E7 5.0
2.12393571E8 2.1239358E7 5.0
2.12827671E8 2.1282768E7 5.0
2.13853591E8 2.138536E7 5.0
2.13936031E8 2.1393604E7 5.0
2.14282831E8 2.1428284E7 5.0
2.15766811E8 2.1576682E7 5.0
2.16650291E8 2.166503E7 5.0
2.19986161E8 2.1998617E7 5.0
2.20685411E8 2.2068542E7 5.0
2.20740331E8 2.2074034E7 5.0
2.23954561E8 2.2395457E7 5.0
2.26624731E8 2.2662474E7 5.0
2.26927521E8 2.2692753E7 5.0
2.32373721E8 2.3237373E7 5.0
