rev2
8890031.0 889004.0 5.0
9078641.0 907865.0 5.0
9265891.0 926590.0 5.0
9270551.0 927056.0 5.0
9336451.0 933646.0 5.0
9353011.0 935302.0 5.0
9432501.0 943251.0 5.0
9491911.0 949192.0 5.0
9548651.0 954866.0 5.0
9572521.0 957253.0 5.0
9598021.0 959803.0 5.0
9660521.0 966053.0 5.0
9664921.0 966493.0 5.0
9764201.0 976421.0 5.0
9770951.0 977096.0 5.0
9772041.0 977205.0 5.0
9852881.0 985289.0 5.0
9884951.0 988496.0 5.0
9887501.0 988751.0 5.0
9900051.0 990006.0 5.0
9910361.0 991037.0 5.0
9912741.0 991275.0 5.0
9936251.0 993626.0 5.0
9936741.0 993675.0 5.0
9968381.0 996839.0 5.0
9981371.0 998138.0 5.0
9996711.0 999672.0 5.0
1.0013671E7 1001368.0 5.0
1.0013781E7 1001379.0 5.0
1.0033771E7 1003378.0 5.0
1.0072731E7 1007274.0 5.0
1.0074231E7 1007424.0 5.0
1.0102371E7 1010238.0 5.0
1.0134621E7 1013463.0 5.0
1.0135971E7 1013598.0 5.0
1.0139471E7 1013948.0 5.0
1.0141331E7 1014134.0 5.0
1.0210551E7 1021056.0 5.0
1.0213331E7 1021334.0 5.0
1.0219131E7 1021914.0 5.0
1.0263141E7 1026315.0 5.0
1.0263401E7 1026341.0 5.0
1.0292291E7 1029230.0 5.0
1.0292541E7 1029255.0 5.0
1.0328261E7 1032827.0 5.0
1.0333271E7 1033328.0 5.0
1.0343781E7 1034379.0 5.0
1.0412611E7 1041262.0 5.0
1.0429031E7 1042904.0 5.0
1.0435141E7 1043515.0 5.0
1.0466521E7 1046653.0 5.0
1.0475611E7 1047562.0 5.0
1.0483051E7 1048306.0 5.0
1.0511051E7 1051106.0 5.0
1.0518081E7 1051809.0 5.0
1.0521221E7 1052123.0 5.0
1.0528251E7 1052826.0 5.0
1.0534631E7 1053464.0 5.0
1.0547251E7 1054726.0 5.0
1.0567411E7 1056742.0 5.0
1.0587321E7 1058733.0 5.0
1.0589441E7 1058945.0 5.0
1.0590911E7 1059092.0 5.0
1.0663611E7 1066362.0 5.0
1.0669101E7 1066911.0 5.0
1.0688921E7 1068893.0 5.0
1.0695621E7 1069563.0 5.0
1.0724981E7 1072499.0 5.0
1.0827951E7 1082796.0 5.0
1.0838151E7 1083816.0 5.0
1.0918711E7 1091872.0 5.0
1.1006141E7 1100615.0 5.0
1.1008631E7 1100864.0 5.0
1.1069681E7 1106969.0 5.0
1.1083801E7 1108381.0 5.0
1.1102151E7 1110216.0 5.0
1.1147741E7 1114775.0 5.0
1.1160071E7 1116008.0 5.0
1.1215501E7 1121551.0 5.0
1.1225641E7 1122565.0 5.0
1.1397321E7 1139733.0 5.0
1.1426711E7 1142672.0 5.0
1.1454191E7 1145420.0 5.0
1.1485371E7 1148538.0 5.0
1.1541471E7 1154148.0 5.0
1.1542491E7 1154250.0 5.0
1.1652431E7 1165244.0 5.0
1.1668811E7 1166882.0 5.0
1.1668881E7 1166889.0 5.0
1.1679431E7 1167944.0 5.0
1.1707501E7 1170751.0 5.0
1.1824381E7 1182439.0 5.0
1.1885181E7 1188519.0 5.0
1.1907101E7 1190711.0 5.0
1.1965671E7 1196568.0 5.0
1.2004541E7 1200455.0 5.0
1.2436871E7 1243688.0 5.0
1.2723381E7 1272339.0 5.0
1.3168281E7 1316829.0 5.0
1.5156611E7 1515662.0 5.0
