rev2
131.0 14.0 5.0
141.0 15.0 5.0
151.0 16.0 5.0
161.0 17.0 5.0
161.0 17.0 5.0
161.0 17.0 5.0
161.0 17.0 5.0
161.0 17.0 5.0
171.0 18.0 5.0
171.0 18.0 5.0
171.0 18.0 5.0
181.0 19.0 5.0
181.0 19.0 5.0
181.0 19.0 5.0
181.0 19.0 5.0
191.0 20.0 5.0
191.0 20.0 5.0
191.0 20.0 5.0
191.0 20.0 5.0
191.0 20.0 5.0
191.0 20.0 5.0
201.0 21.0 5.0
201.0 21.0 5.0
201.0 21.0 5.0
201.0 21.0 5.0
201.0 21.0 5.0
201.0 21.0 5.0
211.0 22.0 5.0
211.0 22.0 5.0
211.0 22.0 5.0
211.0 22.0 5.0
211.0 22.0 5.0
211.0 22.0 5.0
211.0 22.0 5.0
211.0 22.0 5.0
221.0 23.0 5.0
221.0 23.0 5.0
221.0 23.0 5.0
221.0 23.0 5.0
221.0 23.0 5.0
221.0 23.0 5.0
231.0 24.0 5.0
231.0 24.0 5.0
231.0 24.0 5.0
241.0 25.0 5.0
241.0 25.0 5.0
241.0 25.0 5.0
241.0 25.0 5.0
241.0 25.0 5.0
241.0 25.0 5.0
241.0 25.0 5.0
251.0 26.0 5.0
251.0 26.0 5.0
251.0 26.0 5.0
251.0 26.0 5.0
251.0 26.0 5.0
251.0 26.0 5.0
261.0 27.0 5.0
261.0 27.0 5.0
261.0 27.0 5.0
261.0 27.0 5.0
261.0 27.0 5.0
261.0 27.0 5.0
261.0 27.0 5.0
261.0 27.0 5.0
271.0 28.0 5.0
271.0 28.0 5.0
271.0 28.0 5.0
271.0 28.0 5.0
271.0 28.0 5.0
271.0 28.0 5.0
271.0 28.0 5.0
271.0 28.0 5.0
281.0 29.0 5.0
281.0 29.0 5.0
281.0 29.0 5.0
281.0 29.0 5.0
281.0 29.0 5.0
281.0 29.0 5.0
281.0 29.0 5.0
291.0 30.0 5.0
291.0 30.0 5.0
291.0 30.0 5.0
311.0 32.0 5.0
311.0 32.0 5.0
311.0 32.0 5.0
321.0 33.0 5.0
321.0 33.0 5.0
321.0 33.0 5.0
321.0 33.0 5.0
331.0 34.0 5.0
341.0 35.0 5.0
361.0 37.0 5.0
361.0 37.0 5.0
381.0 39.0 5.0
381.0 39.0 5.0
421.0 43.0 5.0
431.0 44.0 5.0
491.0 50.0 5.0
551.0 56.0 5.0
