rev2
45791.0 4580.0 5.0
47441.0 4745.0 5.0
48331.0 4834.0 5.0
49021.0 4903.0 5.0
49111.0 4912.0 5.0
49171.0 4918.0 5.0
49361.0 4937.0 5.0
49881.0 4989.0 5.0
50741.0 5075.0 5.0
50921.0 5093.0 5.0
51141.0 5115.0 5.0
51361.0 5137.0 5.0
51411.0 5142.0 5.0
51481.0 5149.0 5.0
51621.0 5163.0 5.0
52001.0 5201.0 5.0
52131.0 5214.0 5.0
52141.0 5215.0 5.0
52241.0 5225.0 5.0
52291.0 5230.0 5.0
52401.0 5241.0 5.0
52401.0 5241.0 5.0
52421.0 5243.0 5.0
52441.0 5245.0 5.0
52591.0 5260.0 5.0
52661.0 5267.0 5.0
52781.0 5279.0 5.0
53081.0 5309.0 5.0
53181.0 5319.0 5.0
53321.0 5333.0 5.0
53421.0 5343.0 5.0
53551.0 5356.0 5.0
53721.0 5373.0 5.0
53771.0 5378.0 5.0
54001.0 5401.0 5.0
54291.0 5430.0 5.0
54481.0 5449.0 5.0
54501.0 5451.0 5.0
54521.0 5453.0 5.0
54561.0 5457.0 5.0
54651.0 5466.0 5.0
54701.0 5471.0 5.0
54871.0 5488.0 5.0
54891.0 5490.0 5.0
55251.0 5526.0 5.0
55631.0 5564.0 5.0
56141.0 5615.0 5.0
56311.0 5632.0 5.0
56341.0 5635.0 5.0
56511.0 5652.0 5.0
56661.0 5667.0 5.0
56791.0 5680.0 5.0
56871.0 5688.0 5.0
57111.0 5712.0 5.0
57201.0 5721.0 5.0
57361.0 5737.0 5.0
57361.0 5737.0 5.0
57551.0 5756.0 5.0
57631.0 5764.0 5.0
57651.0 5766.0 5.0
58051.0 5806.0 5.0
58261.0 5827.0 5.0
58451.0 5846.0 5.0
58711.0 5872.0 5.0
58741.0 5875.0 5.0
58781.0 5879.0 5.0
59141.0 5915.0 5.0
59181.0 5919.0 5.0
59621.0 5963.0 5.0
59621.0 5963.0 5.0
59681.0 5969.0 5.0
59931.0 5994.0 5.0
59971.0 5998.0 5.0
60061.0 6007.0 5.0
60111.0 6012.0 5.0
60311.0 6032.0 5.0
60421.0 6043.0 5.0
60901.0 6091.0 5.0
61161.0 6117.0 5.0
61581.0 6159.0 5.0
61591.0 6160.0 5.0
61691.0 6170.0 5.0
61861.0 6187.0 5.0
61941.0 6195.0 5.0
62331.0 6234.0 5.0
62741.0 6275.0 5.0
64411.0 6442.0 5.0
64691.0 6470.0 5.0
65051.0 6506.0 5.0
65091.0 6510.0 5.0
65181.0 6519.0 5.0
66881.0 6689.0 5.0
67021.0 6703.0 5.0
67641.0 6765.0 5.0
69561.0 6957.0 5.0
69711.0 6972.0 5.0
71131.0 7114.0 5.0
73501.0 7351.0 5.0
78011.0 7802.0 5.0
82441.0 8245.0 5.0
