rev2
932721.0 93273.0 5.0
968751.0 96876.0 5.0
971141.0 97115.0 5.0
979711.0 97972.0 5.0
994591.0 99460.0 5.0
995501.0 99551.0 5.0
996021.0 99603.0 5.0
1002051.0 100206.0 5.0
1002851.0 100286.0 5.0
1004571.0 100458.0 5.0
1008981.0 100899.0 5.0
1014571.0 101458.0 5.0
1017731.0 101774.0 5.0
1019861.0 101987.0 5.0
1020401.0 102041.0 5.0
1021821.0 102183.0 5.0
1023691.0 102370.0 5.0
1031261.0 103127.0 5.0
1032041.0 103205.0 5.0
1034681.0 103469.0 5.0
1040971.0 104098.0 5.0
1042921.0 104293.0 5.0
1046341.0 104635.0 5.0
1048451.0 104846.0 5.0
1051701.0 105171.0 5.0
1053161.0 105317.0 5.0
1053451.0 105346.0 5.0
1062211.0 106222.0 5.0
1063131.0 106314.0 5.0
1072831.0 107284.0 5.0
1074561.0 107457.0 5.0
1075461.0 107547.0 5.0
1079981.0 107999.0 5.0
1083311.0 108332.0 5.0
1083881.0 108389.0 5.0
1084281.0 108429.0 5.0
1088731.0 108874.0 5.0
1089421.0 108943.0 5.0
1090201.0 109021.0 5.0
1090361.0 109037.0 5.0
1092431.0 109244.0 5.0
1092721.0 109273.0 5.0
1094031.0 109404.0 5.0
1096741.0 109675.0 5.0
1096831.0 109684.0 5.0
1098611.0 109862.0 5.0
1098711.0 109872.0 5.0
1101971.0 110198.0 5.0
1105321.0 110533.0 5.0
1108311.0 110832.0 5.0
1111621.0 111163.0 5.0
1124061.0 112407.0 5.0
1125261.0 112527.0 5.0
1131381.0 113139.0 5.0
1137121.0 113713.0 5.0
1141221.0 114123.0 5.0
1142421.0 114243.0 5.0
1144891.0 114490.0 5.0
1146411.0 114642.0 5.0
1150551.0 115056.0 5.0
1151761.0 115177.0 5.0
1154491.0 115450.0 5.0
1160921.0 116093.0 5.0
1161921.0 116193.0 5.0
1164291.0 116430.0 5.0
1165311.0 116532.0 5.0
1167971.0 116798.0 5.0
1177111.0 117712.0 5.0
1181231.0 118124.0 5.0
1182481.0 118249.0 5.0
1189301.0 118931.0 5.0
1191961.0 119197.0 5.0
1195311.0 119532.0 5.0
1196531.0 119654.0 5.0
1201661.0 120167.0 5.0
1204451.0 120446.0 5.0
1204641.0 120465.0 5.0
1208361.0 120837.0 5.0
1211251.0 121126.0 5.0
1213181.0 121319.0 5.0
1219451.0 121946.0 5.0
1231431.0 123144.0 5.0
1241541.0 124155.0 5.0
1242021.0 124203.0 5.0
1248491.0 124850.0 5.0
1254041.0 125405.0 5.0
1260171.0 126018.0 5.0
1261121.0 126113.0 5.0
1264141.0 126415.0 5.0
1272451.0 127246.0 5.0
1275051.0 127506.0 5.0
1286061.0 128607.0 5.0
1292851.0 129286.0 5.0
1295641.0 129565.0 5.0
1302881.0 130289.0 5.0
1306181.0 130619.0 5.0
1353221.0 135323.0 5.0
1363521.0 136353.0 5.0
1488971.0 148898.0 5.0
1509721.0 150973.0 5.0
