rev2
331.0 34.0 5.0
361.0 37.0 5.0
361.0 37.0 5.0
371.0 38.0 5.0
371.0 38.0 5.0
381.0 39.0 5.0
391.0 40.0 5.0
401.0 41.0 5.0
401.0 41.0 5.0
411.0 42.0 5.0
421.0 43.0 5.0
421.0 43.0 5.0
421.0 43.0 5.0
441.0 45.0 5.0
441.0 45.0 5.0
451.0 46.0 5.0
471.0 48.0 5.0
481.0 49.0 5.0
481.0 49.0 5.0
481.0 49.0 5.0
481.0 49.0 5.0
481.0 49.0 5.0
481.0 49.0 5.0
481.0 49.0 5.0
481.0 49.0 5.0
491.0 50.0 5.0
491.0 50.0 5.0
491.0 50.0 5.0
491.0 50.0 5.0
491.0 50.0 5.0
491.0 50.0 5.0
491.0 50.0 5.0
501.0 51.0 5.0
501.0 51.0 5.0
501.0 51.0 5.0
501.0 51.0 5.0
501.0 51.0 5.0
501.0 51.0 5.0
501.0 51.0 5.0
511.0 52.0 5.0
511.0 52.0 5.0
521.0 53.0 5.0
521.0 53.0 5.0
531.0 54.0 5.0
531.0 54.0 5.0
531.0 54.0 5.0
531.0 54.0 5.0
531.0 54.0 5.0
531.0 54.0 5.0
541.0 55.0 5.0
551.0 56.0 5.0
551.0 56.0 5.0
551.0 56.0 5.0
561.0 57.0 5.0
561.0 57.0 5.0
571.0 58.0 5.0
571.0 58.0 5.0
571.0 58.0 5.0
571.0 58.0 5.0
581.0 59.0 5.0
581.0 59.0 5.0
581.0 59.0 5.0
591.0 60.0 5.0
591.0 60.0 5.0
591.0 60.0 5.0
601.0 61.0 5.0
611.0 62.0 5.0
611.0 62.0 5.0
611.0 62.0 5.0
621.0 63.0 5.0
621.0 63.0 5.0
621.0 63.0 5.0
631.0 64.0 5.0
631.0 64.0 5.0
641.0 65.0 5.0
641.0 65.0 5.0
651.0 66.0 5.0
651.0 66.0 5.0
651.0 66.0 5.0
651.0 66.0 5.0
661.0 67.0 5.0
661.0 67.0 5.0
671.0 68.0 5.0
671.0 68.0 5.0
671.0 68.0 5.0
681.0 69.0 5.0
681.0 69.0 5.0
691.0 70.0 5.0
701.0 71.0 5.0
711.0 72.0 5.0
721.0 73.0 5.0
731.0 74.0 5.0
741.0 75.0 5.0
751.0 76.0 5.0
761.0 77.0 5.0
771.0 78.0 5.0
791.0 80.0 5.0
801.0 81.0 5.0
881.0 89.0 5.0
911.0 92.0 5.0
