rev2
4301.0 431.0 5.0
4311.0 432.0 5.0
4421.0 443.0 5.0
4431.0 444.0 5.0
4481.0 449.0 5.0
4481.0 449.0 5.0
4531.0 454.0 5.0
4581.0 459.0 5.0
4591.0 460.0 5.0
4701.0 471.0 5.0
4711.0 472.0 5.0
4731.0 474.0 5.0
4731.0 474.0 5.0
4791.0 480.0 5.0
4791.0 480.0 5.0
4811.0 482.0 5.0
4821.0 483.0 5.0
4831.0 484.0 5.0
4851.0 486.0 5.0
4861.0 487.0 5.0
4861.0 487.0 5.0
4871.0 488.0 5.0
4921.0 493.0 5.0
4921.0 493.0 5.0
4951.0 496.0 5.0
4981.0 499.0 5.0
5001.0 501.0 5.0
5041.0 505.0 5.0
5071.0 508.0 5.0
5111.0 512.0 5.0
5211.0 522.0 5.0
5221.0 523.0 5.0
5251.0 526.0 5.0
5261.0 527.0 5.0
5291.0 530.0 5.0
5301.0 531.0 5.0
5331.0 534.0 5.0
5331.0 534.0 5.0
5331.0 534.0 5.0
5371.0 538.0 5.0
5391.0 540.0 5.0
5421.0 543.0 5.0
5461.0 547.0 5.0
5471.0 548.0 5.0
5471.0 548.0 5.0
5501.0 551.0 5.0
5551.0 556.0 5.0
5591.0 560.0 5.0
5621.0 563.0 5.0
5621.0 563.0 5.0
5641.0 565.0 5.0
5681.0 569.0 5.0
5731.0 574.0 5.0
5741.0 575.0 5.0
5751.0 576.0 5.0
5781.0 579.0 5.0
5801.0 581.0 5.0
5861.0 587.0 5.0
5871.0 588.0 5.0
5881.0 589.0 5.0
5891.0 590.0 5.0
5941.0 595.0 5.0
5971.0 598.0 5.0
6011.0 602.0 5.0
6111.0 612.0 5.0
6121.0 613.0 5.0
6131.0 614.0 5.0
6161.0 617.0 5.0
6161.0 617.0 5.0
6161.0 617.0 5.0
6161.0 617.0 5.0
6181.0 619.0 5.0
6211.0 622.0 5.0
6211.0 622.0 5.0
6221.0 623.0 5.0
6251.0 626.0 5.0
6331.0 634.0 5.0
6331.0 634.0 5.0
6331.0 634.0 5.0
6361.0 637.0 5.0
6371.0 638.0 5.0
6391.0 640.0 5.0
6401.0 641.0 5.0
6441.0 645.0 5.0
6441.0 645.0 5.0
6471.0 648.0 5.0
6601.0 661.0 5.0
6631.0 664.0 5.0
6681.0 669.0 5.0
6681.0 669.0 5.0
6781.0 679.0 5.0
7001.0 701.0 5.0
7051.0 706.0 5.0
7101.0 711.0 5.0
7221.0 723.0 5.0
7241.0 725.0 5.0
7401.0 741.0 5.0
7441.0 745.0 5.0
8041.0 805.0 5.0
8651.0 866.0 5.0
