rev4
5.9534275E7 6094253.0 5.0
5.9829312E7 6124820.0 5.0
5.993706E7 6135471.0 5.0
5.9945134E7 6136476.0 5.0
6.0352118E7 6178286.0 5.0
6.0478132E7 6190809.0 5.0
6.0488251E7 6192134.0 5.0
6.0690063E7 6212921.0 5.0
6.120877E7 6265895.0 5.0
6.1337957E7 6278852.0 5.0
6.1490862E7 6294733.0 5.0
6.1577922E7 6303606.0 5.0
6.1793734E7 6325422.0 5.0
6.2204807E7 6367467.0 5.0
6.2745246E7 6422666.0 5.0
6.281422E7 6430025.0 5.0
6.2852153E7 6433702.0 5.0
6.2913471E7 6440108.0 5.0
6.2920233E7 6440959.0 5.0
6.2944041E7 6443247.0 5.0
6.2947434E7 6443957.0 5.0
6.3008521E7 6449890.0 5.0
6.3462565E7 6496261.0 5.0
6.348979E7 6498983.0 5.0
6.3534127E7 6503401.0 5.0
6.3686864E7 6519841.0 5.0
6.3696858E7 6520309.0 5.0
6.3800677E7 6530692.0 5.0
6.386208E7 6537284.0 5.0
6.3959465E7 6547263.0 5.0
6.4089011E7 6560761.0 5.0
6.4175892E7 6569395.0 5.0
6.4418292E7 6594173.0 5.0
6.4478182E7 6600579.0 5.0
6.4560134E7 6608959.0 5.0
6.4705959E7 6623411.0 5.0
6.4779975E7 6631565.0 5.0
6.4969737E7 6650406.0 5.0
6.5024421E7 6656170.0 5.0
6.5114309E7 6665557.0 5.0
6.5125695E7 6666636.0 5.0
6.5540178E7 6708933.0 5.0
6.5566153E7 6711845.0 5.0
6.5631441E7 6717976.0 5.0
6.5775457E7 6733345.0 5.0
6.6055367E7 6761841.0 5.0
6.628185E7 6784914.0 5.0
6.6327096E7 6789835.0 5.0
6.6412044E7 6798325.0 5.0
6.6609351E7 6818892.0 5.0
6.6696848E7 6827733.0 5.0
6.6718362E7 6829757.0 5.0
6.6784316E7 6836363.0 5.0
6.6833856E7 6841581.0 5.0
6.69543E7 6854062.0 5.0
6.6981784E7 6856985.0 5.0
6.7000365E7 6858426.0 5.0
6.7034587E7 6861817.0 5.0
6.7188512E7 6877364.0 5.0
6.7245521E7 6883741.0 5.0
6.7491164E7 6909006.0 5.0
6.8001601E7 6960951.0 5.0
6.8054072E7 6966400.0 5.0
6.8246047E7 6986159.0 5.0
6.8340019E7 6995990.0 5.0
6.8347885E7 6996643.0 5.0
6.8355132E7 6997458.0 5.0
6.8383768E7 7000689.0 5.0
6.840102E7 7001889.0 5.0
6.8492085E7 7011256.0 5.0
6.8663602E7 7028849.0 5.0
6.8688518E7 7031616.0 5.0
6.880797E7 7043822.0 5.0
6.8811493E7 7043777.0 5.0
6.9099623E7 7073923.0 5.0
6.9116496E7 7075438.0 5.0
6.9180283E7 7081577.0 5.0
6.9191082E7 7082827.0 5.0
6.9290171E7 7093288.0 5.0
6.9838818E7 7149442.0 5.0
6.9905158E7 7155970.0 5.0
6.999736E7 7164938.0 5.0
7.023727E7 7189804.0 5.0
7.025166E7 7191075.0 5.0
7.0403012E7 7206750.0 5.0
7.0795042E7 7247073.0 5.0
7.1236238E7 7292108.0 5.0
7.1755886E7 7345045.0 5.0
7.2032844E7 7373776.0 5.0
7.2510101E7 7422786.0 5.0
7.2756066E7 7447916.0 5.0
7.3099183E7 7482845.0 5.0
7.3517053E7 7525482.0 5.0
7.3863405E7 7560838.0 5.0
7.5190384E7 7697260.0 5.0
7.5439817E7 7722275.0 5.0
7.6834151E7 7865432.0 5.0
7.9986077E7 8187714.0 5.0
8.0194863E7 8209334.0 5.0
8.1076687E7 8299209.0 5.0
