rev2
20841.0 2085.0 5.0
21661.0 2167.0 5.0
22051.0 2206.0 5.0
22351.0 2236.0 5.0
22431.0 2244.0 5.0
22711.0 2272.0 5.0
22841.0 2285.0 5.0
22851.0 2286.0 5.0
22891.0 2290.0 5.0
22911.0 2292.0 5.0
22951.0 2296.0 5.0
23251.0 2326.0 5.0
23281.0 2329.0 5.0
23291.0 2330.0 5.0
23301.0 2331.0 5.0
23761.0 2377.0 5.0
23851.0 2386.0 5.0
23901.0 2391.0 5.0
23941.0 2395.0 5.0
23941.0 2395.0 5.0
24301.0 2431.0 5.0
24331.0 2434.0 5.0
24331.0 2434.0 5.0
24361.0 2437.0 5.0
24481.0 2449.0 5.0
24581.0 2459.0 5.0
24681.0 2469.0 5.0
24711.0 2472.0 5.0
24751.0 2476.0 5.0
24861.0 2487.0 5.0
24901.0 2491.0 5.0
24951.0 2496.0 5.0
24961.0 2497.0 5.0
24981.0 2499.0 5.0
25101.0 2511.0 5.0
25151.0 2516.0 5.0
25171.0 2518.0 5.0
25191.0 2520.0 5.0
25211.0 2522.0 5.0
25271.0 2528.0 5.0
25501.0 2551.0 5.0
25591.0 2560.0 5.0
25631.0 2564.0 5.0
25841.0 2585.0 5.0
25851.0 2586.0 5.0
25871.0 2588.0 5.0
25881.0 2589.0 5.0
25911.0 2592.0 5.0
25971.0 2598.0 5.0
26151.0 2616.0 5.0
26271.0 2628.0 5.0
26281.0 2629.0 5.0
26351.0 2636.0 5.0
26761.0 2677.0 5.0
26981.0 2699.0 5.0
26981.0 2699.0 5.0
27211.0 2722.0 5.0
27251.0 2726.0 5.0
27351.0 2736.0 5.0
27381.0 2739.0 5.0
27501.0 2751.0 5.0
27571.0 2758.0 5.0
27641.0 2765.0 5.0
27671.0 2768.0 5.0
27831.0 2784.0 5.0
27901.0 2791.0 5.0
27951.0 2796.0 5.0
28081.0 2809.0 5.0
28101.0 2811.0 5.0
28111.0 2812.0 5.0
28271.0 2828.0 5.0
28331.0 2834.0 5.0
28471.0 2848.0 5.0
28521.0 2853.0 5.0
28521.0 2853.0 5.0
28581.0 2859.0 5.0
28581.0 2859.0 5.0
28811.0 2882.0 5.0
29091.0 2910.0 5.0
29251.0 2926.0 5.0
29331.0 2934.0 5.0
29401.0 2941.0 5.0
29691.0 2970.0 5.0
29871.0 2988.0 5.0
29941.0 2995.0 5.0
29961.0 2997.0 5.0
30031.0 3004.0 5.0
30721.0 3073.0 5.0
30941.0 3095.0 5.0
30961.0 3097.0 5.0
31391.0 3140.0 5.0
31441.0 3145.0 5.0
31731.0 3174.0 5.0
32051.0 3206.0 5.0
33601.0 3361.0 5.0
34631.0 3464.0 5.0
35381.0 3539.0 5.0
36661.0 3667.0 5.0
38151.0 3816.0 5.0
41461.0 4147.0 5.0
