rev2
2027781.0 202779.0 5.0
2089831.0 208984.0 5.0
2102401.0 210241.0 5.0
2115351.0 211536.0 5.0
2126801.0 212681.0 5.0
2129171.0 212918.0 5.0
2133381.0 213339.0 5.0
2150901.0 215091.0 5.0
2151311.0 215132.0 5.0
2153271.0 215328.0 5.0
2163471.0 216348.0 5.0
2171111.0 217112.0 5.0
2185801.0 218581.0 5.0
2186431.0 218644.0 5.0
2187521.0 218753.0 5.0
2194301.0 219431.0 5.0
2195131.0 219514.0 5.0
2202671.0 220268.0 5.0
2212451.0 221246.0 5.0
2221461.0 222147.0 5.0
2235591.0 223560.0 5.0
2239921.0 223993.0 5.0
2241331.0 224134.0 5.0
2243131.0 224314.0 5.0
2251251.0 225126.0 5.0
2257891.0 225790.0 5.0
2263521.0 226353.0 5.0
2275241.0 227525.0 5.0
2275791.0 227580.0 5.0
2286901.0 228691.0 5.0
2290991.0 229100.0 5.0
2291751.0 229176.0 5.0
2292821.0 229283.0 5.0
2296621.0 229663.0 5.0
2299311.0 229932.0 5.0
2300661.0 230067.0 5.0
2307131.0 230714.0 5.0
2309631.0 230964.0 5.0
2315521.0 231553.0 5.0
2318071.0 231808.0 5.0
2322921.0 232293.0 5.0
2325521.0 232553.0 5.0
2325821.0 232583.0 5.0
2326191.0 232620.0 5.0
2330071.0 233008.0 5.0
2333051.0 233306.0 5.0
2336031.0 233604.0 5.0
2337141.0 233715.0 5.0
2338861.0 233887.0 5.0
2346741.0 234675.0 5.0
2353091.0 235310.0 5.0
2359031.0 235904.0 5.0
2360891.0 236090.0 5.0
2363471.0 236348.0 5.0
2364941.0 236495.0 5.0
2375111.0 237512.0 5.0
2382351.0 238236.0 5.0
2387091.0 238710.0 5.0
2389501.0 238951.0 5.0
2393291.0 239330.0 5.0
2414061.0 241407.0 5.0
2418671.0 241868.0 5.0
2418861.0 241887.0 5.0
2426081.0 242609.0 5.0
2426591.0 242660.0 5.0
2439681.0 243969.0 5.0
2440721.0 244073.0 5.0
2445221.0 244523.0 5.0
2447281.0 244729.0 5.0
2452811.0 245282.0 5.0
2458471.0 245848.0 5.0
2466941.0 246695.0 5.0
2472081.0 247209.0 5.0
2478691.0 247870.0 5.0
2480371.0 248038.0 5.0
2494701.0 249471.0 5.0
2498481.0 249849.0 5.0
2516011.0 251602.0 5.0
2534541.0 253455.0 5.0
2537651.0 253766.0 5.0
2550241.0 255025.0 5.0
2557601.0 255761.0 5.0
2573721.0 257373.0 5.0
2602891.0 260290.0 5.0
2606711.0 260672.0 5.0
2607661.0 260767.0 5.0
2613941.0 261395.0 5.0
2658521.0 265853.0 5.0
2662341.0 266235.0 5.0
2664161.0 266417.0 5.0
2731821.0 273183.0 5.0
2752251.0 275226.0 5.0
2764851.0 276486.0 5.0
2768671.0 276868.0 5.0
2804661.0 280467.0 5.0
2813611.0 281362.0 5.0
2824061.0 282407.0 5.0
2860141.0 286015.0 5.0
3073841.0 307385.0 5.0
3632741.0 363275.0 5.0
