rev2
451231.0 45124.0 5.0
466261.0 46627.0 5.0
467841.0 46785.0 5.0
476081.0 47609.0 5.0
477971.0 47798.0 5.0
478241.0 47825.0 5.0
479731.0 47974.0 5.0
481561.0 48157.0 5.0
483861.0 48387.0 5.0
485251.0 48526.0 5.0
488741.0 48875.0 5.0
489051.0 48906.0 5.0
490621.0 49063.0 5.0
492641.0 49265.0 5.0
493181.0 49319.0 5.0
493391.0 49340.0 5.0
494431.0 49444.0 5.0
494601.0 49461.0 5.0
495451.0 49546.0 5.0
497921.0 49793.0 5.0
497981.0 49799.0 5.0
498941.0 49895.0 5.0
499281.0 49929.0 5.0
500141.0 50015.0 5.0
500231.0 50024.0 5.0
500691.0 50070.0 5.0
501911.0 50192.0 5.0
502331.0 50234.0 5.0
503061.0 50307.0 5.0
506071.0 50608.0 5.0
506131.0 50614.0 5.0
506891.0 50690.0 5.0
509371.0 50938.0 5.0
513271.0 51328.0 5.0
514931.0 51494.0 5.0
515321.0 51533.0 5.0
516731.0 51674.0 5.0
516781.0 51679.0 5.0
518511.0 51852.0 5.0
518611.0 51862.0 5.0
522401.0 52241.0 5.0
524561.0 52457.0 5.0
525041.0 52505.0 5.0
525961.0 52597.0 5.0
528441.0 52845.0 5.0
528571.0 52858.0 5.0
529221.0 52923.0 5.0
532041.0 53205.0 5.0
534231.0 53424.0 5.0
534581.0 53459.0 5.0
535751.0 53576.0 5.0
536441.0 53645.0 5.0
537731.0 53774.0 5.0
542261.0 54227.0 5.0
543851.0 54386.0 5.0
544381.0 54439.0 5.0
544641.0 54465.0 5.0
545501.0 54551.0 5.0
548491.0 54850.0 5.0
549321.0 54933.0 5.0
549731.0 54974.0 5.0
552221.0 55223.0 5.0
553171.0 55318.0 5.0
555371.0 55538.0 5.0
555731.0 55574.0 5.0
556811.0 55682.0 5.0
557591.0 55760.0 5.0
558321.0 55833.0 5.0
559481.0 55949.0 5.0
560531.0 56054.0 5.0
561381.0 56139.0 5.0
562591.0 56260.0 5.0
563801.0 56381.0 5.0
565211.0 56522.0 5.0
565841.0 56585.0 5.0
574021.0 57403.0 5.0
574131.0 57414.0 5.0
574221.0 57423.0 5.0
575751.0 57576.0 5.0
578411.0 57842.0 5.0
580161.0 58017.0 5.0
582571.0 58258.0 5.0
583431.0 58344.0 5.0
584861.0 58487.0 5.0
588121.0 58813.0 5.0
593591.0 59360.0 5.0
593841.0 59385.0 5.0
594941.0 59495.0 5.0
599861.0 59987.0 5.0
604401.0 60441.0 5.0
608291.0 60830.0 5.0
611001.0 61101.0 5.0
612041.0 61205.0 5.0
622731.0 62274.0 5.0
635931.0 63594.0 5.0
650111.0 65012.0 5.0
671441.0 67145.0 5.0
714071.0 71408.0 5.0
770381.0 77039.0 5.0
852841.0 85285.0 5.0
