rev2
1.9259761E7 1925977.0 5.0
1.9295941E7 1929595.0 5.0
1.9451941E7 1945195.0 5.0
1.9910081E7 1991009.0 5.0
1.9948791E7 1994880.0 5.0
1.9957041E7 1995705.0 5.0
1.9984451E7 1998446.0 5.0
2.0142991E7 2014300.0 5.0
2.0305391E7 2030540.0 5.0
2.0370761E7 2037077.0 5.0
2.0373961E7 2037397.0 5.0
2.0504321E7 2050433.0 5.0
2.0508951E7 2050896.0 5.0
2.0561251E7 2056126.0 5.0
2.0605531E7 2060554.0 5.0
2.0624031E7 2062404.0 5.0
2.0642471E7 2064248.0 5.0
2.0654811E7 2065482.0 5.0
2.0691311E7 2069132.0 5.0
2.0707591E7 2070760.0 5.0
2.0743121E7 2074313.0 5.0
2.0743961E7 2074397.0 5.0
2.0745771E7 2074578.0 5.0
2.0755101E7 2075511.0 5.0
2.0769431E7 2076944.0 5.0
2.0787001E7 2078701.0 5.0
2.0819741E7 2081975.0 5.0
2.0855701E7 2085571.0 5.0
2.0874121E7 2087413.0 5.0
2.0891821E7 2089183.0 5.0
2.0915361E7 2091537.0 5.0
2.0944511E7 2094452.0 5.0
2.1014821E7 2101483.0 5.0
2.1023421E7 2102343.0 5.0
2.1077721E7 2107773.0 5.0
2.1102091E7 2110210.0 5.0
2.1138361E7 2113837.0 5.0
2.1142361E7 2114237.0 5.0
2.1249681E7 2124969.0 5.0
2.1252261E7 2125227.0 5.0
2.1291021E7 2129103.0 5.0
2.1332441E7 2133245.0 5.0
2.1346771E7 2134678.0 5.0
2.1347101E7 2134711.0 5.0
2.1366721E7 2136673.0 5.0
2.1375481E7 2137549.0 5.0
2.1393071E7 2139308.0 5.0
2.1407161E7 2140717.0 5.0
2.1461901E7 2146191.0 5.0
2.1505911E7 2150592.0 5.0
2.1517971E7 2151798.0 5.0
2.1582311E7 2158232.0 5.0
2.1597271E7 2159728.0 5.0
2.1646051E7 2164606.0 5.0
2.1669631E7 2166964.0 5.0
2.1678811E7 2167882.0 5.0
2.1686241E7 2168625.0 5.0
2.1712591E7 2171260.0 5.0
2.1715991E7 2171600.0 5.0
2.1733851E7 2173386.0 5.0
2.1758811E7 2175882.0 5.0
2.1882331E7 2188234.0 5.0
2.1908171E7 2190818.0 5.0
2.2112571E7 2211258.0 5.0
2.2165101E7 2216511.0 5.0
2.2216201E7 2221621.0 5.0
2.2223881E7 2222389.0 5.0
2.2254261E7 2225427.0 5.0
2.2274611E7 2227462.0 5.0
2.2362081E7 2236209.0 5.0
2.2487681E7 2248769.0 5.0
2.2501961E7 2250197.0 5.0
2.2543041E7 2254305.0 5.0
2.2586891E7 2258690.0 5.0
2.2695901E7 2269591.0 5.0
2.2766951E7 2276696.0 5.0
2.2800171E7 2280018.0 5.0
2.2829291E7 2282930.0 5.0
2.2849371E7 2284938.0 5.0
2.2900641E7 2290065.0 5.0
2.2939131E7 2293914.0 5.0
2.2989931E7 2298994.0 5.0
2.3019301E7 2301931.0 5.0
2.3039021E7 2303903.0 5.0
2.3167921E7 2316793.0 5.0
2.3170241E7 2317025.0 5.0
2.3202371E7 2320238.0 5.0
2.3242811E7 2324282.0 5.0
2.3286461E7 2328647.0 5.0
2.3309541E7 2330955.0 5.0
2.3318691E7 2331870.0 5.0
2.3442681E7 2344269.0 5.0
2.3484571E7 2348458.0 5.0
2.3535101E7 2353511.0 5.0
2.3655121E7 2365513.0 5.0
2.4114461E7 2411447.0 5.0
2.4648301E7 2464831.0 5.0
2.4761761E7 2476177.0 5.0
2.6165371E7 2616538.0 5.0
2.6593711E7 2659372.0 5.0
