rev2
8971.0 898.0 5.0
9531.0 954.0 5.0
9631.0 964.0 5.0
9751.0 976.0 5.0
9821.0 983.0 5.0
9901.0 991.0 5.0
10431.0 1044.0 5.0
10471.0 1048.0 5.0
10511.0 1052.0 5.0
10571.0 1058.0 5.0
10661.0 1067.0 5.0
10721.0 1073.0 5.0
10731.0 1074.0 5.0
10741.0 1075.0 5.0
10851.0 1086.0 5.0
10881.0 1089.0 5.0
10901.0 1091.0 5.0
10901.0 1091.0 5.0
10951.0 1096.0 5.0
10971.0 1098.0 5.0
11011.0 1102.0 5.0
11061.0 1107.0 5.0
11061.0 1107.0 5.0
11061.0 1107.0 5.0
11091.0 1110.0 5.0
11101.0 1111.0 5.0
11191.0 1120.0 5.0
11201.0 1121.0 5.0
11241.0 1125.0 5.0
11261.0 1127.0 5.0
11341.0 1135.0 5.0
11341.0 1135.0 5.0
11371.0 1138.0 5.0
11411.0 1142.0 5.0
11421.0 1143.0 5.0
11431.0 1144.0 5.0
11451.0 1146.0 5.0
11451.0 1146.0 5.0
11531.0 1154.0 5.0
11551.0 1156.0 5.0
11591.0 1160.0 5.0
11621.0 1163.0 5.0
11641.0 1165.0 5.0
11661.0 1167.0 5.0
11691.0 1170.0 5.0
11801.0 1181.0 5.0
11811.0 1182.0 5.0
11831.0 1184.0 5.0
11861.0 1187.0 5.0
11911.0 1192.0 5.0
11941.0 1195.0 5.0
11971.0 1198.0 5.0
12001.0 1201.0 5.0
12061.0 1207.0 5.0
12061.0 1207.0 5.0
12081.0 1209.0 5.0
12121.0 1213.0 5.0
12121.0 1213.0 5.0
12191.0 1220.0 5.0
12221.0 1223.0 5.0
12221.0 1223.0 5.0
12231.0 1224.0 5.0
12241.0 1225.0 5.0
12291.0 1230.0 5.0
12441.0 1245.0 5.0
12461.0 1247.0 5.0
12491.0 1250.0 5.0
12691.0 1270.0 5.0
12711.0 1272.0 5.0
12731.0 1274.0 5.0
12741.0 1275.0 5.0
12821.0 1283.0 5.0
12841.0 1285.0 5.0
12841.0 1285.0 5.0
12861.0 1287.0 5.0
12891.0 1290.0 5.0
12911.0 1292.0 5.0
12961.0 1297.0 5.0
12971.0 1298.0 5.0
13041.0 1305.0 5.0
13111.0 1312.0 5.0
13151.0 1316.0 5.0
13211.0 1322.0 5.0
13261.0 1327.0 5.0
13381.0 1339.0 5.0
13401.0 1341.0 5.0
13411.0 1342.0 5.0
13461.0 1347.0 5.0
13651.0 1366.0 5.0
13681.0 1369.0 5.0
14031.0 1404.0 5.0
14091.0 1410.0 5.0
14201.0 1421.0 5.0
14221.0 1423.0 5.0
14401.0 1441.0 5.0
14421.0 1443.0 5.0
14531.0 1454.0 5.0
14851.0 1486.0 5.0
15011.0 1502.0 5.0
17441.0 1745.0 5.0
