rev2
4721.0 473.0 5.0
5361.0 537.0 5.0
5381.0 539.0 5.0
5581.0 559.0 5.0
5661.0 567.0 5.0
5711.0 572.0 5.0
5751.0 576.0 5.0
5771.0 578.0 5.0
5781.0 579.0 5.0
5841.0 585.0 5.0
5871.0 588.0 5.0
5901.0 591.0 5.0
6001.0 601.0 5.0
6021.0 603.0 5.0
6031.0 604.0 5.0
6041.0 605.0 5.0
6091.0 610.0 5.0
6111.0 612.0 5.0
6131.0 614.0 5.0
6191.0 620.0 5.0
6191.0 620.0 5.0
6201.0 621.0 5.0
6261.0 627.0 5.0
6321.0 633.0 5.0
6331.0 634.0 5.0
6341.0 635.0 5.0
6401.0 641.0 5.0
6401.0 641.0 5.0
6411.0 642.0 5.0
6451.0 646.0 5.0
6481.0 649.0 5.0
6501.0 651.0 5.0
6511.0 652.0 5.0
6531.0 654.0 5.0
6581.0 659.0 5.0
6591.0 660.0 5.0
6601.0 661.0 5.0
6641.0 665.0 5.0
6691.0 670.0 5.0
6701.0 671.0 5.0
6721.0 673.0 5.0
6731.0 674.0 5.0
6771.0 678.0 5.0
6791.0 680.0 5.0
6791.0 680.0 5.0
6811.0 682.0 5.0
6831.0 684.0 5.0
6851.0 686.0 5.0
6891.0 690.0 5.0
6931.0 694.0 5.0
6961.0 697.0 5.0
6991.0 700.0 5.0
7011.0 702.0 5.0
7031.0 704.0 5.0
7071.0 708.0 5.0
7111.0 712.0 5.0
7111.0 712.0 5.0
7111.0 712.0 5.0
7121.0 713.0 5.0
7131.0 714.0 5.0
7161.0 717.0 5.0
7181.0 719.0 5.0
7181.0 719.0 5.0
7201.0 721.0 5.0
7201.0 721.0 5.0
7211.0 722.0 5.0
7331.0 734.0 5.0
7381.0 739.0 5.0
7411.0 742.0 5.0
7521.0 753.0 5.0
7531.0 754.0 5.0
7551.0 756.0 5.0
7561.0 757.0 5.0
7561.0 757.0 5.0
7691.0 770.0 5.0
7731.0 774.0 5.0
7731.0 774.0 5.0
7781.0 779.0 5.0
7801.0 781.0 5.0
7801.0 781.0 5.0
7851.0 786.0 5.0
7861.0 787.0 5.0
7881.0 789.0 5.0
7911.0 792.0 5.0
7951.0 796.0 5.0
8001.0 801.0 5.0
8011.0 802.0 5.0
8051.0 806.0 5.0
8271.0 828.0 5.0
8321.0 833.0 5.0
8341.0 835.0 5.0
8451.0 846.0 5.0
8571.0 858.0 5.0
8601.0 861.0 5.0
8641.0 865.0 5.0
8791.0 880.0 5.0
9391.0 940.0 5.0
9641.0 965.0 5.0
9721.0 973.0 5.0
11181.0 1119.0 5.0
