rev2
501521.0 50153.0 5.0
501701.0 50171.0 5.0
502911.0 50292.0 5.0
503941.0 50395.0 5.0
505051.0 50506.0 5.0
507351.0 50736.0 5.0
514331.0 51434.0 5.0
515141.0 51515.0 5.0
515601.0 51561.0 5.0
517191.0 51720.0 5.0
518841.0 51885.0 5.0
521591.0 52160.0 5.0
526651.0 52666.0 5.0
527641.0 52765.0 5.0
527731.0 52774.0 5.0
529091.0 52910.0 5.0
529321.0 52933.0 5.0
532881.0 53289.0 5.0
533151.0 53316.0 5.0
534101.0 53411.0 5.0
534231.0 53424.0 5.0
536951.0 53696.0 5.0
541711.0 54172.0 5.0
542041.0 54205.0 5.0
546171.0 54618.0 5.0
546291.0 54630.0 5.0
546581.0 54659.0 5.0
547151.0 54716.0 5.0
547351.0 54736.0 5.0
553411.0 55342.0 5.0
553591.0 55360.0 5.0
554891.0 55490.0 5.0
555591.0 55560.0 5.0
557411.0 55742.0 5.0
557441.0 55745.0 5.0
559711.0 55972.0 5.0
560751.0 56076.0 5.0
562971.0 56298.0 5.0
563041.0 56305.0 5.0
563321.0 56333.0 5.0
563551.0 56356.0 5.0
564821.0 56483.0 5.0
566641.0 56665.0 5.0
566931.0 56694.0 5.0
567911.0 56792.0 5.0
568861.0 56887.0 5.0
571821.0 57183.0 5.0
574631.0 57464.0 5.0
574631.0 57464.0 5.0
575531.0 57554.0 5.0
578401.0 57841.0 5.0
578451.0 57846.0 5.0
578751.0 57876.0 5.0
578751.0 57876.0 5.0
579451.0 57946.0 5.0
588081.0 58809.0 5.0
588251.0 58826.0 5.0
589401.0 58941.0 5.0
589551.0 58956.0 5.0
589791.0 58980.0 5.0
592011.0 59202.0 5.0
593221.0 59323.0 5.0
593961.0 59397.0 5.0
594371.0 59438.0 5.0
597121.0 59713.0 5.0
599671.0 59968.0 5.0
600141.0 60015.0 5.0
600531.0 60054.0 5.0
601561.0 60157.0 5.0
602791.0 60280.0 5.0
605311.0 60532.0 5.0
607581.0 60759.0 5.0
608031.0 60804.0 5.0
610411.0 61042.0 5.0
610601.0 61061.0 5.0
610841.0 61085.0 5.0
614061.0 61407.0 5.0
617131.0 61714.0 5.0
617891.0 61790.0 5.0
617931.0 61794.0 5.0
621141.0 62115.0 5.0
621551.0 62156.0 5.0
623421.0 62343.0 5.0
625311.0 62532.0 5.0
628661.0 62867.0 5.0
630151.0 63016.0 5.0
630841.0 63085.0 5.0
634921.0 63493.0 5.0
638071.0 63808.0 5.0
644011.0 64402.0 5.0
652681.0 65269.0 5.0
655741.0 65575.0 5.0
658701.0 65871.0 5.0
666721.0 66673.0 5.0
667961.0 66797.0 5.0
685411.0 68542.0 5.0
698321.0 69833.0 5.0
706791.0 70680.0 5.0
754801.0 75481.0 5.0
772471.0 77248.0 5.0
