rev2
951.0 96.0 5.0
1011.0 102.0 5.0
1021.0 103.0 5.0
1061.0 107.0 5.0
1121.0 113.0 5.0
1121.0 113.0 5.0
1131.0 114.0 5.0
1151.0 116.0 5.0
1151.0 116.0 5.0
1171.0 118.0 5.0
1171.0 118.0 5.0
1231.0 124.0 5.0
1241.0 125.0 5.0
1251.0 126.0 5.0
1271.0 128.0 5.0
1331.0 134.0 5.0
1341.0 135.0 5.0
1341.0 135.0 5.0
1351.0 136.0 5.0
1361.0 137.0 5.0
1361.0 137.0 5.0
1361.0 137.0 5.0
1361.0 137.0 5.0
1381.0 139.0 5.0
1391.0 140.0 5.0
1401.0 141.0 5.0
1411.0 142.0 5.0
1411.0 142.0 5.0
1421.0 143.0 5.0
1431.0 144.0 5.0
1441.0 145.0 5.0
1451.0 146.0 5.0
1461.0 147.0 5.0
1491.0 150.0 5.0
1501.0 151.0 5.0
1511.0 152.0 5.0
1531.0 154.0 5.0
1531.0 154.0 5.0
1561.0 157.0 5.0
1561.0 157.0 5.0
1561.0 157.0 5.0
1561.0 157.0 5.0
1561.0 157.0 5.0
1571.0 158.0 5.0
1581.0 159.0 5.0
1591.0 160.0 5.0
1611.0 162.0 5.0
1631.0 164.0 5.0
1631.0 164.0 5.0
1641.0 165.0 5.0
1641.0 165.0 5.0
1641.0 165.0 5.0
1661.0 167.0 5.0
1671.0 168.0 5.0
1671.0 168.0 5.0
1671.0 168.0 5.0
1691.0 170.0 5.0
1701.0 171.0 5.0
1711.0 172.0 5.0
1711.0 172.0 5.0
1721.0 173.0 5.0
1741.0 175.0 5.0
1751.0 176.0 5.0
1761.0 177.0 5.0
1761.0 177.0 5.0
1771.0 178.0 5.0
1771.0 178.0 5.0
1801.0 181.0 5.0
1811.0 182.0 5.0
1821.0 183.0 5.0
1821.0 183.0 5.0
1841.0 185.0 5.0
1851.0 186.0 5.0
1851.0 186.0 5.0
1881.0 189.0 5.0
1881.0 189.0 5.0
1911.0 192.0 5.0
1941.0 195.0 5.0
2001.0 201.0 5.0
2001.0 201.0 5.0
2021.0 203.0 5.0
2051.0 206.0 5.0
2051.0 206.0 5.0
2131.0 214.0 5.0
2151.0 216.0 5.0
2151.0 216.0 5.0
2171.0 218.0 5.0
2201.0 221.0 5.0
2211.0 222.0 5.0
2291.0 230.0 5.0
2311.0 232.0 5.0
2321.0 233.0 5.0
2351.0 236.0 5.0
2381.0 239.0 5.0
2391.0 240.0 5.0
2401.0 241.0 5.0
2421.0 243.0 5.0
2561.0 257.0 5.0
2941.0 295.0 5.0
2941.0 295.0 5.0
