rev2
24191.0 2420.0 5.0
24651.0 2466.0 5.0
24831.0 2484.0 5.0
24971.0 2498.0 5.0
25101.0 2511.0 5.0
25261.0 2527.0 5.0
25431.0 2544.0 5.0
25531.0 2554.0 5.0
25691.0 2570.0 5.0
25751.0 2576.0 5.0
25951.0 2596.0 5.0
26131.0 2614.0 5.0
26301.0 2631.0 5.0
26471.0 2648.0 5.0
26511.0 2652.0 5.0
26551.0 2656.0 5.0
26671.0 2668.0 5.0
26681.0 2669.0 5.0
26941.0 2695.0 5.0
26991.0 2700.0 5.0
27151.0 2716.0 5.0
27221.0 2723.0 5.0
27281.0 2729.0 5.0
27311.0 2732.0 5.0
27361.0 2737.0 5.0
27371.0 2738.0 5.0
27431.0 2744.0 5.0
27451.0 2746.0 5.0
27461.0 2747.0 5.0
27581.0 2759.0 5.0
27671.0 2768.0 5.0
27701.0 2771.0 5.0
27811.0 2782.0 5.0
27881.0 2789.0 5.0
28061.0 2807.0 5.0
28131.0 2814.0 5.0
28181.0 2819.0 5.0
28201.0 2821.0 5.0
28301.0 2831.0 5.0
28401.0 2841.0 5.0
28421.0 2843.0 5.0
28431.0 2844.0 5.0
28431.0 2844.0 5.0
28561.0 2857.0 5.0
28651.0 2866.0 5.0
28671.0 2868.0 5.0
28711.0 2872.0 5.0
28761.0 2877.0 5.0
28981.0 2899.0 5.0
29181.0 2919.0 5.0
29241.0 2925.0 5.0
29271.0 2928.0 5.0
29521.0 2953.0 5.0
29641.0 2965.0 5.0
29661.0 2967.0 5.0
29741.0 2975.0 5.0
29871.0 2988.0 5.0
30021.0 3003.0 5.0
30251.0 3026.0 5.0
30501.0 3051.0 5.0
30581.0 3059.0 5.0
30641.0 3065.0 5.0
30671.0 3068.0 5.0
30761.0 3077.0 5.0
30761.0 3077.0 5.0
30781.0 3079.0 5.0
30811.0 3082.0 5.0
30811.0 3082.0 5.0
30981.0 3099.0 5.0
31081.0 3109.0 5.0
31171.0 3118.0 5.0
31171.0 3118.0 5.0
31181.0 3119.0 5.0
31491.0 3150.0 5.0
31601.0 3161.0 5.0
32101.0 3211.0 5.0
32201.0 3221.0 5.0
32251.0 3226.0 5.0
32481.0 3249.0 5.0
32561.0 3257.0 5.0
32721.0 3273.0 5.0
32801.0 3281.0 5.0
32871.0 3288.0 5.0
33021.0 3303.0 5.0
33241.0 3325.0 5.0
33291.0 3330.0 5.0
33321.0 3333.0 5.0
33721.0 3373.0 5.0
34351.0 3436.0 5.0
34731.0 3474.0 5.0
35631.0 3564.0 5.0
35751.0 3576.0 5.0
35891.0 3590.0 5.0
36391.0 3640.0 5.0
36431.0 3644.0 5.0
37481.0 3749.0 5.0
40131.0 4014.0 5.0
40321.0 4033.0 5.0
40341.0 4035.0 5.0
41441.0 4145.0 5.0
