rev2
50561.0 5057.0 5.0
50871.0 5088.0 5.0
51581.0 5159.0 5.0
52141.0 5215.0 5.0
52431.0 5244.0 5.0
52471.0 5248.0 5.0
53191.0 5320.0 5.0
53451.0 5346.0 5.0
53861.0 5387.0 5.0
54441.0 5445.0 5.0
55271.0 5528.0 5.0
55481.0 5549.0 5.0
55801.0 5581.0 5.0
55861.0 5587.0 5.0
56001.0 5601.0 5.0
56121.0 5613.0 5.0
56221.0 5623.0 5.0
56241.0 5625.0 5.0
56251.0 5626.0 5.0
56421.0 5643.0 5.0
56521.0 5653.0 5.0
56651.0 5666.0 5.0
56881.0 5689.0 5.0
56891.0 5690.0 5.0
57271.0 5728.0 5.0
57321.0 5733.0 5.0
57701.0 5771.0 5.0
57861.0 5787.0 5.0
57901.0 5791.0 5.0
57991.0 5800.0 5.0
58181.0 5819.0 5.0
58301.0 5831.0 5.0
58611.0 5862.0 5.0
58631.0 5864.0 5.0
58821.0 5883.0 5.0
58891.0 5890.0 5.0
59171.0 5918.0 5.0
59201.0 5921.0 5.0
59411.0 5942.0 5.0
59571.0 5958.0 5.0
60151.0 6016.0 5.0
60421.0 6043.0 5.0
60631.0 6064.0 5.0
60651.0 6066.0 5.0
60681.0 6069.0 5.0
60731.0 6074.0 5.0
60931.0 6094.0 5.0
61011.0 6102.0 5.0
61021.0 6103.0 5.0
61081.0 6109.0 5.0
61211.0 6122.0 5.0
61351.0 6136.0 5.0
61631.0 6164.0 5.0
61671.0 6168.0 5.0
61811.0 6182.0 5.0
61851.0 6186.0 5.0
62321.0 6233.0 5.0
62981.0 6299.0 5.0
63301.0 6331.0 5.0
64021.0 6403.0 5.0
64161.0 6417.0 5.0
64281.0 6429.0 5.0
64301.0 6431.0 5.0
64401.0 6441.0 5.0
64481.0 6449.0 5.0
64761.0 6477.0 5.0
64901.0 6491.0 5.0
64991.0 6500.0 5.0
65121.0 6513.0 5.0
66051.0 6606.0 5.0
66181.0 6619.0 5.0
66301.0 6631.0 5.0
66941.0 6695.0 5.0
67191.0 6720.0 5.0
67201.0 6721.0 5.0
67341.0 6735.0 5.0
67401.0 6741.0 5.0
67551.0 6756.0 5.0
67621.0 6763.0 5.0
68761.0 6877.0 5.0
68911.0 6892.0 5.0
68931.0 6894.0 5.0
69161.0 6917.0 5.0
69391.0 6940.0 5.0
69481.0 6949.0 5.0
69521.0 6953.0 5.0
69671.0 6968.0 5.0
71601.0 7161.0 5.0
71621.0 7163.0 5.0
71961.0 7197.0 5.0
72241.0 7225.0 5.0
72371.0 7238.0 5.0
73421.0 7343.0 5.0
74041.0 7405.0 5.0
74071.0 7408.0 5.0
75231.0 7524.0 5.0
75281.0 7529.0 5.0
79311.0 7932.0 5.0
101101.0 10111.0 5.0
108831.0 10884.0 5.0
