rev2
9493541.0 949355.0 5.0
9594121.0 959413.0 5.0
9614421.0 961443.0 5.0
9648281.0 964829.0 5.0
9819301.0 981931.0 5.0
9889341.0 988935.0 5.0
9890401.0 989041.0 5.0
9905901.0 990591.0 5.0
9916421.0 991643.0 5.0
9944501.0 994451.0 5.0
9995541.0 999555.0 5.0
9996901.0 999691.0 5.0
1.0020111E7 1002012.0 5.0
1.0094261E7 1009427.0 5.0
1.0121861E7 1012187.0 5.0
1.0124741E7 1012475.0 5.0
1.0130631E7 1013064.0 5.0
1.0196871E7 1019688.0 5.0
1.0211061E7 1021107.0 5.0
1.0229011E7 1022902.0 5.0
1.0277651E7 1027766.0 5.0
1.0310221E7 1031023.0 5.0
1.0347221E7 1034723.0 5.0
1.0360681E7 1036069.0 5.0
1.0370681E7 1037069.0 5.0
1.0418901E7 1041891.0 5.0
1.0431381E7 1043139.0 5.0
1.0448331E7 1044834.0 5.0
1.0467361E7 1046737.0 5.0
1.0494051E7 1049406.0 5.0
1.0503401E7 1050341.0 5.0
1.0550511E7 1055052.0 5.0
1.0564831E7 1056484.0 5.0
1.0575351E7 1057536.0 5.0
1.0579751E7 1057976.0 5.0
1.0582211E7 1058222.0 5.0
1.0590421E7 1059043.0 5.0
1.0595931E7 1059594.0 5.0
1.0612001E7 1061201.0 5.0
1.0711541E7 1071155.0 5.0
1.0726551E7 1072656.0 5.0
1.0752911E7 1075292.0 5.0
1.0755941E7 1075595.0 5.0
1.0798601E7 1079861.0 5.0
1.0814311E7 1081432.0 5.0
1.0822511E7 1082252.0 5.0
1.0824191E7 1082420.0 5.0
1.0825951E7 1082596.0 5.0
1.0829901E7 1082991.0 5.0
1.0830271E7 1083028.0 5.0
1.0855671E7 1085568.0 5.0
1.0909511E7 1090952.0 5.0
1.0947561E7 1094757.0 5.0
1.0971411E7 1097142.0 5.0
1.0986621E7 1098663.0 5.0
1.0987531E7 1098754.0 5.0
1.1038091E7 1103810.0 5.0
1.1038101E7 1103811.0 5.0
1.1079031E7 1107904.0 5.0
1.1084511E7 1108452.0 5.0
1.1084671E7 1108468.0 5.0
1.1128831E7 1112884.0 5.0
1.1146541E7 1114655.0 5.0
1.1147161E7 1114717.0 5.0
1.1191291E7 1119130.0 5.0
1.1265731E7 1126574.0 5.0
1.1277261E7 1127727.0 5.0
1.1285611E7 1128562.0 5.0
1.1288411E7 1128842.0 5.0
1.1302301E7 1130231.0 5.0
1.1369341E7 1136935.0 5.0
1.1404511E7 1140452.0 5.0
1.1504951E7 1150496.0 5.0
1.1511741E7 1151175.0 5.0
1.1523171E7 1152318.0 5.0
1.1538541E7 1153855.0 5.0
1.1596641E7 1159665.0 5.0
1.1613591E7 1161360.0 5.0
1.1623901E7 1162391.0 5.0
1.1625081E7 1162509.0 5.0
1.1757141E7 1175715.0 5.0
1.1758521E7 1175853.0 5.0
1.1885601E7 1188561.0 5.0
1.1963721E7 1196373.0 5.0
1.2070371E7 1207038.0 5.0
1.2101041E7 1210105.0 5.0
1.2135791E7 1213580.0 5.0
1.2181291E7 1218130.0 5.0
1.2182411E7 1218242.0 5.0
1.2183721E7 1218373.0 5.0
1.2353141E7 1235315.0 5.0
1.2397471E7 1239748.0 5.0
1.2467311E7 1246732.0 5.0
1.2472821E7 1247283.0 5.0
1.2490921E7 1249093.0 5.0
1.2640421E7 1264043.0 5.0
1.2740571E7 1274058.0 5.0
1.3127181E7 1312719.0 5.0
1.3439981E7 1343999.0 5.0
1.6040471E7 1604048.0 5.0
