rev2
230961.0 23097.0 5.0
230991.0 23100.0 5.0
236401.0 23641.0 5.0
242431.0 24244.0 5.0
242931.0 24294.0 5.0
243611.0 24362.0 5.0
246461.0 24647.0 5.0
246831.0 24684.0 5.0
249671.0 24968.0 5.0
252281.0 25229.0 5.0
252451.0 25246.0 5.0
252871.0 25288.0 5.0
253381.0 25339.0 5.0
253481.0 25349.0 5.0
254221.0 25423.0 5.0
254401.0 25441.0 5.0
255151.0 25516.0 5.0
255941.0 25595.0 5.0
257351.0 25736.0 5.0
257941.0 25795.0 5.0
258321.0 25833.0 5.0
259931.0 25994.0 5.0
259931.0 25994.0 5.0
260521.0 26053.0 5.0
261831.0 26184.0 5.0
262601.0 26261.0 5.0
262861.0 26287.0 5.0
262951.0 26296.0 5.0
264141.0 26415.0 5.0
264471.0 26448.0 5.0
264551.0 26456.0 5.0
264731.0 26474.0 5.0
264791.0 26480.0 5.0
265501.0 26551.0 5.0
265701.0 26571.0 5.0
266431.0 26644.0 5.0
266441.0 26645.0 5.0
266671.0 26668.0 5.0
267171.0 26718.0 5.0
267331.0 26734.0 5.0
268001.0 26801.0 5.0
269981.0 26999.0 5.0
270371.0 27038.0 5.0
270531.0 27054.0 5.0
271321.0 27133.0 5.0
271701.0 27171.0 5.0
272091.0 27210.0 5.0
272691.0 27270.0 5.0
273001.0 27301.0 5.0
273561.0 27357.0 5.0
275101.0 27511.0 5.0
275441.0 27545.0 5.0
275451.0 27546.0 5.0
276091.0 27610.0 5.0
276681.0 27669.0 5.0
277291.0 27730.0 5.0
277751.0 27776.0 5.0
278001.0 27801.0 5.0
278981.0 27899.0 5.0
279111.0 27912.0 5.0
279221.0 27923.0 5.0
279351.0 27936.0 5.0
280121.0 28013.0 5.0
280831.0 28084.0 5.0
280871.0 28088.0 5.0
281511.0 28152.0 5.0
281811.0 28182.0 5.0
283181.0 28319.0 5.0
283201.0 28321.0 5.0
283561.0 28357.0 5.0
283791.0 28380.0 5.0
283801.0 28381.0 5.0
284891.0 28490.0 5.0
285301.0 28531.0 5.0
287371.0 28738.0 5.0
287881.0 28789.0 5.0
287921.0 28793.0 5.0
289431.0 28944.0 5.0
289631.0 28964.0 5.0
290081.0 29009.0 5.0
291201.0 29121.0 5.0
292101.0 29211.0 5.0
292691.0 29270.0 5.0
293381.0 29339.0 5.0
296441.0 29645.0 5.0
298971.0 29898.0 5.0
304511.0 30452.0 5.0
304611.0 30462.0 5.0
306831.0 30684.0 5.0
308471.0 30848.0 5.0
311731.0 31174.0 5.0
316301.0 31631.0 5.0
322571.0 32258.0 5.0
330401.0 33041.0 5.0
331951.0 33196.0 5.0
336891.0 33690.0 5.0
341341.0 34135.0 5.0
342121.0 34213.0 5.0
346851.0 34686.0 5.0
377721.0 37773.0 5.0
