rev2
2142151.0 214216.0 5.0
2159251.0 215926.0 5.0
2193631.0 219364.0 5.0
2211181.0 221119.0 5.0
2239541.0 223955.0 5.0
2254371.0 225438.0 5.0
2277171.0 227718.0 5.0
2285661.0 228567.0 5.0
2294571.0 229458.0 5.0
2298621.0 229863.0 5.0
2304231.0 230424.0 5.0
2305371.0 230538.0 5.0
2312521.0 231253.0 5.0
2316071.0 231608.0 5.0
2318561.0 231857.0 5.0
2319401.0 231941.0 5.0
2324901.0 232491.0 5.0
2344281.0 234429.0 5.0
2346021.0 234603.0 5.0
2350661.0 235067.0 5.0
2353061.0 235307.0 5.0
2353591.0 235360.0 5.0
2370271.0 237028.0 5.0
2370461.0 237047.0 5.0
2371121.0 237113.0 5.0
2372991.0 237300.0 5.0
2376731.0 237674.0 5.0
2378921.0 237893.0 5.0
2386581.0 238659.0 5.0
2387061.0 238707.0 5.0
2391221.0 239123.0 5.0
2391491.0 239150.0 5.0
2402691.0 240270.0 5.0
2406831.0 240684.0 5.0
2408441.0 240845.0 5.0
2417481.0 241749.0 5.0
2421941.0 242195.0 5.0
2425481.0 242549.0 5.0
2427251.0 242726.0 5.0
2435381.0 243539.0 5.0
2463351.0 246336.0 5.0
2473831.0 247384.0 5.0
2477521.0 247753.0 5.0
2484521.0 248453.0 5.0
2487711.0 248772.0 5.0
2489931.0 248994.0 5.0
2500121.0 250013.0 5.0
2500161.0 250017.0 5.0
2503561.0 250357.0 5.0
2509001.0 250901.0 5.0
2523581.0 252359.0 5.0
2526431.0 252644.0 5.0
2527311.0 252732.0 5.0
2530431.0 253044.0 5.0
2543711.0 254372.0 5.0
2544401.0 254441.0 5.0
2549441.0 254945.0 5.0
2559041.0 255905.0 5.0
2562031.0 256204.0 5.0
2574841.0 257485.0 5.0
2578451.0 257846.0 5.0
2579421.0 257943.0 5.0
2580101.0 258011.0 5.0
2583981.0 258399.0 5.0
2585601.0 258561.0 5.0
2593931.0 259394.0 5.0
2602501.0 260251.0 5.0
2608111.0 260812.0 5.0
2608531.0 260854.0 5.0
2611651.0 261166.0 5.0
2614191.0 261420.0 5.0
2647431.0 264744.0 5.0
2649131.0 264914.0 5.0
2656841.0 265685.0 5.0
2661691.0 266170.0 5.0
2663781.0 266379.0 5.0
2676951.0 267696.0 5.0
2680291.0 268030.0 5.0
2701091.0 270110.0 5.0
2705511.0 270552.0 5.0
2718951.0 271896.0 5.0
2720031.0 272004.0 5.0
2724531.0 272454.0 5.0
2724971.0 272498.0 5.0
2730351.0 273036.0 5.0
2733001.0 273301.0 5.0
2761551.0 276156.0 5.0
2763951.0 276396.0 5.0
2776481.0 277649.0 5.0
2810731.0 281074.0 5.0
2820121.0 282013.0 5.0
2842681.0 284269.0 5.0
2880991.0 288100.0 5.0
2882821.0 288283.0 5.0
2893591.0 289360.0 5.0
3019571.0 301958.0 5.0
3021321.0 302133.0 5.0
3072611.0 307262.0 5.0
3150711.0 315072.0 5.0
3209071.0 320908.0 5.0
