rev2
2131.0 214.0 5.0
2241.0 225.0 5.0
2381.0 239.0 5.0
2411.0 242.0 5.0
2421.0 243.0 5.0
2441.0 245.0 5.0
2451.0 246.0 5.0
2471.0 248.0 5.0
2561.0 257.0 5.0
2601.0 261.0 5.0
2631.0 264.0 5.0
2641.0 265.0 5.0
2661.0 267.0 5.0
2761.0 277.0 5.0
2791.0 280.0 5.0
2811.0 282.0 5.0
2811.0 282.0 5.0
2821.0 283.0 5.0
2831.0 284.0 5.0
2831.0 284.0 5.0
2841.0 285.0 5.0
2941.0 295.0 5.0
2971.0 298.0 5.0
2991.0 300.0 5.0
3001.0 301.0 5.0
3011.0 302.0 5.0
3021.0 303.0 5.0
3031.0 304.0 5.0
3041.0 305.0 5.0
3061.0 307.0 5.0
3081.0 309.0 5.0
3091.0 310.0 5.0
3091.0 310.0 5.0
3111.0 312.0 5.0
3141.0 315.0 5.0
3151.0 316.0 5.0
3151.0 316.0 5.0
3161.0 317.0 5.0
3181.0 319.0 5.0
3181.0 319.0 5.0
3181.0 319.0 5.0
3181.0 319.0 5.0
3201.0 321.0 5.0
3241.0 325.0 5.0
3241.0 325.0 5.0
3251.0 326.0 5.0
3271.0 328.0 5.0
3271.0 328.0 5.0
3281.0 329.0 5.0
3291.0 330.0 5.0
3301.0 331.0 5.0
3311.0 332.0 5.0
3331.0 334.0 5.0
3341.0 335.0 5.0
3361.0 337.0 5.0
3361.0 337.0 5.0
3401.0 341.0 5.0
3411.0 342.0 5.0
3411.0 342.0 5.0
3421.0 343.0 5.0
3431.0 344.0 5.0
3431.0 344.0 5.0
3451.0 346.0 5.0
3481.0 349.0 5.0
3481.0 349.0 5.0
3501.0 351.0 5.0
3531.0 354.0 5.0
3531.0 354.0 5.0
3571.0 358.0 5.0
3581.0 359.0 5.0
3621.0 363.0 5.0
3641.0 365.0 5.0
3681.0 369.0 5.0
3681.0 369.0 5.0
3691.0 370.0 5.0
3691.0 370.0 5.0
3701.0 371.0 5.0
3731.0 374.0 5.0
3781.0 379.0 5.0
3791.0 380.0 5.0
3811.0 382.0 5.0
3831.0 384.0 5.0
3861.0 387.0 5.0
3881.0 389.0 5.0
3911.0 392.0 5.0
3941.0 395.0 5.0
3981.0 399.0 5.0
4071.0 408.0 5.0
4121.0 413.0 5.0
4201.0 421.0 5.0
4231.0 424.0 5.0
4241.0 425.0 5.0
4261.0 427.0 5.0
4331.0 434.0 5.0
4361.0 437.0 5.0
4401.0 441.0 5.0
4481.0 449.0 5.0
4531.0 454.0 5.0
4731.0 474.0 5.0
5421.0 543.0 5.0
