rev4
7866.0 808.0 5.0
7952.0 816.0 5.0
8234.0 845.0 5.0
8506.0 867.0 5.0
8548.0 880.0 5.0
8550.0 869.0 5.0
8697.0 883.0 5.0
8748.0 892.0 5.0
8771.0 896.0 5.0
8833.0 903.0 5.0
8890.0 910.0 5.0
8897.0 908.0 5.0
9006.0 921.0 5.0
9035.0 927.0 5.0
9054.0 929.0 5.0
9074.0 928.0 5.0
9104.0 935.0 5.0
9159.0 934.0 5.0
9198.0 938.0 5.0
9227.0 949.0 5.0
9254.0 952.0 5.0
9343.0 957.0 5.0
9367.0 957.0 5.0
9379.0 961.0 5.0
9388.0 960.0 5.0
9420.0 965.0 5.0
9449.0 967.0 5.0
9525.0 977.0 5.0
9558.0 981.0 5.0
9558.0 986.0 5.0
9654.0 991.0 5.0
9761.0 1004.0 5.0
9796.0 1006.0 5.0
9821.0 1005.0 5.0
9846.0 1009.0 5.0
9943.0 1017.0 5.0
9951.0 1017.0 5.0
10054.0 1031.0 5.0
10095.0 1033.0 5.0
10162.0 1046.0 5.0
10196.0 1048.0 5.0
10232.0 1046.0 5.0
10291.0 1049.0 5.0
10323.0 1061.0 5.0
10329.0 1053.0 5.0
10352.0 1059.0 5.0
10492.0 1080.0 5.0
10514.0 1074.0 5.0
10558.0 1084.0 5.0
10579.0 1085.0 5.0
10589.0 1086.0 5.0
10596.0 1085.0 5.0
10656.0 1091.0 5.0
10662.0 1092.0 5.0
10678.0 1093.0 5.0
10847.0 1108.0 5.0
10852.0 1113.0 5.0
10864.0 1111.0 5.0
10871.0 1113.0 5.0
10875.0 1115.0 5.0
10896.0 1118.0 5.0
10919.0 1122.0 5.0
10947.0 1126.0 5.0
10955.0 1125.0 5.0
10967.0 1119.0 5.0
10970.0 1118.0 5.0
11052.0 1128.0 5.0
11062.0 1134.0 5.0
11168.0 1146.0 5.0
11270.0 1153.0 5.0
11315.0 1158.0 5.0
11330.0 1162.0 5.0
11335.0 1159.0 5.0
11337.0 1160.0 5.0
11346.0 1156.0 5.0
11390.0 1168.0 5.0
11468.0 1176.0 5.0
11488.0 1173.0 5.0
11544.0 1179.0 5.0
11558.0 1188.0 5.0
11666.0 1198.0 5.0
11721.0 1204.0 5.0
11804.0 1204.0 5.0
11805.0 1203.0 5.0
11831.0 1214.0 5.0
11869.0 1216.0 5.0
12026.0 1228.0 5.0
12197.0 1252.0 5.0
12343.0 1265.0 5.0
12379.0 1264.0 5.0
12408.0 1270.0 5.0
12412.0 1275.0 5.0
12458.0 1279.0 5.0
12603.0 1292.0 5.0
12708.0 1308.0 5.0
12744.0 1301.0 5.0
13091.0 1347.0 5.0
13522.0 1389.0 5.0
13963.0 1428.0 5.0
14368.0 1469.0 5.0
