rev2
110771.0 11078.0 5.0
111521.0 11153.0 5.0
113231.0 11324.0 5.0
113691.0 11370.0 5.0
114621.0 11463.0 5.0
114831.0 11484.0 5.0
115331.0 11534.0 5.0
115921.0 11593.0 5.0
117051.0 11706.0 5.0
117521.0 11753.0 5.0
118121.0 11813.0 5.0
118631.0 11864.0 5.0
119621.0 11963.0 5.0
119931.0 11994.0 5.0
120301.0 12031.0 5.0
120361.0 12037.0 5.0
120411.0 12042.0 5.0
120511.0 12052.0 5.0
120621.0 12063.0 5.0
120741.0 12075.0 5.0
120791.0 12080.0 5.0
120831.0 12084.0 5.0
121261.0 12127.0 5.0
122061.0 12207.0 5.0
122351.0 12236.0 5.0
122461.0 12247.0 5.0
123421.0 12343.0 5.0
123621.0 12363.0 5.0
123681.0 12369.0 5.0
123721.0 12373.0 5.0
124131.0 12414.0 5.0
124501.0 12451.0 5.0
125191.0 12520.0 5.0
125751.0 12576.0 5.0
125941.0 12595.0 5.0
126051.0 12606.0 5.0
126061.0 12607.0 5.0
126161.0 12617.0 5.0
126531.0 12654.0 5.0
126561.0 12657.0 5.0
126571.0 12658.0 5.0
126701.0 12671.0 5.0
126841.0 12685.0 5.0
126881.0 12689.0 5.0
127001.0 12701.0 5.0
127161.0 12717.0 5.0
127161.0 12717.0 5.0
127171.0 12718.0 5.0
128501.0 12851.0 5.0
128611.0 12862.0 5.0
128651.0 12866.0 5.0
129281.0 12929.0 5.0
129451.0 12946.0 5.0
129531.0 12954.0 5.0
130711.0 13072.0 5.0
130721.0 13073.0 5.0
130991.0 13100.0 5.0
131071.0 13108.0 5.0
131081.0 13109.0 5.0
131111.0 13112.0 5.0
131331.0 13134.0 5.0
132561.0 13257.0 5.0
132961.0 13297.0 5.0
134001.0 13401.0 5.0
134151.0 13416.0 5.0
134921.0 13493.0 5.0
135931.0 13594.0 5.0
136501.0 13651.0 5.0
136751.0 13676.0 5.0
137121.0 13713.0 5.0
137121.0 13713.0 5.0
137251.0 13726.0 5.0
137421.0 13743.0 5.0
137731.0 13774.0 5.0
137911.0 13792.0 5.0
138691.0 13870.0 5.0
139601.0 13961.0 5.0
140341.0 14035.0 5.0
141601.0 14161.0 5.0
141621.0 14163.0 5.0
142141.0 14215.0 5.0
144591.0 14460.0 5.0
144691.0 14470.0 5.0
145051.0 14506.0 5.0
145341.0 14535.0 5.0
145871.0 14588.0 5.0
147831.0 14784.0 5.0
149291.0 14930.0 5.0
149451.0 14946.0 5.0
150231.0 15024.0 5.0
150471.0 15048.0 5.0
157351.0 15736.0 5.0
160831.0 16084.0 5.0
163841.0 16385.0 5.0
164941.0 16495.0 5.0
168111.0 16812.0 5.0
171821.0 17183.0 5.0
174541.0 17455.0 5.0
178581.0 17859.0 5.0
180981.0 18099.0 5.0
