rev4
3170013.0 324456.0 5.0
3298771.0 337727.0 5.0
3315849.0 339421.0 5.0
3325173.0 340379.0 5.0
3325995.0 340474.0 5.0
3346454.0 342585.0 5.0
3349609.0 342923.0 5.0
3362819.0 344148.0 5.0
3370638.0 344953.0 5.0
3378883.0 345925.0 5.0
3385155.0 346549.0 5.0
3385410.0 346496.0 5.0
3413080.0 349339.0 5.0
3425284.0 350541.0 5.0
3425526.0 350686.0 5.0
3443267.0 352471.0 5.0
3446479.0 352847.0 5.0
3449022.0 353033.0 5.0
3455473.0 353706.0 5.0
3481146.0 356286.0 5.0
3492931.0 357521.0 5.0
3510074.0 359299.0 5.0
3510106.0 359296.0 5.0
3529022.0 361238.0 5.0
3529102.0 361314.0 5.0
3535865.0 362069.0 5.0
3544165.0 362818.0 5.0
3544633.0 362880.0 5.0
3545783.0 362885.0 5.0
3548406.0 363208.0 5.0
3554969.0 363888.0 5.0
3556395.0 364030.0 5.0
3558418.0 364242.0 5.0
3562033.0 364565.0 5.0
3579225.0 366307.0 5.0
3580993.0 366594.0 5.0
3582363.0 366726.0 5.0
3597012.0 368234.0 5.0
3603933.0 369011.0 5.0
3625693.0 371111.0 5.0
3626778.0 371274.0 5.0
3628277.0 371444.0 5.0
3640547.0 372706.0 5.0
3645561.0 373201.0 5.0
3660865.0 374722.0 5.0
3673858.0 375925.0 5.0
3692640.0 377974.0 5.0
3693190.0 378062.0 5.0
3695158.0 378339.0 5.0
3710146.0 379739.0 5.0
3715323.0 380371.0 5.0
3736061.0 382368.0 5.0
3737251.0 382638.0 5.0
3748673.0 383671.0 5.0
3749046.0 383886.0 5.0
3759620.0 384799.0 5.0
3761869.0 385110.0 5.0
3778978.0 386835.0 5.0
3782379.0 387152.0 5.0
3793773.0 388358.0 5.0
3794227.0 388426.0 5.0
3809850.0 389976.0 5.0
3813828.0 390366.0 5.0
3814826.0 390562.0 5.0
3817850.0 390651.0 5.0
3827496.0 391686.0 5.0
3848149.0 393904.0 5.0
3866798.0 395798.0 5.0
3867973.0 395979.0 5.0
3873137.0 396409.0 5.0
3877768.0 396929.0 5.0
3896689.0 398839.0 5.0
3911170.0 400281.0 5.0
3931079.0 402420.0 5.0
3931906.0 402478.0 5.0
3939801.0 403425.0 5.0
3940474.0 403401.0 5.0
3961240.0 405442.0 5.0
3967165.0 406129.0 5.0
3984342.0 407874.0 5.0
3991798.0 408471.0 5.0
4017616.0 411259.0 5.0
4020313.0 411608.0 5.0
4093980.0 419099.0 5.0
4102016.0 419989.0 5.0
4122558.0 422095.0 5.0
4123155.0 422088.0 5.0
4161551.0 426054.0 5.0
4183254.0 428195.0 5.0
4195177.0 429412.0 5.0
4268942.0 436975.0 5.0
4316704.0 441870.0 5.0
4346045.0 444871.0 5.0
4359071.0 446237.0 5.0
4364832.0 446802.0 5.0
4369954.0 447337.0 5.0
4570700.0 467879.0 5.0
4626407.0 473474.0 5.0
4632716.0 474220.0 5.0
5053392.0 517217.0 5.0
