rev2
1039851.0 103986.0 5.0
1041581.0 104159.0 5.0
1056401.0 105641.0 5.0
1060691.0 106070.0 5.0
1065891.0 106590.0 5.0
1067381.0 106739.0 5.0
1082941.0 108295.0 5.0
1083161.0 108317.0 5.0
1084111.0 108412.0 5.0
1088771.0 108878.0 5.0
1096971.0 109698.0 5.0
1101921.0 110193.0 5.0
1104371.0 110438.0 5.0
1109381.0 110939.0 5.0
1109831.0 110984.0 5.0
1113771.0 111378.0 5.0
1121751.0 112176.0 5.0
1121761.0 112177.0 5.0
1130511.0 113052.0 5.0
1132791.0 113280.0 5.0
1136651.0 113666.0 5.0
1138231.0 113824.0 5.0
1143141.0 114315.0 5.0
1147501.0 114751.0 5.0
1147591.0 114760.0 5.0
1148871.0 114888.0 5.0
1150521.0 115053.0 5.0
1152861.0 115287.0 5.0
1154301.0 115431.0 5.0
1156981.0 115699.0 5.0
1158761.0 115877.0 5.0
1161051.0 116106.0 5.0
1161271.0 116128.0 5.0
1162401.0 116241.0 5.0
1167281.0 116729.0 5.0
1168671.0 116868.0 5.0
1169231.0 116924.0 5.0
1169441.0 116945.0 5.0
1169941.0 116995.0 5.0
1171761.0 117177.0 5.0
1172271.0 117228.0 5.0
1173531.0 117354.0 5.0
1176341.0 117635.0 5.0
1178891.0 117890.0 5.0
1184551.0 118456.0 5.0
1189461.0 118947.0 5.0
1189571.0 118958.0 5.0
1199661.0 119967.0 5.0
1200871.0 120088.0 5.0
1201501.0 120151.0 5.0
1202751.0 120276.0 5.0
1208621.0 120863.0 5.0
1209721.0 120973.0 5.0
1210051.0 121006.0 5.0
1213651.0 121366.0 5.0
1214401.0 121441.0 5.0
1215161.0 121517.0 5.0
1215401.0 121541.0 5.0
1220911.0 122092.0 5.0
1222751.0 122276.0 5.0
1225971.0 122598.0 5.0
1228321.0 122833.0 5.0
1234471.0 123448.0 5.0
1236861.0 123687.0 5.0
1239231.0 123924.0 5.0
1240371.0 124038.0 5.0
1250111.0 125012.0 5.0
1252401.0 125241.0 5.0
1256761.0 125677.0 5.0
1256771.0 125678.0 5.0
1259121.0 125913.0 5.0
1259751.0 125976.0 5.0
1270041.0 127005.0 5.0
1271701.0 127171.0 5.0
1284691.0 128470.0 5.0
1290361.0 129037.0 5.0
1297301.0 129731.0 5.0
1297491.0 129750.0 5.0
1299981.0 129999.0 5.0
1309721.0 130973.0 5.0
1320131.0 132014.0 5.0
1321151.0 132116.0 5.0
1326361.0 132637.0 5.0
1327741.0 132775.0 5.0
1334181.0 133419.0 5.0
1337341.0 133735.0 5.0
1339691.0 133970.0 5.0
1369131.0 136914.0 5.0
1382461.0 138247.0 5.0
1382641.0 138265.0 5.0
1385601.0 138561.0 5.0
1394641.0 139465.0 5.0
1418591.0 141860.0 5.0
1437381.0 143739.0 5.0
1439271.0 143928.0 5.0
1445001.0 144501.0 5.0
1452511.0 145252.0 5.0
1465741.0 146575.0 5.0
1539431.0 153944.0 5.0
1656191.0 165620.0 5.0
