rev2
2.0090011E7 2009002.0 5.0
2.0189531E7 2018954.0 5.0
2.0286511E7 2028652.0 5.0
2.0461531E7 2046154.0 5.0
2.0541201E7 2054121.0 5.0
2.0541211E7 2054122.0 5.0
2.0644821E7 2064483.0 5.0
2.0681001E7 2068101.0 5.0
2.0694541E7 2069455.0 5.0
2.0768901E7 2076891.0 5.0
2.0887391E7 2088740.0 5.0
2.1024241E7 2102425.0 5.0
2.1159141E7 2115915.0 5.0
2.1176781E7 2117679.0 5.0
2.1261681E7 2126169.0 5.0
2.1305921E7 2130593.0 5.0
2.1406101E7 2140611.0 5.0
2.1481181E7 2148119.0 5.0
2.1500881E7 2150089.0 5.0
2.1515621E7 2151563.0 5.0
2.1556151E7 2155616.0 5.0
2.1644421E7 2164443.0 5.0
2.1654921E7 2165493.0 5.0
2.1655381E7 2165539.0 5.0
2.1669611E7 2166962.0 5.0
2.1733091E7 2173310.0 5.0
2.1770641E7 2177065.0 5.0
2.1810891E7 2181090.0 5.0
2.1855581E7 2185559.0 5.0
2.1930671E7 2193068.0 5.0
2.1972901E7 2197291.0 5.0
2.1990651E7 2199066.0 5.0
2.2002801E7 2200281.0 5.0
2.2038361E7 2203837.0 5.0
2.2049141E7 2204915.0 5.0
2.2058881E7 2205889.0 5.0
2.2194001E7 2219401.0 5.0
2.2244261E7 2224427.0 5.0
2.2278741E7 2227875.0 5.0
2.2413011E7 2241302.0 5.0
2.2436341E7 2243635.0 5.0
2.2445491E7 2244550.0 5.0
2.2491121E7 2249113.0 5.0
2.2521621E7 2252163.0 5.0
2.2563001E7 2256301.0 5.0
2.2601531E7 2260154.0 5.0
2.2609351E7 2260936.0 5.0
2.2675241E7 2267525.0 5.0
2.2708121E7 2270813.0 5.0
2.2737091E7 2273710.0 5.0
2.2784051E7 2278406.0 5.0
2.2814281E7 2281429.0 5.0
2.2828291E7 2282830.0 5.0
2.2868601E7 2286861.0 5.0
2.2894751E7 2289476.0 5.0
2.2953901E7 2295391.0 5.0
2.2971741E7 2297175.0 5.0
2.3035771E7 2303578.0 5.0
2.3074931E7 2307494.0 5.0
2.3102091E7 2310210.0 5.0
2.3164381E7 2316439.0 5.0
2.3242531E7 2324254.0 5.0
2.3265091E7 2326510.0 5.0
2.3314601E7 2331461.0 5.0
2.3314881E7 2331489.0 5.0
2.3360631E7 2336064.0 5.0
2.3465081E7 2346509.0 5.0
2.3523711E7 2352372.0 5.0
2.3622661E7 2362267.0 5.0
2.3692941E7 2369295.0 5.0
2.3700071E7 2370008.0 5.0
2.3734481E7 2373449.0 5.0
2.3878471E7 2387848.0 5.0
2.3899451E7 2389946.0 5.0
2.3925051E7 2392506.0 5.0
2.3954071E7 2395408.0 5.0
2.4005781E7 2400579.0 5.0
2.4062391E7 2406240.0 5.0
2.4120571E7 2412058.0 5.0
2.4160371E7 2416038.0 5.0
2.4298121E7 2429813.0 5.0
2.4489061E7 2448907.0 5.0
2.4498991E7 2449900.0 5.0
2.4562751E7 2456276.0 5.0
2.4585911E7 2458592.0 5.0
2.4611131E7 2461114.0 5.0
2.4854551E7 2485456.0 5.0
2.4941061E7 2494107.0 5.0
2.5082601E7 2508261.0 5.0
2.5376371E7 2537638.0 5.0
2.5498261E7 2549827.0 5.0
2.5678321E7 2567833.0 5.0
2.5850381E7 2585039.0 5.0
2.5862381E7 2586239.0 5.0
2.5968501E7 2596851.0 5.0
2.7273521E7 2727353.0 5.0
2.7704521E7 2770453.0 5.0
2.8050281E7 2805029.0 5.0
2.8101561E7 2810157.0 5.0
3.2420131E7 3242014.0 5.0
