rev4
834672.0 156266.0 3.0
868696.0 162773.0 3.0
879172.0 164827.0 3.0
884544.0 165848.0 3.0
887307.0 166150.0 3.0
892194.0 166857.0 3.0
896577.0 167830.0 3.0
896808.0 168188.0 3.0
905705.0 169575.0 3.0
905744.0 169677.0 3.0
908700.0 169996.0 3.0
922256.0 172722.0 3.0
922409.0 172958.0 3.0
931947.0 174255.0 3.0
933361.0 174763.0 3.0
934285.0 174883.0 3.0
942392.0 176575.0 3.0
944221.0 176733.0 3.0
949399.0 177999.0 3.0
950638.0 177853.0 3.0
956587.0 179028.0 3.0
958874.0 179651.0 3.0
961426.0 180104.0 3.0
962774.0 180388.0 3.0
963127.0 180380.0 3.0
965641.0 180911.0 3.0
967502.0 181180.0 3.0
967870.0 181203.0 3.0
968323.0 181363.0 3.0
970147.0 181751.0 3.0
974612.0 182459.0 3.0
976294.0 182913.0 3.0
977150.0 183004.0 3.0
978744.0 183404.0 3.0
979436.0 183444.0 3.0
979457.0 183306.0 3.0
980369.0 183587.0 3.0
980837.0 183539.0 3.0
984897.0 184508.0 3.0
985455.0 184579.0 3.0
992146.0 185890.0 3.0
992549.0 185970.0 3.0
998177.0 187015.0 3.0
1000408.0 187292.0 3.0
1001595.0 187511.0 3.0
1002558.0 187762.0 3.0
1004370.0 188046.0 3.0
1005813.0 188292.0 3.0
1006908.0 188544.0 3.0
1007851.0 188762.0 3.0
1011489.0 189468.0 3.0
1016338.0 190422.0 3.0
1017880.0 190669.0 3.0
1019697.0 190945.0 3.0
1027856.0 192600.0 3.0
1029971.0 192959.0 3.0
1033504.0 193536.0 3.0
1039885.0 194808.0 3.0
1041333.0 195009.0 3.0
1043379.0 195367.0 3.0
1046252.0 196065.0 3.0
1053726.0 197270.0 3.0
1055795.0 197710.0 3.0
1057832.0 198084.0 3.0
1058269.0 198109.0 3.0
1058608.0 198301.0 3.0
1063628.0 199100.0 3.0
1069394.0 200320.0 3.0
1070093.0 200379.0 3.0
1070576.0 200431.0 3.0
1075415.0 201375.0 3.0
1085523.0 203377.0 3.0
1086942.0 203592.0 3.0
1094156.0 204990.0 3.0
1098912.0 205764.0 3.0
1100052.0 206021.0 3.0
1101523.0 206203.0 3.0
1105827.0 207098.0 3.0
1106445.0 207150.0 3.0
1107726.0 207436.0 3.0
1115112.0 208793.0 3.0
1121657.0 210056.0 3.0
1131678.0 211796.0 3.0
1138196.0 213098.0 3.0
1139635.0 213478.0 3.0
1140101.0 213474.0 3.0
1146413.0 214687.0 3.0
1149259.0 215359.0 3.0
1153806.0 216068.0 3.0
1156695.0 216532.0 3.0
1160462.0 217281.0 3.0
1178656.0 220498.0 3.0
1205772.0 225710.0 3.0
1206101.0 225872.0 3.0
1206571.0 225997.0 3.0
1228807.0 230008.0 3.0
1255602.0 235137.0 3.0
1263191.0 236444.0 3.0
1266917.0 237387.0 3.0
1346754.0 252313.0 3.0
