rev4
15454.0 2898.0 3.0
15753.0 2943.0 3.0
17018.0 3198.0 3.0
17136.0 3220.0 3.0
17199.0 3240.0 3.0
17450.0 3270.0 3.0
18144.0 3398.0 3.0
18254.0 3420.0 3.0
18593.0 3496.0 3.0
18656.0 3487.0 3.0
18678.0 3496.0 3.0
18690.0 3497.0 3.0
18902.0 3536.0 3.0
18947.0 3551.0 3.0
19369.0 3637.0 3.0
19374.0 3622.0 3.0
19376.0 3641.0 3.0
19488.0 3648.0 3.0
19495.0 3643.0 3.0
19498.0 3654.0 3.0
19627.0 3684.0 3.0
19632.0 3667.0 3.0
19710.0 3672.0 3.0
19719.0 3680.0 3.0
19847.0 3719.0 3.0
19969.0 3720.0 3.0
20066.0 3773.0 3.0
20337.0 3826.0 3.0
20443.0 3837.0 3.0
20658.0 3854.0 3.0
20715.0 3885.0 3.0
20983.0 3924.0 3.0
21025.0 3927.0 3.0
21073.0 3961.0 3.0
21182.0 3976.0 3.0
21269.0 3978.0 3.0
21408.0 4015.0 3.0
21453.0 4047.0 3.0
21461.0 4004.0 3.0
21500.0 4050.0 3.0
21569.0 4040.0 3.0
21577.0 4041.0 3.0
21741.0 4078.0 3.0
21785.0 4071.0 3.0
21789.0 4083.0 3.0
21912.0 4131.0 3.0
22000.0 4102.0 3.0
22075.0 4138.0 3.0
22103.0 4145.0 3.0
22137.0 4142.0 3.0
22258.0 4169.0 3.0
22342.0 4162.0 3.0
22522.0 4221.0 3.0
22796.0 4286.0 3.0
22936.0 4296.0 3.0
22997.0 4321.0 3.0
23038.0 4317.0 3.0
23088.0 4351.0 3.0
23099.0 4323.0 3.0
23153.0 4317.0 3.0
23306.0 4370.0 3.0
23343.0 4357.0 3.0
23413.0 4380.0 3.0
23638.0 4431.0 3.0
23855.0 4486.0 3.0
24018.0 4514.0 3.0
24034.0 4483.0 3.0
24110.0 4516.0 3.0
24244.0 4532.0 3.0
24252.0 4540.0 3.0
24301.0 4531.0 3.0
24310.0 4561.0 3.0
24519.0 4582.0 3.0
24592.0 4636.0 3.0
24816.0 4636.0 3.0
24846.0 4670.0 3.0
25290.0 4755.0 3.0
25542.0 4773.0 3.0
25561.0 4811.0 3.0
25776.0 4813.0 3.0
26207.0 4904.0 3.0
26368.0 4954.0 3.0
26418.0 4954.0 3.0
26511.0 4965.0 3.0
26524.0 4939.0 3.0
26529.0 4965.0 3.0
26728.0 5023.0 3.0
27060.0 5068.0 3.0
27101.0 5081.0 3.0
27255.0 5112.0 3.0
27377.0 5146.0 3.0
27378.0 5123.0 3.0
28272.0 5328.0 3.0
28287.0 5308.0 3.0
28642.0 5360.0 3.0
29652.0 5558.0 3.0
30982.0 5773.0 3.0
32697.0 6113.0 3.0
33036.0 6216.0 3.0
34184.0 6436.0 3.0
