rev4
1794886.0 336079.0 3.0
1820819.0 340737.0 3.0
1830174.0 342588.0 3.0
1862414.0 348892.0 3.0
1868466.0 349962.0 3.0
1897270.0 355456.0 3.0
1900301.0 356025.0 3.0
1901003.0 356056.0 3.0
1909432.0 357398.0 3.0
1914192.0 358651.0 3.0
1915793.0 358749.0 3.0
1943952.0 363935.0 3.0
1950053.0 365251.0 3.0
1950670.0 365121.0 3.0
1961750.0 367074.0 3.0
1982895.0 371195.0 3.0
1995645.0 373607.0 3.0
1998262.0 374265.0 3.0
2004785.0 375263.0 3.0
2004929.0 375420.0 3.0
2006917.0 375812.0 3.0
2023062.0 378920.0 3.0
2023988.0 378992.0 3.0
2027009.0 379663.0 3.0
2040879.0 382144.0 3.0
2052091.0 384427.0 3.0
2052154.0 384439.0 3.0
2061070.0 386225.0 3.0
2063762.0 386576.0 3.0
2064282.0 386715.0 3.0
2067673.0 387256.0 3.0
2083754.0 390360.0 3.0
2085232.0 390498.0 3.0
2093398.0 392084.0 3.0
2093621.0 392025.0 3.0
2096932.0 392536.0 3.0
2097997.0 392982.0 3.0
2099538.0 393135.0 3.0
2100111.0 393421.0 3.0
2104201.0 394005.0 3.0
2104570.0 394331.0 3.0
2122401.0 397321.0 3.0
2132697.0 399343.0 3.0
2134875.0 399675.0 3.0
2147459.0 402220.0 3.0
2156615.0 403848.0 3.0
2167748.0 406021.0 3.0
2168821.0 406214.0 3.0
2171742.0 406795.0 3.0
2176192.0 407850.0 3.0
2181587.0 408519.0 3.0
2186319.0 409442.0 3.0
2193850.0 410959.0 3.0
2201490.0 412264.0 3.0
2210636.0 413911.0 3.0
2217788.0 415315.0 3.0
2219706.0 415512.0 3.0
2220327.0 415740.0 3.0
2227639.0 417223.0 3.0
2237921.0 419135.0 3.0
2242998.0 420103.0 3.0
2243468.0 420067.0 3.0
2251478.0 421691.0 3.0
2251484.0 421870.0 3.0
2263791.0 424054.0 3.0
2283145.0 427768.0 3.0
2284777.0 427967.0 3.0
2286139.0 428034.0 3.0
2286164.0 428056.0 3.0
2286343.0 427967.0 3.0
2299457.0 430552.0 3.0
2313379.0 433015.0 3.0
2314456.0 433472.0 3.0
2319090.0 434378.0 3.0
2325059.0 435537.0 3.0
2335402.0 437236.0 3.0
2337651.0 437757.0 3.0
2338599.0 437994.0 3.0
2341622.0 438701.0 3.0
2353112.0 440613.0 3.0
2357900.0 441582.0 3.0
2362017.0 442314.0 3.0
2371810.0 444100.0 3.0
2378085.0 445242.0 3.0
2407623.0 451095.0 3.0
2424745.0 454206.0 3.0
2451272.0 459174.0 3.0
2461526.0 460996.0 3.0
2476507.0 463576.0 3.0
2503488.0 468915.0 3.0
2507211.0 469562.0 3.0
2510577.0 470097.0 3.0
2512909.0 470506.0 3.0
2525344.0 472666.0 3.0
2564968.0 480294.0 3.0
2574843.0 482451.0 3.0
2600676.0 486829.0 3.0
2635017.0 493658.0 3.0
2745543.0 514322.0 3.0
2784395.0 521332.0 3.0
