rev4
74211.0 13842.0 3.0
80728.0 15135.0 3.0
81968.0 15316.0 3.0
83763.0 15693.0 3.0
84235.0 15808.0 3.0
84315.0 15760.0 3.0
85437.0 16039.0 3.0
86431.0 16226.0 3.0
86523.0 16225.0 3.0
86628.0 16222.0 3.0
86648.0 16230.0 3.0
87652.0 16433.0 3.0
90162.0 16878.0 3.0
90551.0 16917.0 3.0
90795.0 16991.0 3.0
91050.0 17043.0 3.0
91547.0 17120.0 3.0
92576.0 17336.0 3.0
92845.0 17443.0 3.0
93137.0 17456.0 3.0
93177.0 17462.0 3.0
93885.0 17548.0 3.0
93932.0 17635.0 3.0
94074.0 17612.0 3.0
94169.0 17567.0 3.0
94223.0 17637.0 3.0
94293.0 17674.0 3.0
94748.0 17718.0 3.0
95875.0 18001.0 3.0
96028.0 17981.0 3.0
97082.0 18164.0 3.0
97377.0 18249.0 3.0
97473.0 18205.0 3.0
98113.0 18418.0 3.0
98240.0 18420.0 3.0
98552.0 18449.0 3.0
99346.0 18627.0 3.0
99511.0 18638.0 3.0
99610.0 18643.0 3.0
100119.0 18710.0 3.0
100203.0 18760.0 3.0
100243.0 18745.0 3.0
100520.0 18810.0 3.0
101031.0 18898.0 3.0
101280.0 18962.0 3.0
101594.0 19046.0 3.0
102096.0 19159.0 3.0
102102.0 19155.0 3.0
102577.0 19247.0 3.0
103023.0 19285.0 3.0
103146.0 19299.0 3.0
103183.0 19297.0 3.0
103670.0 19435.0 3.0
103772.0 19435.0 3.0
103906.0 19471.0 3.0
103914.0 19432.0 3.0
104269.0 19542.0 3.0
104698.0 19618.0 3.0
104771.0 19590.0 3.0
105114.0 19691.0 3.0
105680.0 19781.0 3.0
105774.0 19819.0 3.0
106021.0 19847.0 3.0
106395.0 19929.0 3.0
106395.0 19994.0 3.0
107417.0 20121.0 3.0
107905.0 20193.0 3.0
108002.0 20207.0 3.0
108080.0 20251.0 3.0
108134.0 20228.0 3.0
109273.0 20416.0 3.0
109503.0 20555.0 3.0
109624.0 20502.0 3.0
110073.0 20579.0 3.0
110412.0 20666.0 3.0
111150.0 20851.0 3.0
111688.0 20942.0 3.0
111815.0 20945.0 3.0
112063.0 20960.0 3.0
112351.0 21022.0 3.0
112964.0 21187.0 3.0
113515.0 21324.0 3.0
114589.0 21444.0 3.0
114773.0 21506.0 3.0
115528.0 21612.0 3.0
117387.0 21978.0 3.0
118458.0 22246.0 3.0
118785.0 22256.0 3.0
119503.0 22379.0 3.0
120801.0 22598.0 3.0
123323.0 23091.0 3.0
129291.0 24236.0 3.0
130400.0 24516.0 3.0
131802.0 24673.0 3.0
132126.0 24778.0 3.0
132354.0 24729.0 3.0
133618.0 24992.0 3.0
137115.0 25691.0 3.0
150290.0 28089.0 3.0
154632.0 28927.0 3.0
