rev4
3069.0 575.0 3.0
3303.0 619.0 3.0
3450.0 639.0 3.0
3494.0 658.0 3.0
3599.0 673.0 3.0
3610.0 676.0 3.0
3638.0 680.0 3.0
3663.0 684.0 3.0
3766.0 704.0 3.0
3805.0 711.0 3.0
3818.0 717.0 3.0
3840.0 730.0 3.0
3919.0 745.0 3.0
3931.0 734.0 3.0
3966.0 739.0 3.0
3968.0 743.0 3.0
3984.0 750.0 3.0
3988.0 750.0 3.0
3995.0 749.0 3.0
3998.0 743.0 3.0
4005.0 745.0 3.0
4006.0 747.0 3.0
4007.0 747.0 3.0
4034.0 754.0 3.0
4037.0 762.0 3.0
4043.0 749.0 3.0
4072.0 768.0 3.0
4078.0 761.0 3.0
4090.0 768.0 3.0
4098.0 767.0 3.0
4100.0 769.0 3.0
4102.0 755.0 3.0
4104.0 766.0 3.0
4125.0 770.0 3.0
4152.0 784.0 3.0
4154.0 779.0 3.0
4168.0 782.0 3.0
4203.0 790.0 3.0
4213.0 780.0 3.0
4255.0 794.0 3.0
4288.0 800.0 3.0
4309.0 805.0 3.0
4345.0 808.0 3.0
4365.0 817.0 3.0
4384.0 816.0 3.0
4387.0 817.0 3.0
4400.0 832.0 3.0
4415.0 832.0 3.0
4420.0 829.0 3.0
4440.0 830.0 3.0
4459.0 833.0 3.0
4475.0 842.0 3.0
4478.0 842.0 3.0
4480.0 840.0 3.0
4482.0 839.0 3.0
4571.0 865.0 3.0
4582.0 863.0 3.0
4587.0 854.0 3.0
4633.0 866.0 3.0
4675.0 882.0 3.0
4691.0 879.0 3.0
4755.0 900.0 3.0
4844.0 920.0 3.0
4882.0 918.0 3.0
4904.0 920.0 3.0
4914.0 926.0 3.0
4993.0 938.0 3.0
5009.0 934.0 3.0
5018.0 952.0 3.0
5027.0 944.0 3.0
5036.0 944.0 3.0
5045.0 937.0 3.0
5098.0 957.0 3.0
5114.0 963.0 3.0
5162.0 970.0 3.0
5231.0 985.0 3.0
5263.0 991.0 3.0
5292.0 989.0 3.0
5313.0 993.0 3.0
5407.0 1020.0 3.0
5430.0 1011.0 3.0
5469.0 1024.0 3.0
5497.0 1029.0 3.0
5632.0 1060.0 3.0
5701.0 1066.0 3.0
5809.0 1093.0 3.0
5891.0 1108.0 3.0
5985.0 1118.0 3.0
6089.0 1138.0 3.0
6096.0 1142.0 3.0
6317.0 1196.0 3.0
6468.0 1208.0 3.0
6516.0 1222.0 3.0
6567.0 1244.0 3.0
6807.0 1278.0 3.0
6816.0 1275.0 3.0
6922.0 1287.0 3.0
7120.0 1320.0 3.0
9099.0 1706.0 3.0
9436.0 1776.0 3.0
