rev4
234.0 43.0 3.0
235.0 48.0 3.0
237.0 46.0 3.0
239.0 45.0 3.0
245.0 45.0 3.0
253.0 49.0 3.0
254.0 52.0 3.0
265.0 50.0 3.0
271.0 51.0 3.0
272.0 52.0 3.0
276.0 52.0 3.0
276.0 53.0 3.0
282.0 53.0 3.0
286.0 55.0 3.0
289.0 58.0 3.0
298.0 57.0 3.0
303.0 57.0 3.0
306.0 59.0 3.0
308.0 58.0 3.0
308.0 61.0 3.0
316.0 61.0 3.0
316.0 64.0 3.0
317.0 60.0 3.0
322.0 61.0 3.0
324.0 59.0 3.0
327.0 66.0 3.0
328.0 62.0 3.0
340.0 61.0 3.0
345.0 65.0 3.0
347.0 66.0 3.0
350.0 66.0 3.0
350.0 68.0 3.0
359.0 67.0 3.0
359.0 69.0 3.0
359.0 68.0 3.0
362.0 68.0 3.0
362.0 70.0 3.0
368.0 74.0 3.0
369.0 69.0 3.0
370.0 70.0 3.0
371.0 74.0 3.0
374.0 69.0 3.0
374.0 72.0 3.0
375.0 72.0 3.0
379.0 72.0 3.0
382.0 71.0 3.0
383.0 72.0 3.0
383.0 72.0 3.0
386.0 75.0 3.0
390.0 73.0 3.0
393.0 75.0 3.0
395.0 74.0 3.0
395.0 71.0 3.0
399.0 72.0 3.0
400.0 73.0 3.0
401.0 73.0 3.0
403.0 74.0 3.0
406.0 73.0 3.0
411.0 79.0 3.0
416.0 76.0 3.0
416.0 80.0 3.0
417.0 81.0 3.0
418.0 77.0 3.0
429.0 81.0 3.0
429.0 79.0 3.0
432.0 79.0 3.0
434.0 86.0 3.0
437.0 83.0 3.0
439.0 82.0 3.0
441.0 83.0 3.0
459.0 84.0 3.0
460.0 86.0 3.0
464.0 86.0 3.0
466.0 90.0 3.0
474.0 93.0 3.0
476.0 90.0 3.0
479.0 92.0 3.0
483.0 88.0 3.0
484.0 89.0 3.0
486.0 87.0 3.0
490.0 91.0 3.0
491.0 90.0 3.0
494.0 97.0 3.0
497.0 94.0 3.0
499.0 93.0 3.0
501.0 96.0 3.0
501.0 92.0 3.0
522.0 97.0 3.0
527.0 99.0 3.0
530.0 103.0 3.0
539.0 101.0 3.0
549.0 105.0 3.0
559.0 105.0 3.0
565.0 108.0 3.0
610.0 117.0 3.0
623.0 118.0 3.0
635.0 120.0 3.0
669.0 123.0 3.0
763.0 147.0 3.0
769.0 147.0 3.0
