rev4
79.0 15.0 3.0
83.0 16.0 3.0
84.0 18.0 3.0
85.0 18.0 3.0
89.0 18.0 3.0
92.0 18.0 3.0
93.0 18.0 3.0
96.0 18.0 3.0
96.0 19.0 3.0
99.0 19.0 3.0
100.0 20.0 3.0
107.0 22.0 3.0
108.0 22.0 3.0
110.0 21.0 3.0
113.0 21.0 3.0
115.0 21.0 3.0
121.0 23.0 3.0
123.0 23.0 3.0
126.0 24.0 3.0
126.0 24.0 3.0
129.0 25.0 3.0
129.0 24.0 3.0
131.0 24.0 3.0
132.0 25.0 3.0
134.0 25.0 3.0
134.0 27.0 3.0
138.0 26.0 3.0
141.0 28.0 3.0
142.0 26.0 3.0
144.0 28.0 3.0
148.0 28.0 3.0
149.0 29.0 3.0
151.0 30.0 3.0
151.0 30.0 3.0
152.0 28.0 3.0
152.0 29.0 3.0
153.0 32.0 3.0
153.0 30.0 3.0
155.0 28.0 3.0
157.0 30.0 3.0
157.0 30.0 3.0
158.0 30.0 3.0
158.0 29.0 3.0
159.0 31.0 3.0
159.0 30.0 3.0
160.0 29.0 3.0
161.0 31.0 3.0
162.0 31.0 3.0
162.0 31.0 3.0
164.0 32.0 3.0
165.0 30.0 3.0
165.0 31.0 3.0
165.0 31.0 3.0
167.0 32.0 3.0
170.0 31.0 3.0
171.0 32.0 3.0
172.0 31.0 3.0
174.0 34.0 3.0
174.0 32.0 3.0
175.0 34.0 3.0
178.0 33.0 3.0
178.0 33.0 3.0
180.0 34.0 3.0
186.0 37.0 3.0
188.0 38.0 3.0
191.0 37.0 3.0
191.0 37.0 3.0
192.0 36.0 3.0
193.0 35.0 3.0
193.0 36.0 3.0
194.0 35.0 3.0
195.0 37.0 3.0
199.0 36.0 3.0
200.0 38.0 3.0
202.0 38.0 3.0
203.0 39.0 3.0
204.0 39.0 3.0
208.0 38.0 3.0
208.0 41.0 3.0
213.0 39.0 3.0
213.0 42.0 3.0
214.0 41.0 3.0
221.0 43.0 3.0
223.0 41.0 3.0
223.0 45.0 3.0
224.0 42.0 3.0
227.0 43.0 3.0
227.0 44.0 3.0
234.0 42.0 3.0
236.0 46.0 3.0
236.0 45.0 3.0
257.0 49.0 3.0
257.0 47.0 3.0
260.0 49.0 3.0
261.0 49.0 3.0
287.0 56.0 3.0
291.0 55.0 3.0
311.0 60.0 3.0
354.0 66.0 3.0
475.0 87.0 3.0
