rev4
178921.0 33500.0 3.0
184164.0 34517.0 3.0
189866.0 35591.0 3.0
190107.0 35514.0 3.0
190553.0 35719.0 3.0
190664.0 35709.0 3.0
192047.0 35926.0 3.0
192502.0 36010.0 3.0
193694.0 36394.0 3.0
195670.0 36661.0 3.0
195698.0 36673.0 3.0
196318.0 36759.0 3.0
196951.0 36908.0 3.0
197720.0 37029.0 3.0
198229.0 37143.0 3.0
198968.0 37228.0 3.0
199867.0 37434.0 3.0
200481.0 37560.0 3.0
202473.0 37912.0 3.0
202919.0 38006.0 3.0
203389.0 38059.0 3.0
203721.0 38109.0 3.0
203780.0 38126.0 3.0
203821.0 38169.0 3.0
205616.0 38526.0 3.0
207167.0 38719.0 3.0
207543.0 38824.0 3.0
208069.0 38939.0 3.0
208747.0 39070.0 3.0
209502.0 39163.0 3.0
210397.0 39448.0 3.0
210709.0 39421.0 3.0
211327.0 39557.0 3.0
211672.0 39556.0 3.0
214290.0 40119.0 3.0
214576.0 40124.0 3.0
214903.0 40319.0 3.0
215517.0 40380.0 3.0
215611.0 40373.0 3.0
215754.0 40512.0 3.0
216302.0 40474.0 3.0
216723.0 40575.0 3.0
217776.0 40807.0 3.0
217998.0 40822.0 3.0
218133.0 40785.0 3.0
219363.0 41170.0 3.0
219403.0 41102.0 3.0
220545.0 41355.0 3.0
220746.0 41340.0 3.0
221618.0 41474.0 3.0
223274.0 41845.0 3.0
223545.0 41821.0 3.0
223739.0 41920.0 3.0
223848.0 41925.0 3.0
224428.0 41941.0 3.0
224512.0 42061.0 3.0
224570.0 42015.0 3.0
224728.0 42087.0 3.0
226385.0 42496.0 3.0
226905.0 42455.0 3.0
227906.0 42668.0 3.0
228184.0 42690.0 3.0
228625.0 42835.0 3.0
229466.0 42995.0 3.0
229471.0 43004.0 3.0
229746.0 43083.0 3.0
229785.0 43049.0 3.0
231536.0 43298.0 3.0
232366.0 43522.0 3.0
232664.0 43522.0 3.0
233130.0 43660.0 3.0
234477.0 43886.0 3.0
235470.0 44098.0 3.0
235742.0 44115.0 3.0
237279.0 44396.0 3.0
237789.0 44536.0 3.0
239786.0 44907.0 3.0
240492.0 44999.0 3.0
240830.0 45159.0 3.0
242053.0 45331.0 3.0
245212.0 45909.0 3.0
246850.0 46255.0 3.0
247202.0 46343.0 3.0
247370.0 46286.0 3.0
247487.0 46371.0 3.0
249573.0 46683.0 3.0
251253.0 46969.0 3.0
252628.0 47246.0 3.0
254672.0 47710.0 3.0
255168.0 47833.0 3.0
256310.0 48105.0 3.0
259162.0 48482.0 3.0
262061.0 49064.0 3.0
264392.0 49561.0 3.0
276896.0 51796.0 3.0
279294.0 52223.0 3.0
280662.0 52503.0 3.0
288247.0 53983.0 3.0
289057.0 54205.0 3.0
295201.0 55190.0 3.0
