rev4
29.0 6.0 3.0
30.0 6.0 3.0
31.0 7.0 3.0
37.0 7.0 3.0
37.0 7.0 3.0
37.0 7.0 3.0
37.0 8.0 3.0
38.0 8.0 3.0
38.0 9.0 3.0
39.0 8.0 3.0
40.0 8.0 3.0
41.0 9.0 3.0
43.0 9.0 3.0
43.0 9.0 3.0
43.0 9.0 3.0
44.0 9.0 3.0
44.0 9.0 3.0
45.0 10.0 3.0
45.0 9.0 3.0
46.0 9.0 3.0
49.0 9.0 3.0
50.0 10.0 3.0
50.0 10.0 3.0
52.0 10.0 3.0
52.0 11.0 3.0
52.0 10.0 3.0
52.0 10.0 3.0
53.0 11.0 3.0
53.0 10.0 3.0
53.0 11.0 3.0
54.0 11.0 3.0
54.0 11.0 3.0
55.0 11.0 3.0
55.0 10.0 3.0
55.0 10.0 3.0
56.0 12.0 3.0
56.0 11.0 3.0
57.0 11.0 3.0
57.0 12.0 3.0
58.0 12.0 3.0
59.0 13.0 3.0
61.0 13.0 3.0
62.0 13.0 3.0
64.0 13.0 3.0
65.0 13.0 3.0
65.0 12.0 3.0
66.0 13.0 3.0
66.0 13.0 3.0
67.0 13.0 3.0
68.0 14.0 3.0
68.0 14.0 3.0
69.0 13.0 3.0
69.0 14.0 3.0
70.0 14.0 3.0
70.0 13.0 3.0
70.0 15.0 3.0
70.0 13.0 3.0
71.0 14.0 3.0
71.0 14.0 3.0
71.0 14.0 3.0
73.0 14.0 3.0
73.0 13.0 3.0
74.0 15.0 3.0
75.0 14.0 3.0
77.0 15.0 3.0
79.0 16.0 3.0
79.0 15.0 3.0
79.0 15.0 3.0
79.0 16.0 3.0
80.0 17.0 3.0
80.0 16.0 3.0
82.0 16.0 3.0
83.0 16.0 3.0
85.0 17.0 3.0
87.0 16.0 3.0
87.0 16.0 3.0
89.0 17.0 3.0
90.0 17.0 3.0
90.0 17.0 3.0
96.0 19.0 3.0
98.0 18.0 3.0
98.0 18.0 3.0
99.0 19.0 3.0
103.0 21.0 3.0
103.0 22.0 3.0
104.0 22.0 3.0
104.0 21.0 3.0
105.0 21.0 3.0
106.0 19.0 3.0
106.0 21.0 3.0
107.0 20.0 3.0
108.0 20.0 3.0
110.0 21.0 3.0
113.0 23.0 3.0
115.0 23.0 3.0
117.0 22.0 3.0
117.0 21.0 3.0
123.0 22.0 3.0
138.0 27.0 3.0
239.0 45.0 3.0
