rev4
676.0 127.0 3.0
688.0 129.0 3.0
744.0 136.0 3.0
761.0 145.0 3.0
761.0 144.0 3.0
768.0 146.0 3.0
774.0 145.0 3.0
777.0 144.0 3.0
788.0 147.0 3.0
793.0 149.0 3.0
810.0 154.0 3.0
826.0 152.0 3.0
854.0 159.0 3.0
858.0 162.0 3.0
861.0 163.0 3.0
861.0 159.0 3.0
871.0 164.0 3.0
873.0 163.0 3.0
883.0 166.0 3.0
885.0 165.0 3.0
887.0 174.0 3.0
896.0 169.0 3.0
903.0 168.0 3.0
917.0 172.0 3.0
919.0 172.0 3.0
921.0 173.0 3.0
940.0 173.0 3.0
945.0 174.0 3.0
952.0 174.0 3.0
970.0 181.0 3.0
973.0 182.0 3.0
979.0 182.0 3.0
991.0 187.0 3.0
1000.0 183.0 3.0
1006.0 191.0 3.0
1018.0 185.0 3.0
1027.0 193.0 3.0
1038.0 194.0 3.0
1041.0 195.0 3.0
1044.0 195.0 3.0
1057.0 202.0 3.0
1076.0 204.0 3.0
1079.0 200.0 3.0
1083.0 206.0 3.0
1091.0 207.0 3.0
1105.0 206.0 3.0
1108.0 204.0 3.0
1114.0 209.0 3.0
1115.0 208.0 3.0
1124.0 207.0 3.0
1126.0 210.0 3.0
1127.0 213.0 3.0
1131.0 213.0 3.0
1136.0 217.0 3.0
1151.0 215.0 3.0
1156.0 221.0 3.0
1161.0 219.0 3.0
1161.0 217.0 3.0
1168.0 222.0 3.0
1168.0 222.0 3.0
1168.0 224.0 3.0
1173.0 221.0 3.0
1185.0 224.0 3.0
1185.0 230.0 3.0
1196.0 225.0 3.0
1197.0 222.0 3.0
1210.0 227.0 3.0
1217.0 229.0 3.0
1221.0 235.0 3.0
1223.0 228.0 3.0
1231.0 234.0 3.0
1239.0 234.0 3.0
1268.0 242.0 3.0
1282.0 238.0 3.0
1292.0 242.0 3.0
1345.0 250.0 3.0
1353.0 247.0 3.0
1370.0 251.0 3.0
1374.0 254.0 3.0
1388.0 262.0 3.0
1397.0 263.0 3.0
1405.0 261.0 3.0
1406.0 260.0 3.0
1419.0 265.0 3.0
1425.0 268.0 3.0
1442.0 269.0 3.0
1487.0 280.0 3.0
1551.0 290.0 3.0
1569.0 299.0 3.0
1597.0 291.0 3.0
1627.0 309.0 3.0
1627.0 308.0 3.0
1653.0 308.0 3.0
1661.0 317.0 3.0
1689.0 317.0 3.0
1704.0 317.0 3.0
1725.0 320.0 3.0
1813.0 335.0 3.0
1952.0 360.0 3.0
2145.0 401.0 3.0
