rev4
40177.0 7576.0 3.0
40742.0 7648.0 3.0
41046.0 7706.0 3.0
41237.0 7680.0 3.0
41897.0 7867.0 3.0
42324.0 7910.0 3.0
42996.0 8033.0 3.0
43064.0 8075.0 3.0
43128.0 8083.0 3.0
43342.0 8103.0 3.0
43510.0 8121.0 3.0
43535.0 8143.0 3.0
43606.0 8186.0 3.0
43671.0 8189.0 3.0
44533.0 8325.0 3.0
44924.0 8421.0 3.0
44975.0 8464.0 3.0
45169.0 8441.0 3.0
45240.0 8487.0 3.0
45527.0 8547.0 3.0
45596.0 8534.0 3.0
46110.0 8639.0 3.0
46138.0 8628.0 3.0
46201.0 8653.0 3.0
46208.0 8629.0 3.0
46331.0 8652.0 3.0
46358.0 8682.0 3.0
46813.0 8745.0 3.0
47054.0 8807.0 3.0
47078.0 8804.0 3.0
47164.0 8877.0 3.0
47325.0 8863.0 3.0
47489.0 8874.0 3.0
47603.0 8905.0 3.0
47697.0 8942.0 3.0
47971.0 8973.0 3.0
48252.0 9022.0 3.0
48274.0 9062.0 3.0
48343.0 9080.0 3.0
48356.0 9065.0 3.0
48499.0 9126.0 3.0
48889.0 9143.0 3.0
48907.0 9211.0 3.0
49122.0 9217.0 3.0
49152.0 9244.0 3.0
49673.0 9335.0 3.0
49796.0 9304.0 3.0
50107.0 9362.0 3.0
50115.0 9391.0 3.0
51059.0 9528.0 3.0
51174.0 9598.0 3.0
51379.0 9610.0 3.0
51440.0 9619.0 3.0
51495.0 9654.0 3.0
51779.0 9711.0 3.0
51924.0 9713.0 3.0
52086.0 9738.0 3.0
52156.0 9759.0 3.0
52186.0 9796.0 3.0
52552.0 9818.0 3.0
52577.0 9847.0 3.0
53214.0 9960.0 3.0
53243.0 10024.0 3.0
53778.0 10099.0 3.0
53835.0 10101.0 3.0
54072.0 10108.0 3.0
54253.0 10209.0 3.0
54374.0 10200.0 3.0
54389.0 10201.0 3.0
54792.0 10278.0 3.0
54798.0 10268.0 3.0
54938.0 10304.0 3.0
55363.0 10368.0 3.0
55458.0 10380.0 3.0
55472.0 10401.0 3.0
55694.0 10409.0 3.0
55722.0 10395.0 3.0
56037.0 10514.0 3.0
56668.0 10656.0 3.0
57218.0 10727.0 3.0
57457.0 10737.0 3.0
57476.0 10745.0 3.0
57822.0 10878.0 3.0
58004.0 10845.0 3.0
58338.0 10885.0 3.0
58747.0 10994.0 3.0
58943.0 11015.0 3.0
59167.0 11075.0 3.0
59894.0 11253.0 3.0
60038.0 11224.0 3.0
60996.0 11400.0 3.0
63054.0 11815.0 3.0
63076.0 11812.0 3.0
64102.0 12026.0 3.0
64605.0 12090.0 3.0
64876.0 12118.0 3.0
67671.0 12692.0 3.0
69745.0 13100.0 3.0
76239.0 14293.0 3.0
76647.0 14364.0 3.0
