rev4
849683.0 159079.0 3.0
871900.0 163245.0 3.0
877518.0 164181.0 3.0
884890.0 165690.0 3.0
886552.0 166031.0 3.0
888338.0 166410.0 3.0
889518.0 166584.0 3.0
909243.0 170354.0 3.0
911009.0 170535.0 3.0
914552.0 171165.0 3.0
915199.0 171259.0 3.0
917237.0 171780.0 3.0
934239.0 175023.0 3.0
938598.0 175780.0 3.0
938698.0 175644.0 3.0
941919.0 176382.0 3.0
944649.0 176952.0 3.0
944958.0 177033.0 3.0
945929.0 177179.0 3.0
946828.0 177176.0 3.0
946956.0 177294.0 3.0
948142.0 177623.0 3.0
949661.0 177793.0 3.0
953868.0 178651.0 3.0
960115.0 179919.0 3.0
961184.0 179924.0 3.0
963718.0 180371.0 3.0
966584.0 181220.0 3.0
973829.0 182363.0 3.0
974802.0 182587.0 3.0
974944.0 182627.0 3.0
975397.0 182608.0 3.0
976179.0 182765.0 3.0
985940.0 184588.0 3.0
991032.0 185467.0 3.0
994996.0 186337.0 3.0
996490.0 186651.0 3.0
997660.0 186897.0 3.0
997780.0 186873.0 3.0
999255.0 186975.0 3.0
1000187.0 187227.0 3.0
1000946.0 187470.0 3.0
1003752.0 188169.0 3.0
1009177.0 189007.0 3.0
1013536.0 189814.0 3.0
1015118.0 189997.0 3.0
1015843.0 190180.0 3.0
1020552.0 191170.0 3.0
1022204.0 191487.0 3.0
1022494.0 191639.0 3.0
1025104.0 192010.0 3.0
1031826.0 193332.0 3.0
1038641.0 194495.0 3.0
1038872.0 194607.0 3.0
1039862.0 194886.0 3.0
1044246.0 195572.0 3.0
1046356.0 195954.0 3.0
1049482.0 196532.0 3.0
1051328.0 196929.0 3.0
1055152.0 197539.0 3.0
1058725.0 198392.0 3.0
1058893.0 198189.0 3.0
1065218.0 199426.0 3.0
1067094.0 199849.0 3.0
1075723.0 201247.0 3.0
1081972.0 202516.0 3.0
1087335.0 203718.0 3.0
1087507.0 203792.0 3.0
1094670.0 205024.0 3.0
1096238.0 205465.0 3.0
1105147.0 207179.0 3.0
1107039.0 207201.0 3.0
1111811.0 208259.0 3.0
1117627.0 209297.0 3.0
1120476.0 209881.0 3.0
1122166.0 210172.0 3.0
1131019.0 211876.0 3.0
1136384.0 212859.0 3.0
1157787.0 216850.0 3.0
1162244.0 217702.0 3.0
1167057.0 218438.0 3.0
1170801.0 219243.0 3.0
1173969.0 220080.0 3.0
1176981.0 220389.0 3.0
1179047.0 220563.0 3.0
1192619.0 223507.0 3.0
1193347.0 223472.0 3.0
1200749.0 224932.0 3.0
1202053.0 225007.0 3.0
1207093.0 226178.0 3.0
1232121.0 230905.0 3.0
1232700.0 230699.0 3.0
1253537.0 234831.0 3.0
1256556.0 235108.0 3.0
1265569.0 237240.0 3.0
1276034.0 238860.0 3.0
1279872.0 239647.0 3.0
1370114.0 256723.0 3.0
1370925.0 256789.0 3.0
1450951.0 271915.0 3.0
