rev4
8466087.0 1585397.0 3.0
8668118.0 1622799.0 3.0
8722689.0 1633737.0 3.0
8731014.0 1635476.0 3.0
8761976.0 1640696.0 3.0
8765770.0 1641822.0 3.0
8775953.0 1643601.0 3.0
8824216.0 1652318.0 3.0
8877590.0 1662397.0 3.0
8890731.0 1665217.0 3.0
8910155.0 1668546.0 3.0
8921124.0 1670911.0 3.0
8925508.0 1671406.0 3.0
8938473.0 1673841.0 3.0
8976080.0 1680430.0 3.0
8995330.0 1684333.0 3.0
8998982.0 1685138.0 3.0
9009559.0 1687305.0 3.0
9058004.0 1696176.0 3.0
9066378.0 1698161.0 3.0
9105051.0 1704968.0 3.0
9177624.0 1718811.0 3.0
9244253.0 1730729.0 3.0
9273766.0 1737049.0 3.0
9299370.0 1741375.0 3.0
9317872.0 1744913.0 3.0
9355355.0 1752232.0 3.0
9380484.0 1757076.0 3.0
9388464.0 1758331.0 3.0
9397863.0 1759583.0 3.0
9440644.0 1768783.0 3.0
9445587.0 1769013.0 3.0
9477025.0 1774995.0 3.0
9606956.0 1799027.0 3.0
9619165.0 1801547.0 3.0
9652472.0 1807486.0 3.0
9658182.0 1809157.0 3.0
9707557.0 1818572.0 3.0
9801165.0 1835648.0 3.0
9801788.0 1835558.0 3.0
9856858.0 1845915.0 3.0
9857899.0 1846179.0 3.0
9866590.0 1847803.0 3.0
9870444.0 1848778.0 3.0
9904930.0 1854444.0 3.0
9912421.0 1856879.0 3.0
9940879.0 1861882.0 3.0
9959515.0 1864867.0 3.0
9963594.0 1865916.0 3.0
9964034.0 1865704.0 3.0
9982586.0 1869236.0 3.0
9986861.0 1870024.0 3.0
1.0023437E7 1876935.0 3.0
1.0036887E7 1879570.0 3.0
1.0074516E7 1886714.0 3.0
1.0074729E7 1887011.0 3.0
1.009181E7 1890521.0 3.0
1.0147688E7 1900284.0 3.0
1.016349E7 1903529.0 3.0
1.0180786E7 1906854.0 3.0
1.0212696E7 1912798.0 3.0
1.0213371E7 1912455.0 3.0
1.0248619E7 1919712.0 3.0
1.0280474E7 1925305.0 3.0
1.0281378E7 1925512.0 3.0
1.0335703E7 1935818.0 3.0
1.0336952E7 1935669.0 3.0
1.0339136E7 1936505.0 3.0
1.0342917E7 1936486.0 3.0
1.0373429E7 1942805.0 3.0
1.0394974E7 1947163.0 3.0
1.0455135E7 1958164.0 3.0
1.049625E7 1965180.0 3.0
1.0514855E7 1969468.0 3.0
1.0534295E7 1972796.0 3.0
1.0544278E7 1974755.0 3.0
1.0561164E7 1977727.0 3.0
1.0660838E7 1996024.0 3.0
1.066419E7 1997128.0 3.0
1.0694705E7 2002879.0 3.0
1.0710283E7 2006048.0 3.0
1.0714304E7 2006152.0 3.0
1.0788149E7 2020172.0 3.0
1.0841423E7 2030010.0 3.0
1.0855669E7 2032856.0 3.0
1.086357E7 2034273.0 3.0
1.0865782E7 2034786.0 3.0
1.0930777E7 2047793.0 3.0
1.1030053E7 2065999.0 3.0
1.1074571E7 2073807.0 3.0
1.1147488E7 2087187.0 3.0
1.1168075E7 2091519.0 3.0
1.1181797E7 2094248.0 3.0
1.1370677E7 2129900.0 3.0
1.1619541E7 2176061.0 3.0
1.1646107E7 2181092.0 3.0
1.1706146E7 2192459.0 3.0
1.1736153E7 2197904.0 3.0
1.1817855E7 2212987.0 3.0
1.4090161E7 2638647.0 3.0
