rev4
1851590.0 346617.0 3.0
1871698.0 350579.0 3.0
1917870.0 359130.0 3.0
1937294.0 362868.0 3.0
1962483.0 367584.0 3.0
1968475.0 368489.0 3.0
1984654.0 371443.0 3.0
1991452.0 373122.0 3.0
2015376.0 377536.0 3.0
2019902.0 378359.0 3.0
2020693.0 378537.0 3.0
2030860.0 380264.0 3.0
2034399.0 381176.0 3.0
2060509.0 385771.0 3.0
2065243.0 386758.0 3.0
2067444.0 387044.0 3.0
2073393.0 388388.0 3.0
2087895.0 391278.0 3.0
2088703.0 391269.0 3.0
2092832.0 391909.0 3.0
2098502.0 393090.0 3.0
2102165.0 393506.0 3.0
2103212.0 393486.0 3.0
2104455.0 394027.0 3.0
2106555.0 394473.0 3.0
2114728.0 395762.0 3.0
2118734.0 396684.0 3.0
2121868.0 397477.0 3.0
2122850.0 397320.0 3.0
2127090.0 398126.0 3.0
2128195.0 398704.0 3.0
2128405.0 398695.0 3.0
2139673.0 400854.0 3.0
2141567.0 401139.0 3.0
2146213.0 402088.0 3.0
2148602.0 402596.0 3.0
2150389.0 402541.0 3.0
2151618.0 402805.0 3.0
2157272.0 403869.0 3.0
2159892.0 404495.0 3.0
2161018.0 404885.0 3.0
2161655.0 405037.0 3.0
2164038.0 405063.0 3.0
2174013.0 407156.0 3.0
2179317.0 408249.0 3.0
2184075.0 409061.0 3.0
2184957.0 409193.0 3.0
2187875.0 409755.0 3.0
2193672.0 411054.0 3.0
2195179.0 411232.0 3.0
2216257.0 415020.0 3.0
2227723.0 417287.0 3.0
2228102.0 417312.0 3.0
2234487.0 418210.0 3.0
2240963.0 419773.0 3.0
2254919.0 422094.0 3.0
2256262.0 422396.0 3.0
2261507.0 423382.0 3.0
2262091.0 423431.0 3.0
2263231.0 424070.0 3.0
2266266.0 424272.0 3.0
2267547.0 424903.0 3.0
2276521.0 426556.0 3.0
2281931.0 427502.0 3.0
2283741.0 427593.0 3.0
2290029.0 428783.0 3.0
2292591.0 429183.0 3.0
2296875.0 430311.0 3.0
2303619.0 431363.0 3.0
2304984.0 431325.0 3.0
2307077.0 432313.0 3.0
2309407.0 432507.0 3.0
2310812.0 432690.0 3.0
2318977.0 434410.0 3.0
2327071.0 435938.0 3.0
2334174.0 437195.0 3.0
2341608.0 438360.0 3.0
2343130.0 438822.0 3.0
2364696.0 442792.0 3.0
2376608.0 445013.0 3.0
2380918.0 445953.0 3.0
2389110.0 447280.0 3.0
2413615.0 451941.0 3.0
2421391.0 453593.0 3.0
2429504.0 454954.0 3.0
2433382.0 455672.0 3.0
2461706.0 460734.0 3.0
2463755.0 461477.0 3.0
2476152.0 463609.0 3.0
2477837.0 464004.0 3.0
2482996.0 464782.0 3.0
2492112.0 466742.0 3.0
2525186.0 473119.0 3.0
2528876.0 473366.0 3.0
2666054.0 499324.0 3.0
2721910.0 509823.0 3.0
2734174.0 511952.0 3.0
2759340.0 516740.0 3.0
2760294.0 517020.0 3.0
2771199.0 518875.0 3.0
