rev4
1521.0 291.0 3.0
1666.0 316.0 3.0
1700.0 314.0 3.0
1784.0 335.0 3.0
1807.0 339.0 3.0
1839.0 350.0 3.0
1868.0 355.0 3.0
1886.0 357.0 3.0
1894.0 349.0 3.0
1903.0 357.0 3.0
1920.0 361.0 3.0
1924.0 355.0 3.0
1935.0 358.0 3.0
1945.0 365.0 3.0
1954.0 366.0 3.0
1967.0 368.0 3.0
1976.0 372.0 3.0
1978.0 374.0 3.0
1978.0 373.0 3.0
1980.0 370.0 3.0
2005.0 375.0 3.0
2034.0 381.0 3.0
2043.0 383.0 3.0
2054.0 386.0 3.0
2060.0 393.0 3.0
2069.0 388.0 3.0
2072.0 385.0 3.0
2094.0 393.0 3.0
2098.0 391.0 3.0
2112.0 400.0 3.0
2117.0 390.0 3.0
2137.0 409.0 3.0
2141.0 396.0 3.0
2144.0 407.0 3.0
2186.0 417.0 3.0
2190.0 406.0 3.0
2223.0 422.0 3.0
2235.0 423.0 3.0
2237.0 417.0 3.0
2249.0 423.0 3.0
2269.0 424.0 3.0
2282.0 425.0 3.0
2289.0 422.0 3.0
2289.0 436.0 3.0
2323.0 445.0 3.0
2341.0 436.0 3.0
2353.0 447.0 3.0
2371.0 441.0 3.0
2380.0 451.0 3.0
2380.0 437.0 3.0
2419.0 452.0 3.0
2437.0 456.0 3.0
2454.0 463.0 3.0
2462.0 452.0 3.0
2474.0 466.0 3.0
2490.0 463.0 3.0
2527.0 480.0 3.0
2529.0 471.0 3.0
2532.0 477.0 3.0
2552.0 486.0 3.0
2576.0 481.0 3.0
2579.0 489.0 3.0
2594.0 478.0 3.0
2625.0 486.0 3.0
2628.0 493.0 3.0
2682.0 503.0 3.0
2686.0 495.0 3.0
2702.0 511.0 3.0
2705.0 510.0 3.0
2731.0 515.0 3.0
2766.0 524.0 3.0
2775.0 523.0 3.0
2780.0 526.0 3.0
2802.0 527.0 3.0
2803.0 531.0 3.0
2824.0 523.0 3.0
2881.0 538.0 3.0
2898.0 540.0 3.0
2940.0 546.0 3.0
2948.0 554.0 3.0
2971.0 555.0 3.0
2992.0 555.0 3.0
3000.0 565.0 3.0
3025.0 571.0 3.0
3028.0 563.0 3.0
3038.0 568.0 3.0
3045.0 565.0 3.0
3047.0 567.0 3.0
3056.0 574.0 3.0
3135.0 589.0 3.0
3190.0 601.0 3.0
3256.0 606.0 3.0
3289.0 620.0 3.0
3312.0 620.0 3.0
3443.0 646.0 3.0
3461.0 643.0 3.0
3602.0 673.0 3.0
3705.0 701.0 3.0
3927.0 735.0 3.0
4063.0 765.0 3.0
