rev4
1.787745E7 3348723.0 3.0
1.7920639E7 3355622.0 3.0
1.7960338E7 3363423.0 3.0
1.8194206E7 3407626.0 3.0
1.8503208E7 3464687.0 3.0
1.8676755E7 3497853.0 3.0
1.8779458E7 3516090.0 3.0
1.8843613E7 3529466.0 3.0
1.8865514E7 3533195.0 3.0
1.8925589E7 3544135.0 3.0
1.9104747E7 3577506.0 3.0
1.9125212E7 3581636.0 3.0
1.916655E7 3588871.0 3.0
1.9184394E7 3593064.0 3.0
1.9289855E7 3612262.0 3.0
1.9360386E7 3626488.0 3.0
1.9472011E7 3646901.0 3.0
1.9498373E7 3651425.0 3.0
1.9510143E7 3653398.0 3.0
1.9520571E7 3656020.0 3.0
1.9528209E7 3656867.0 3.0
1.9575705E7 3666123.0 3.0
1.9583197E7 3667522.0 3.0
1.9584026E7 3667081.0 3.0
1.9584571E7 3668620.0 3.0
1.9601171E7 3670513.0 3.0
1.9644298E7 3678744.0 3.0
1.9663367E7 3682139.0 3.0
1.969465E7 3687923.0 3.0
1.9725954E7 3693546.0 3.0
1.9765018E7 3701679.0 3.0
1.9779126E7 3704593.0 3.0
1.9789532E7 3705798.0 3.0
1.9903018E7 3727749.0 3.0
1.9967119E7 3739156.0 3.0
1.9980735E7 3741384.0 3.0
2.0079181E7 3760952.0 3.0
2.0141449E7 3771835.0 3.0
2.0187672E7 3781175.0 3.0
2.019053E7 3780933.0 3.0
2.0296201E7 3800334.0 3.0
2.0296358E7 3800427.0 3.0
2.039447E7 3819849.0 3.0
2.0446341E7 3828948.0 3.0
2.0486828E7 3835850.0 3.0
2.0546881E7 3848356.0 3.0
2.0572617E7 3852174.0 3.0
2.0619636E7 3860953.0 3.0
2.0639999E7 3865559.0 3.0
2.0648505E7 3866887.0 3.0
2.0687008E7 3874505.0 3.0
2.0689939E7 3874427.0 3.0
2.0759424E7 3887347.0 3.0
2.0777674E7 3891445.0 3.0
2.0847421E7 3903927.0 3.0
2.0850696E7 3904613.0 3.0
2.0937665E7 3921300.0 3.0
2.094242E7 3921173.0 3.0
2.0956256E7 3924310.0 3.0
2.1069232E7 3946712.0 3.0
2.1120488E7 3955031.0 3.0
2.1172299E7 3964947.0 3.0
2.1264495E7 3982899.0 3.0
2.1278553E7 3985020.0 3.0
2.1288764E7 3987215.0 3.0
2.1328967E7 3994339.0 3.0
2.1386218E7 4005145.0 3.0
2.1411639E7 4009968.0 3.0
2.1477791E7 4022450.0 3.0
2.1530303E7 4031687.0 3.0
2.1554933E7 4037057.0 3.0
2.1628213E7 4050432.0 3.0
2.1633423E7 4050827.0 3.0
2.1711531E7 4066277.0 3.0
2.1739724E7 4071003.0 3.0
2.176476E7 4075670.0 3.0
2.1803561E7 4082938.0 3.0
2.1816292E7 4086192.0 3.0
2.1861162E7 4093984.0 3.0
2.2026007E7 4124946.0 3.0
2.2083971E7 4136019.0 3.0
2.21557E7 4149302.0 3.0
2.2351672E7 4185619.0 3.0
2.2393211E7 4193641.0 3.0
2.2438732E7 4201815.0 3.0
2.2532392E7 4218619.0 3.0
2.2543906E7 4222415.0 3.0
2.2636383E7 4239742.0 3.0
2.264624E7 4241651.0 3.0
2.2846879E7 4278795.0 3.0
2.2891686E7 4287146.0 3.0
2.297602E7 4302414.0 3.0
2.3298386E7 4363610.0 3.0
2.3623356E7 4424861.0 3.0
2.3779581E7 4453791.0 3.0
2.3953364E7 4485918.0 3.0
2.4907645E7 4664148.0 3.0
2.5440052E7 4764284.0 3.0
2.7030065E7 5062710.0 3.0
2.8169237E7 5275338.0 3.0
