rev4
707761.0 23593.0 15.0
709021.0 23635.0 15.0
709560.0 23653.0 15.0
709741.0 23659.0 15.0
710278.0 23677.0 15.0
711631.0 23722.0 15.0
714449.0 23816.0 15.0
714511.0 23818.0 15.0
714841.0 23829.0 15.0
715201.0 23841.0 15.0
717061.0 23903.0 15.0
717150.0 23906.0 15.0
717840.0 23929.0 15.0
718231.0 23942.0 15.0
719401.0 23981.0 15.0
719491.0 23984.0 15.0
721201.0 24041.0 15.0
722370.0 24080.0 15.0
724336.0 24146.0 15.0
724470.0 24150.0 15.0
725431.0 24182.0 15.0
725821.0 24195.0 15.0
725910.0 24198.0 15.0
727261.0 24243.0 15.0
727471.0 24250.0 15.0
728491.0 24284.0 15.0
729196.0 24308.0 15.0
729571.0 24320.0 15.0
729976.0 24334.0 15.0
730679.0 24357.0 15.0
731520.0 24385.0 15.0
731580.0 24387.0 15.0
732181.0 24407.0 15.0
732301.0 24411.0 15.0
732361.0 24413.0 15.0
732871.0 24430.0 15.0
732961.0 24433.0 15.0
733006.0 24435.0 15.0
733830.0 24462.0 15.0
734311.0 24478.0 15.0
734430.0 24482.0 15.0
734430.0 24482.0 15.0
734851.0 24496.0 15.0
734970.0 24500.0 15.0
735181.0 24507.0 15.0
735571.0 24520.0 15.0
735571.0 24520.0 15.0
737341.0 24579.0 15.0
737400.0 24581.0 15.0
737941.0 24599.0 15.0
738120.0 24605.0 15.0
738631.0 24622.0 15.0
739741.0 24659.0 15.0
741898.0 24731.0 15.0
742261.0 24743.0 15.0
744001.0 24801.0 15.0
744119.0 24805.0 15.0
744661.0 24823.0 15.0
744870.0 24830.0 15.0
744901.0 24831.0 15.0
745005.0 24835.0 15.0
746460.0 24883.0 15.0
748981.0 24967.0 15.0
750721.0 25025.0 15.0
750811.0 25028.0 15.0
751260.0 25043.0 15.0
751336.0 25046.0 15.0
751770.0 25060.0 15.0
753119.0 25105.0 15.0
754021.0 25135.0 15.0
754066.0 25137.0 15.0
754081.0 25137.0 15.0
754651.0 25156.0 15.0
755461.0 25183.0 15.0
755609.0 25188.0 15.0
756661.0 25223.0 15.0
757740.0 25259.0 15.0
760201.0 25341.0 15.0
760681.0 25357.0 15.0
761431.0 25382.0 15.0
761551.0 25386.0 15.0
762571.0 25420.0 15.0
764236.0 25476.0 15.0
768480.0 25617.0 15.0
771870.0 25730.0 15.0
772425.0 25749.0 15.0
774931.0 25832.0 15.0
775561.0 25853.0 15.0
780165.0 26007.0 15.0
781291.0 26044.0 15.0
786871.0 26230.0 15.0
791191.0 26374.0 15.0
792061.0 26403.0 15.0
796950.0 26566.0 15.0
811649.0 27056.0 15.0
812070.0 27070.0 15.0
812850.0 27096.0 15.0
813989.0 27134.0 15.0
858061.0 28603.0 15.0
880411.0 29348.0 15.0
