rev4
451.0 16.0 15.0
451.0 16.0 15.0
481.0 17.0 15.0
481.0 17.0 15.0
481.0 17.0 15.0
481.0 17.0 15.0
511.0 18.0 15.0
511.0 18.0 15.0
511.0 18.0 15.0
541.0 19.0 15.0
541.0 19.0 15.0
541.0 19.0 15.0
541.0 19.0 15.0
541.0 19.0 15.0
541.0 19.0 15.0
541.0 19.0 15.0
541.0 19.0 15.0
541.0 19.0 15.0
541.0 19.0 15.0
541.0 19.0 15.0
541.0 19.0 15.0
541.0 19.0 15.0
541.0 19.0 15.0
571.0 20.0 15.0
571.0 20.0 15.0
571.0 20.0 15.0
571.0 20.0 15.0
571.0 20.0 15.0
571.0 20.0 15.0
571.0 20.0 15.0
571.0 20.0 15.0
571.0 20.0 15.0
571.0 20.0 15.0
571.0 20.0 15.0
571.0 20.0 15.0
571.0 20.0 15.0
601.0 21.0 15.0
601.0 21.0 15.0
601.0 21.0 15.0
601.0 21.0 15.0
601.0 21.0 15.0
601.0 21.0 15.0
601.0 21.0 15.0
601.0 21.0 15.0
601.0 21.0 15.0
601.0 21.0 15.0
601.0 21.0 15.0
601.0 21.0 15.0
601.0 21.0 15.0
601.0 21.0 15.0
601.0 21.0 15.0
601.0 21.0 15.0
601.0 21.0 15.0
631.0 22.0 15.0
631.0 22.0 15.0
631.0 22.0 15.0
631.0 22.0 15.0
631.0 22.0 15.0
631.0 22.0 15.0
631.0 22.0 15.0
631.0 22.0 15.0
631.0 22.0 15.0
631.0 22.0 15.0
631.0 22.0 15.0
631.0 22.0 15.0
631.0 22.0 15.0
631.0 22.0 15.0
631.0 22.0 15.0
661.0 23.0 15.0
661.0 23.0 15.0
661.0 23.0 15.0
661.0 23.0 15.0
661.0 23.0 15.0
661.0 23.0 15.0
661.0 23.0 15.0
661.0 23.0 15.0
661.0 23.0 15.0
661.0 23.0 15.0
661.0 23.0 15.0
661.0 23.0 15.0
661.0 23.0 15.0
661.0 23.0 15.0
691.0 24.0 15.0
691.0 24.0 15.0
691.0 24.0 15.0
691.0 24.0 15.0
691.0 24.0 15.0
691.0 24.0 15.0
721.0 25.0 15.0
721.0 25.0 15.0
721.0 25.0 15.0
721.0 25.0 15.0
721.0 25.0 15.0
751.0 26.0 15.0
751.0 26.0 15.0
781.0 27.0 15.0
781.0 27.0 15.0
781.0 27.0 15.0
781.0 27.0 15.0
811.0 28.0 15.0
