rev4
19441.0 649.0 15.0
19651.0 656.0 15.0
19651.0 656.0 15.0
19681.0 657.0 15.0
19711.0 658.0 15.0
19711.0 658.0 15.0
19771.0 660.0 15.0
19801.0 661.0 15.0
19891.0 664.0 15.0
19921.0 665.0 15.0
19921.0 665.0 15.0
19921.0 665.0 15.0
19951.0 666.0 15.0
19981.0 667.0 15.0
19981.0 667.0 15.0
20010.0 668.0 15.0
20011.0 668.0 15.0
20041.0 669.0 15.0
20041.0 669.0 15.0
20101.0 671.0 15.0
20101.0 671.0 15.0
20131.0 672.0 15.0
20131.0 672.0 15.0
20131.0 672.0 15.0
20161.0 673.0 15.0
20221.0 675.0 15.0
20251.0 676.0 15.0
20280.0 677.0 15.0
20311.0 678.0 15.0
20371.0 680.0 15.0
20401.0 681.0 15.0
20431.0 682.0 15.0
20431.0 682.0 15.0
20461.0 683.0 15.0
20461.0 683.0 15.0
20491.0 684.0 15.0
20491.0 684.0 15.0
20491.0 684.0 15.0
20611.0 688.0 15.0
20611.0 688.0 15.0
20641.0 689.0 15.0
20641.0 689.0 15.0
20671.0 690.0 15.0
20701.0 691.0 15.0
20731.0 692.0 15.0
20761.0 693.0 15.0
20851.0 696.0 15.0
20881.0 697.0 15.0
20881.0 697.0 15.0
20911.0 698.0 15.0
20911.0 698.0 15.0
20971.0 700.0 15.0
20971.0 700.0 15.0
21001.0 701.0 15.0
21001.0 701.0 15.0
21031.0 702.0 15.0
21061.0 703.0 15.0
21121.0 705.0 15.0
21121.0 705.0 15.0
21151.0 706.0 15.0
21181.0 707.0 15.0
21181.0 707.0 15.0
21211.0 708.0 15.0
21241.0 709.0 15.0
21241.0 709.0 15.0
21271.0 710.0 15.0
21331.0 712.0 15.0
21391.0 714.0 15.0
21511.0 718.0 15.0
21511.0 718.0 15.0
21571.0 720.0 15.0
21571.0 720.0 15.0
21631.0 722.0 15.0
21691.0 724.0 15.0
21901.0 731.0 15.0
22021.0 735.0 15.0
22021.0 735.0 15.0
22051.0 736.0 15.0
22051.0 736.0 15.0
22051.0 736.0 15.0
22111.0 738.0 15.0
22171.0 740.0 15.0
22201.0 741.0 15.0
22231.0 742.0 15.0
22261.0 743.0 15.0
22381.0 747.0 15.0
22411.0 748.0 15.0
22591.0 754.0 15.0
22651.0 756.0 15.0
22681.0 757.0 15.0
22711.0 758.0 15.0
22741.0 759.0 15.0
22801.0 761.0 15.0
22831.0 762.0 15.0
22831.0 762.0 15.0
22831.0 762.0 15.0
22981.0 767.0 15.0
23371.0 780.0 15.0
23431.0 782.0 15.0
23581.0 787.0 15.0
