rev4
181.0 7.0 15.0
211.0 8.0 15.0
211.0 8.0 15.0
241.0 9.0 15.0
241.0 9.0 15.0
241.0 9.0 15.0
241.0 9.0 15.0
241.0 9.0 15.0
241.0 9.0 15.0
241.0 9.0 15.0
241.0 9.0 15.0
271.0 10.0 15.0
271.0 10.0 15.0
271.0 10.0 15.0
271.0 10.0 15.0
271.0 10.0 15.0
271.0 10.0 15.0
271.0 10.0 15.0
271.0 10.0 15.0
271.0 10.0 15.0
271.0 10.0 15.0
271.0 10.0 15.0
271.0 10.0 15.0
271.0 10.0 15.0
271.0 10.0 15.0
271.0 10.0 15.0
271.0 10.0 15.0
271.0 10.0 15.0
271.0 10.0 15.0
301.0 11.0 15.0
301.0 11.0 15.0
301.0 11.0 15.0
301.0 11.0 15.0
301.0 11.0 15.0
301.0 11.0 15.0
301.0 11.0 15.0
301.0 11.0 15.0
301.0 11.0 15.0
301.0 11.0 15.0
301.0 11.0 15.0
301.0 11.0 15.0
301.0 11.0 15.0
301.0 11.0 15.0
301.0 11.0 15.0
301.0 11.0 15.0
331.0 12.0 15.0
331.0 12.0 15.0
331.0 12.0 15.0
331.0 12.0 15.0
331.0 12.0 15.0
331.0 12.0 15.0
331.0 12.0 15.0
331.0 12.0 15.0
331.0 12.0 15.0
331.0 12.0 15.0
331.0 12.0 15.0
331.0 12.0 15.0
331.0 12.0 15.0
331.0 12.0 15.0
331.0 12.0 15.0
331.0 12.0 15.0
331.0 12.0 15.0
331.0 12.0 15.0
331.0 12.0 15.0
331.0 12.0 15.0
331.0 12.0 15.0
361.0 13.0 15.0
361.0 13.0 15.0
361.0 13.0 15.0
361.0 13.0 15.0
361.0 13.0 15.0
361.0 13.0 15.0
361.0 13.0 15.0
361.0 13.0 15.0
361.0 13.0 15.0
361.0 13.0 15.0
361.0 13.0 15.0
361.0 13.0 15.0
361.0 13.0 15.0
361.0 13.0 15.0
361.0 13.0 15.0
361.0 13.0 15.0
361.0 13.0 15.0
361.0 13.0 15.0
391.0 14.0 15.0
391.0 14.0 15.0
391.0 14.0 15.0
391.0 14.0 15.0
391.0 14.0 15.0
391.0 14.0 15.0
391.0 14.0 15.0
391.0 14.0 15.0
421.0 15.0 15.0
421.0 15.0 15.0
421.0 15.0 15.0
451.0 16.0 15.0
451.0 16.0 15.0
451.0 16.0 15.0
511.0 18.0 15.0
541.0 19.0 15.0
