rev4
961.0 33.0 15.0
991.0 34.0 15.0
1021.0 35.0 15.0
1021.0 35.0 15.0
1051.0 36.0 15.0
1051.0 36.0 15.0
1051.0 36.0 15.0
1051.0 36.0 15.0
1081.0 37.0 15.0
1081.0 37.0 15.0
1081.0 37.0 15.0
1081.0 37.0 15.0
1081.0 37.0 15.0
1081.0 37.0 15.0
1081.0 37.0 15.0
1081.0 37.0 15.0
1111.0 38.0 15.0
1111.0 38.0 15.0
1111.0 38.0 15.0
1111.0 38.0 15.0
1111.0 38.0 15.0
1111.0 38.0 15.0
1111.0 38.0 15.0
1111.0 38.0 15.0
1141.0 39.0 15.0
1141.0 39.0 15.0
1141.0 39.0 15.0
1141.0 39.0 15.0
1141.0 39.0 15.0
1141.0 39.0 15.0
1141.0 39.0 15.0
1141.0 39.0 15.0
1141.0 39.0 15.0
1141.0 39.0 15.0
1141.0 39.0 15.0
1171.0 40.0 15.0
1171.0 40.0 15.0
1171.0 40.0 15.0
1171.0 40.0 15.0
1171.0 40.0 15.0
1171.0 40.0 15.0
1171.0 40.0 15.0
1171.0 40.0 15.0
1171.0 40.0 15.0
1201.0 41.0 15.0
1201.0 41.0 15.0
1201.0 41.0 15.0
1201.0 41.0 15.0
1201.0 41.0 15.0
1201.0 41.0 15.0
1231.0 42.0 15.0
1231.0 42.0 15.0
1231.0 42.0 15.0
1231.0 42.0 15.0
1231.0 42.0 15.0
1231.0 42.0 15.0
1231.0 42.0 15.0
1231.0 42.0 15.0
1261.0 43.0 15.0
1261.0 43.0 15.0
1261.0 43.0 15.0
1261.0 43.0 15.0
1261.0 43.0 15.0
1261.0 43.0 15.0
1261.0 43.0 15.0
1261.0 43.0 15.0
1261.0 43.0 15.0
1291.0 44.0 15.0
1291.0 44.0 15.0
1291.0 44.0 15.0
1291.0 44.0 15.0
1291.0 44.0 15.0
1291.0 44.0 15.0
1291.0 44.0 15.0
1291.0 44.0 15.0
1291.0 44.0 15.0
1291.0 44.0 15.0
1291.0 44.0 15.0
1291.0 44.0 15.0
1291.0 44.0 15.0
1321.0 45.0 15.0
1321.0 45.0 15.0
1321.0 45.0 15.0
1321.0 45.0 15.0
1321.0 45.0 15.0
1321.0 45.0 15.0
1351.0 46.0 15.0
1351.0 46.0 15.0
1351.0 46.0 15.0
1351.0 46.0 15.0
1381.0 47.0 15.0
1381.0 47.0 15.0
1381.0 47.0 15.0
1411.0 48.0 15.0
1441.0 49.0 15.0
1471.0 50.0 15.0
1471.0 50.0 15.0
1501.0 51.0 15.0
1501.0 51.0 15.0
1711.0 58.0 15.0
