rev4
81691.0 2724.0 15.0
82141.0 2739.0 15.0
82261.0 2743.0 15.0
82351.0 2746.0 15.0
82351.0 2746.0 15.0
82621.0 2755.0 15.0
83371.0 2780.0 15.0
83431.0 2782.0 15.0
83431.0 2782.0 15.0
83610.0 2788.0 15.0
83671.0 2790.0 15.0
83671.0 2790.0 15.0
83761.0 2793.0 15.0
83821.0 2795.0 15.0
84030.0 2802.0 15.0
84121.0 2805.0 15.0
84181.0 2807.0 15.0
84181.0 2807.0 15.0
84211.0 2808.0 15.0
84241.0 2809.0 15.0
84241.0 2809.0 15.0
84271.0 2810.0 15.0
84450.0 2816.0 15.0
84511.0 2818.0 15.0
84511.0 2818.0 15.0
84541.0 2819.0 15.0
84601.0 2821.0 15.0
84751.0 2826.0 15.0
84811.0 2828.0 15.0
84991.0 2834.0 15.0
85021.0 2835.0 15.0
85201.0 2841.0 15.0
85201.0 2841.0 15.0
85321.0 2845.0 15.0
85591.0 2854.0 15.0
85651.0 2856.0 15.0
85651.0 2856.0 15.0
85801.0 2861.0 15.0
85951.0 2866.0 15.0
86011.0 2868.0 15.0
86011.0 2868.0 15.0
86041.0 2869.0 15.0
86071.0 2870.0 15.0
86191.0 2874.0 15.0
86191.0 2874.0 15.0
86251.0 2876.0 15.0
86311.0 2878.0 15.0
86431.0 2882.0 15.0
86431.0 2882.0 15.0
86461.0 2883.0 15.0
86581.0 2887.0 15.0
86671.0 2890.0 15.0
86731.0 2892.0 15.0
86881.0 2897.0 15.0
86911.0 2898.0 15.0
86941.0 2899.0 15.0
87000.0 2901.0 15.0
87001.0 2901.0 15.0
87031.0 2902.0 15.0
87271.0 2910.0 15.0
87511.0 2918.0 15.0
87541.0 2919.0 15.0
87631.0 2922.0 15.0
87841.0 2929.0 15.0
88111.0 2938.0 15.0
88171.0 2940.0 15.0
88201.0 2941.0 15.0
88231.0 2942.0 15.0
88351.0 2946.0 15.0
88651.0 2956.0 15.0
88741.0 2959.0 15.0
88831.0 2962.0 15.0
88861.0 2963.0 15.0
88921.0 2965.0 15.0
88981.0 2967.0 15.0
89160.0 2973.0 15.0
89581.0 2987.0 15.0
89611.0 2988.0 15.0
89671.0 2990.0 15.0
89671.0 2990.0 15.0
89791.0 2994.0 15.0
90001.0 3001.0 15.0
90211.0 3008.0 15.0
90511.0 3018.0 15.0
90931.0 3032.0 15.0
91229.0 3042.0 15.0
92221.0 3075.0 15.0
92611.0 3088.0 15.0
92671.0 3090.0 15.0
92731.0 3092.0 15.0
92761.0 3093.0 15.0
93961.0 3133.0 15.0
94231.0 3142.0 15.0
94291.0 3144.0 15.0
94801.0 3161.0 15.0
95461.0 3183.0 15.0
95821.0 3195.0 15.0
95941.0 3199.0 15.0
99841.0 3329.0 15.0
104131.0 3472.0 15.0
