rev4
2.05795012E8 6859859.0 15.0
2.06193013E8 6873128.0 15.0
2.06896105E8 6896557.0 15.0
2.0749568E8 6916542.0 15.0
2.0810955E8 6937008.0 15.0
2.08475835E8 6949217.0 15.0
2.09202356E8 6973434.0 15.0
2.09852474E8 6995105.0 15.0
2.09860933E8 6995385.0 15.0
2.0989437E8 6996497.0 15.0
2.10136648E8 7004574.0 15.0
2.1026321E8 7008791.0 15.0
2.10307893E8 7010282.0 15.0
2.10466182E8 7015556.0 15.0
2.10750101E8 7025028.0 15.0
2.10771346E8 7025734.0 15.0
2.11012751E8 7033774.0 15.0
2.11163218E8 7038795.0 15.0
2.11282917E8 7042786.0 15.0
2.11501464E8 7050071.0 15.0
2.11501922E8 7050083.0 15.0
2.11592014E8 7053092.0 15.0
2.1161058E8 7053711.0 15.0
2.12064643E8 7068843.0 15.0
2.12518989E8 7083992.0 15.0
2.12524584E8 7084172.0 15.0
2.12771227E8 7092393.0 15.0
2.12854786E8 7095187.0 15.0
2.12855144E8 7095191.0 15.0
2.12905813E8 7096887.0 15.0
2.12944651E8 7098180.0 15.0
2.1302049E8 7100702.0 15.0
2.132232E8 7107463.0 15.0
2.13229407E8 7107673.0 15.0
2.13304454E8 7110173.0 15.0
2.13409796E8 7113682.0 15.0
2.13478385E8 7115970.0 15.0
2.13604617E8 7120180.0 15.0
2.13674463E8 7122509.0 15.0
2.13726947E8 7124262.0 15.0
2.13727365E8 7124267.0 15.0
2.13734962E8 7124521.0 15.0
2.14173725E8 7139139.0 15.0
2.14283808E8 7142812.0 15.0
2.14344898E8 7144854.0 15.0
2.14368259E8 7145633.0 15.0
2.14748468E8 7158310.0 15.0
2.14871532E8 7162409.0 15.0
2.15028685E8 7167642.0 15.0
2.15130976E8 7171055.0 15.0
2.15491854E8 7183087.0 15.0
2.15603578E8 7186806.0 15.0
2.15661411E8 7188743.0 15.0
2.15856805E8 7195250.0 15.0
2.16060815E8 7202050.0 15.0
2.16235962E8 7207888.0 15.0
2.16352781E8 7211782.0 15.0
2.16401897E8 7213426.0 15.0
2.16408289E8 7213638.0 15.0
2.16581159E8 7219390.0 15.0
2.16942479E8 7231439.0 15.0
2.17112581E8 7237111.0 15.0
2.17274569E8 7242507.0 15.0
2.17351749E8 7245085.0 15.0
2.17413261E8 7247135.0 15.0
2.174793E8 7249337.0 15.0
2.17631681E8 7254415.0 15.0
2.18022441E8 7267437.0 15.0
2.18445442E8 7281539.0 15.0
2.18537367E8 7284601.0 15.0
2.18538193E8 7284629.0 15.0
2.18838383E8 7294641.0 15.0
2.19014477E8 7300505.0 15.0
2.1902237E8 7300780.0 15.0
2.19199654E8 7306677.0 15.0
2.19276059E8 7309226.0 15.0
2.19397881E8 7313282.0 15.0
2.20175921E8 7339224.0 15.0
2.20309053E8 7343662.0 15.0
2.20348302E8 7344969.0 15.0
2.20411744E8 7347079.0 15.0
2.20533323E8 7351135.0 15.0
2.20620521E8 7354044.0 15.0
2.20676611E8 7355909.0 15.0
2.20822167E8 7360758.0 15.0
2.21333058E8 7377789.0 15.0
2.2194812E8 7398295.0 15.0
2.21957283E8 7398600.0 15.0
2.22141543E8 7404742.0 15.0
2.22816291E8 7427233.0 15.0
2.24608295E8 7486970.0 15.0
2.25293091E8 7509793.0 15.0
2.25567283E8 7518933.0 15.0
2.27086127E8 7569559.0 15.0
2.27204026E8 7573491.0 15.0
2.27981038E8 7599395.0 15.0
2.28535425E8 7617873.0 15.0
2.28682962E8 7622789.0 15.0
2.34427779E8 7814290.0 15.0
2.37497156E8 7916593.0 15.0
