rev4
9331.0 312.0 15.0
9361.0 313.0 15.0
9391.0 314.0 15.0
9391.0 314.0 15.0
9451.0 316.0 15.0
9511.0 318.0 15.0
9541.0 319.0 15.0
9541.0 319.0 15.0
9541.0 319.0 15.0
9541.0 319.0 15.0
9571.0 320.0 15.0
9571.0 320.0 15.0
9691.0 324.0 15.0
9691.0 324.0 15.0
9720.0 325.0 15.0
9721.0 325.0 15.0
9721.0 325.0 15.0
9721.0 325.0 15.0
9751.0 326.0 15.0
9781.0 327.0 15.0
9781.0 327.0 15.0
9811.0 328.0 15.0
9811.0 328.0 15.0
9871.0 330.0 15.0
9871.0 330.0 15.0
9901.0 331.0 15.0
9901.0 331.0 15.0
9901.0 331.0 15.0
9931.0 332.0 15.0
9931.0 332.0 15.0
9961.0 333.0 15.0
9961.0 333.0 15.0
9961.0 333.0 15.0
9991.0 334.0 15.0
10021.0 335.0 15.0
10021.0 335.0 15.0
10021.0 335.0 15.0
10021.0 335.0 15.0
10051.0 336.0 15.0
10081.0 337.0 15.0
10081.0 337.0 15.0
10081.0 337.0 15.0
10111.0 338.0 15.0
10111.0 338.0 15.0
10141.0 339.0 15.0
10141.0 339.0 15.0
10171.0 340.0 15.0
10171.0 340.0 15.0
10171.0 340.0 15.0
10201.0 341.0 15.0
10201.0 341.0 15.0
10231.0 342.0 15.0
10231.0 342.0 15.0
10261.0 343.0 15.0
10291.0 344.0 15.0
10291.0 344.0 15.0
10291.0 344.0 15.0
10321.0 345.0 15.0
10321.0 345.0 15.0
10351.0 346.0 15.0
10351.0 346.0 15.0
10381.0 347.0 15.0
10381.0 347.0 15.0
10381.0 347.0 15.0
10411.0 348.0 15.0
10411.0 348.0 15.0
10411.0 348.0 15.0
10411.0 348.0 15.0
10441.0 349.0 15.0
10441.0 349.0 15.0
10441.0 349.0 15.0
10441.0 349.0 15.0
10471.0 350.0 15.0
10471.0 350.0 15.0
10471.0 350.0 15.0
10531.0 352.0 15.0
10531.0 352.0 15.0
10531.0 352.0 15.0
10531.0 352.0 15.0
10531.0 352.0 15.0
10561.0 353.0 15.0
10561.0 353.0 15.0
10651.0 356.0 15.0
10651.0 356.0 15.0
10711.0 358.0 15.0
10711.0 358.0 15.0
10711.0 358.0 15.0
10741.0 359.0 15.0
10741.0 359.0 15.0
10801.0 361.0 15.0
10801.0 361.0 15.0
10831.0 362.0 15.0
10951.0 366.0 15.0
11011.0 368.0 15.0
11011.0 368.0 15.0
11161.0 373.0 15.0
11161.0 373.0 15.0
11221.0 375.0 15.0
11281.0 377.0 15.0
11761.0 393.0 15.0
