rev4
39991.0 1334.0 15.0
40141.0 1339.0 15.0
40411.0 1348.0 15.0
40471.0 1350.0 15.0
40531.0 1352.0 15.0
40681.0 1357.0 15.0
40831.0 1362.0 15.0
40831.0 1362.0 15.0
40891.0 1364.0 15.0
40921.0 1365.0 15.0
40921.0 1365.0 15.0
40981.0 1367.0 15.0
41010.0 1368.0 15.0
41041.0 1369.0 15.0
41101.0 1371.0 15.0
41161.0 1373.0 15.0
41161.0 1373.0 15.0
41251.0 1376.0 15.0
41341.0 1379.0 15.0
41370.0 1380.0 15.0
41371.0 1380.0 15.0
41371.0 1380.0 15.0
41431.0 1382.0 15.0
41461.0 1383.0 15.0
41461.0 1383.0 15.0
41491.0 1384.0 15.0
41521.0 1385.0 15.0
41521.0 1385.0 15.0
41551.0 1386.0 15.0
41551.0 1386.0 15.0
41671.0 1390.0 15.0
41701.0 1391.0 15.0
41701.0 1391.0 15.0
41731.0 1392.0 15.0
41791.0 1394.0 15.0
41791.0 1394.0 15.0
41911.0 1398.0 15.0
41971.0 1400.0 15.0
41971.0 1400.0 15.0
42001.0 1401.0 15.0
42031.0 1402.0 15.0
42031.0 1402.0 15.0
42031.0 1402.0 15.0
42091.0 1404.0 15.0
42121.0 1405.0 15.0
42121.0 1405.0 15.0
42121.0 1405.0 15.0
42181.0 1407.0 15.0
42211.0 1408.0 15.0
42301.0 1411.0 15.0
42301.0 1411.0 15.0
42361.0 1413.0 15.0
42511.0 1418.0 15.0
42541.0 1419.0 15.0
42721.0 1425.0 15.0
42721.0 1425.0 15.0
42781.0 1427.0 15.0
42871.0 1430.0 15.0
42961.0 1433.0 15.0
42991.0 1434.0 15.0
43021.0 1435.0 15.0
43051.0 1436.0 15.0
43141.0 1439.0 15.0
43171.0 1440.0 15.0
43201.0 1441.0 15.0
43231.0 1442.0 15.0
43321.0 1445.0 15.0
43351.0 1446.0 15.0
43351.0 1446.0 15.0
43381.0 1447.0 15.0
43411.0 1448.0 15.0
43411.0 1448.0 15.0
43441.0 1449.0 15.0
43501.0 1451.0 15.0
43651.0 1456.0 15.0
43681.0 1457.0 15.0
43681.0 1457.0 15.0
43711.0 1458.0 15.0
43891.0 1464.0 15.0
44041.0 1469.0 15.0
44041.0 1469.0 15.0
44101.0 1471.0 15.0
44161.0 1473.0 15.0
44191.0 1474.0 15.0
44251.0 1476.0 15.0
44401.0 1481.0 15.0
44401.0 1481.0 15.0
44521.0 1485.0 15.0
44761.0 1493.0 15.0
44851.0 1496.0 15.0
45001.0 1501.0 15.0
45301.0 1511.0 15.0
45301.0 1511.0 15.0
45841.0 1529.0 15.0
46201.0 1541.0 15.0
46321.0 1545.0 15.0
46411.0 1548.0 15.0
46471.0 1550.0 15.0
47851.0 1596.0 15.0
52321.0 1745.0 15.0
