rev4
1420440.0 47349.0 15.0
1421146.0 47373.0 15.0
1422331.0 47412.0 15.0
1425539.0 47519.0 15.0
1427430.0 47582.0 15.0
1431810.0 47728.0 15.0
1436101.0 47871.0 15.0
1438080.0 47937.0 15.0
1438860.0 47963.0 15.0
1439549.0 47986.0 15.0
1442941.0 48099.0 15.0
1444137.0 48139.0 15.0
1450229.0 48342.0 15.0
1452553.0 48420.0 15.0
1455690.0 48524.0 15.0
1456619.0 48555.0 15.0
1458598.0 48621.0 15.0
1459770.0 48660.0 15.0
1461207.0 48708.0 15.0
1464180.0 48807.0 15.0
1464339.0 48813.0 15.0
1464420.0 48815.0 15.0
1465200.0 48841.0 15.0
1466581.0 48888.0 15.0
1467660.0 48923.0 15.0
1469221.0 48975.0 15.0
1470841.0 49029.0 15.0
1474216.0 49142.0 15.0
1475326.0 49179.0 15.0
1477228.0 49242.0 15.0
1480111.0 49338.0 15.0
1480470.0 49350.0 15.0
1481625.0 49389.0 15.0
1486349.0 49546.0 15.0
1486456.0 49550.0 15.0
1487340.0 49579.0 15.0
1487563.0 49587.0 15.0
1488570.0 49620.0 15.0
1488601.0 49621.0 15.0
1488810.0 49628.0 15.0
1490626.0 49689.0 15.0
1491571.0 49720.0 15.0
1491959.0 49733.0 15.0
1492287.0 49744.0 15.0
1493820.0 49795.0 15.0
1494090.0 49804.0 15.0
1497390.0 49914.0 15.0
1498170.0 49940.0 15.0
1498500.0 49951.0 15.0
1499819.0 49995.0 15.0
1500058.0 50003.0 15.0
1500494.0 50018.0 15.0
1501829.0 50062.0 15.0
1504559.0 50153.0 15.0
1504711.0 50158.0 15.0
1505235.0 50176.0 15.0
1508491.0 50284.0 15.0
1508940.0 50299.0 15.0
1509345.0 50313.0 15.0
1510919.0 50365.0 15.0
1513681.0 50457.0 15.0
1514384.0 50481.0 15.0
1515331.0 50512.0 15.0
1517851.0 50596.0 15.0
1518749.0 50626.0 15.0
1522501.0 50751.0 15.0
1523084.0 50771.0 15.0
1523236.0 50776.0 15.0
1524586.0 50821.0 15.0
1525561.0 50853.0 15.0
1526551.0 50886.0 15.0
1527554.0 50920.0 15.0
1529881.0 50997.0 15.0
1529982.0 51001.0 15.0
1534515.0 51152.0 15.0
1536331.0 51212.0 15.0
1539629.0 51322.0 15.0
1543980.0 51467.0 15.0
1546946.0 51566.0 15.0
1549366.0 51647.0 15.0
1549621.0 51655.0 15.0
1550246.0 51676.0 15.0
1550622.0 51689.0 15.0
1553759.0 51793.0 15.0
1556220.0 51875.0 15.0
1559818.0 51995.0 15.0
1559971.0 52000.0 15.0
1561230.0 52042.0 15.0
1561830.0 52062.0 15.0
1563825.0 52129.0 15.0
1567019.0 52235.0 15.0
1571277.0 52377.0 15.0
1573259.0 52443.0 15.0
1575211.0 52508.0 15.0
1580101.0 52671.0 15.0
1593930.0 53132.0 15.0
1596419.0 53215.0 15.0
1611811.0 53728.0 15.0
1612380.0 53747.0 15.0
1646939.0 54899.0 15.0
