rev4
337861.0 11263.0 15.0
343951.0 11466.0 15.0
344280.0 11477.0 15.0
344491.0 11484.0 15.0
344581.0 11487.0 15.0
346410.0 11548.0 15.0
346531.0 11552.0 15.0
346678.0 11557.0 15.0
346771.0 11560.0 15.0
346801.0 11561.0 15.0
347399.0 11581.0 15.0
347761.0 11593.0 15.0
347880.0 11597.0 15.0
348241.0 11609.0 15.0
349381.0 11647.0 15.0
350041.0 11669.0 15.0
350161.0 11673.0 15.0
350431.0 11682.0 15.0
350521.0 11685.0 15.0
350716.0 11692.0 15.0
351211.0 11708.0 15.0
351841.0 11729.0 15.0
352620.0 11755.0 15.0
352891.0 11764.0 15.0
353611.0 11788.0 15.0
354001.0 11801.0 15.0
354421.0 11815.0 15.0
355081.0 11837.0 15.0
355261.0 11843.0 15.0
355321.0 11845.0 15.0
355441.0 11849.0 15.0
355606.0 11855.0 15.0
355621.0 11855.0 15.0
355801.0 11861.0 15.0
356069.0 11870.0 15.0
356159.0 11873.0 15.0
356791.0 11894.0 15.0
357360.0 11913.0 15.0
357361.0 11913.0 15.0
357811.0 11928.0 15.0
357961.0 11933.0 15.0
358213.0 11942.0 15.0
358321.0 11945.0 15.0
358441.0 11949.0 15.0
359371.0 11980.0 15.0
359611.0 11988.0 15.0
359641.0 11989.0 15.0
359881.0 11997.0 15.0
359970.0 12000.0 15.0
360121.0 12005.0 15.0
361081.0 12037.0 15.0
361561.0 12053.0 15.0
362341.0 12079.0 15.0
362611.0 12088.0 15.0
363166.0 12107.0 15.0
363239.0 12109.0 15.0
363360.0 12113.0 15.0
363361.0 12113.0 15.0
363811.0 12128.0 15.0
363900.0 12131.0 15.0
363961.0 12133.0 15.0
364291.0 12144.0 15.0
364860.0 12163.0 15.0
365431.0 12182.0 15.0
365611.0 12188.0 15.0
365941.0 12199.0 15.0
366091.0 12204.0 15.0
366271.0 12210.0 15.0
366495.0 12218.0 15.0
366841.0 12229.0 15.0
367109.0 12238.0 15.0
367471.0 12250.0 15.0
368401.0 12281.0 15.0
368520.0 12285.0 15.0
368761.0 12293.0 15.0
369481.0 12317.0 15.0
369541.0 12319.0 15.0
369571.0 12320.0 15.0
369841.0 12329.0 15.0
370379.0 12347.0 15.0
372181.0 12407.0 15.0
372271.0 12410.0 15.0
372451.0 12416.0 15.0
373621.0 12455.0 15.0
374221.0 12475.0 15.0
374431.0 12482.0 15.0
374461.0 12483.0 15.0
374729.0 12492.0 15.0
374851.0 12496.0 15.0
374941.0 12499.0 15.0
375121.0 12505.0 15.0
377011.0 12568.0 15.0
381451.0 12716.0 15.0
382590.0 12754.0 15.0
384931.0 12832.0 15.0
385345.0 12846.0 15.0
390481.0 13017.0 15.0
395956.0 13200.0 15.0
396749.0 13226.0 15.0
411450.0 13716.0 15.0
