rev4
104101.0 3471.0 15.0
105061.0 3503.0 15.0
105751.0 3526.0 15.0
105901.0 3531.0 15.0
106711.0 3558.0 15.0
107371.0 3580.0 15.0
107401.0 3581.0 15.0
107611.0 3588.0 15.0
107866.0 3597.0 15.0
107971.0 3600.0 15.0
108031.0 3602.0 15.0
108511.0 3618.0 15.0
108630.0 3622.0 15.0
108720.0 3625.0 15.0
108781.0 3627.0 15.0
108931.0 3632.0 15.0
108961.0 3633.0 15.0
109110.0 3638.0 15.0
109409.0 3648.0 15.0
109801.0 3661.0 15.0
109891.0 3664.0 15.0
110071.0 3670.0 15.0
110131.0 3672.0 15.0
110221.0 3675.0 15.0
110311.0 3678.0 15.0
110371.0 3680.0 15.0
110491.0 3684.0 15.0
110641.0 3689.0 15.0
110671.0 3690.0 15.0
110730.0 3692.0 15.0
110761.0 3693.0 15.0
110821.0 3695.0 15.0
110911.0 3698.0 15.0
110941.0 3699.0 15.0
111150.0 3706.0 15.0
111241.0 3709.0 15.0
111331.0 3712.0 15.0
111450.0 3716.0 15.0
111451.0 3716.0 15.0
111571.0 3720.0 15.0
111871.0 3730.0 15.0
112081.0 3737.0 15.0
112351.0 3746.0 15.0
112681.0 3757.0 15.0
112681.0 3757.0 15.0
112891.0 3764.0 15.0
113131.0 3772.0 15.0
113131.0 3772.0 15.0
113161.0 3773.0 15.0
113341.0 3779.0 15.0
113461.0 3783.0 15.0
113581.0 3787.0 15.0
113611.0 3788.0 15.0
113671.0 3790.0 15.0
113881.0 3797.0 15.0
113941.0 3799.0 15.0
114060.0 3803.0 15.0
114721.0 3825.0 15.0
114826.0 3829.0 15.0
114991.0 3834.0 15.0
115291.0 3844.0 15.0
115291.0 3844.0 15.0
115440.0 3849.0 15.0
115441.0 3849.0 15.0
115561.0 3853.0 15.0
115651.0 3856.0 15.0
115861.0 3863.0 15.0
115921.0 3865.0 15.0
115951.0 3866.0 15.0
116281.0 3877.0 15.0
116401.0 3881.0 15.0
116401.0 3881.0 15.0
116491.0 3884.0 15.0
116521.0 3885.0 15.0
117031.0 3902.0 15.0
117151.0 3906.0 15.0
117421.0 3915.0 15.0
117781.0 3927.0 15.0
118081.0 3937.0 15.0
118591.0 3954.0 15.0
119191.0 3974.0 15.0
120031.0 4002.0 15.0
120390.0 4014.0 15.0
120571.0 4020.0 15.0
120601.0 4021.0 15.0
120751.0 4026.0 15.0
120961.0 4033.0 15.0
120991.0 4034.0 15.0
121530.0 4052.0 15.0
121651.0 4056.0 15.0
122371.0 4080.0 15.0
122761.0 4093.0 15.0
125071.0 4170.0 15.0
125281.0 4177.0 15.0
125731.0 4192.0 15.0
126106.0 4205.0 15.0
127201.0 4241.0 15.0
127621.0 4255.0 15.0
141841.0 4729.0 15.0
141931.0 4732.0 15.0
