rev4
7038248.0 234610.0 15.0
7169082.0 238971.0 15.0
7182367.0 239414.0 15.0
7201618.0 240055.0 15.0
7211692.0 240391.0 15.0
7230984.0 241034.0 15.0
7244336.0 241480.0 15.0
7270212.0 242342.0 15.0
7277636.0 242589.0 15.0
7311894.0 243731.0 15.0
7314732.0 243828.0 15.0
7320754.0 244027.0 15.0
7328818.0 244295.0 15.0
7329610.0 244322.0 15.0
7346158.0 244873.0 15.0
7365746.0 245527.0 15.0
7373036.0 245771.0 15.0
7377459.0 245917.0 15.0
7390535.0 246354.0 15.0
7390616.0 246355.0 15.0
7406228.0 246877.0 15.0
7408539.0 246953.0 15.0
7415873.0 247198.0 15.0
7421639.0 247390.0 15.0
7425490.0 247519.0 15.0
7432616.0 247756.0 15.0
7471091.0 249038.0 15.0
7480869.0 249364.0 15.0
7484244.0 249476.0 15.0
7486679.0 249557.0 15.0
7489803.0 249662.0 15.0
7499150.0 249974.0 15.0
7508667.0 250290.0 15.0
7517348.0 250580.0 15.0
7517722.0 250592.0 15.0
7522888.0 250765.0 15.0
7534030.0 251136.0 15.0
7536895.0 251232.0 15.0
7539670.0 251324.0 15.0
7543763.0 251460.0 15.0
7559895.0 251998.0 15.0
7565355.0 252181.0 15.0
7565736.0 252193.0 15.0
7571487.0 252385.0 15.0
7577474.0 252584.0 15.0
7589966.0 253000.0 15.0
7599295.0 253311.0 15.0
7601471.0 253384.0 15.0
7616424.0 253883.0 15.0
7619802.0 253995.0 15.0
7620717.0 254026.0 15.0
7626068.0 254204.0 15.0
7644358.0 254814.0 15.0
7651167.0 255041.0 15.0
7656743.0 255226.0 15.0
7661053.0 255370.0 15.0
7661756.0 255393.0 15.0
7664667.0 255491.0 15.0
7666720.0 255559.0 15.0
7666750.0 255560.0 15.0
7686324.0 256212.0 15.0
7701174.0 256708.0 15.0
7706290.0 256878.0 15.0
7714824.0 257162.0 15.0
7723376.0 257447.0 15.0
7727727.0 257592.0 15.0
7738898.0 257965.0 15.0
7746487.0 258218.0 15.0
7746522.0 258219.0 15.0
7750748.0 258360.0 15.0
7767638.0 258923.0 15.0
7783746.0 259460.0 15.0
7800834.0 260029.0 15.0
7807185.0 260241.0 15.0
7807615.0 260256.0 15.0
7817622.0 260589.0 15.0
7817906.0 260598.0 15.0
7824369.0 260814.0 15.0
7837186.0 261243.0 15.0
7845792.0 261530.0 15.0
7869607.0 262322.0 15.0
7886738.0 262893.0 15.0
7892816.0 263095.0 15.0
7966421.0 265549.0 15.0
7991214.0 266375.0 15.0
7999582.0 266654.0 15.0
8013599.0 267121.0 15.0
8024248.0 267476.0 15.0
8053602.0 268456.0 15.0
8062228.0 268742.0 15.0
8071028.0 269036.0 15.0
8142449.0 271416.0 15.0
8203857.0 273463.0 15.0
8253972.0 275134.0 15.0
8321216.0 277376.0 15.0
8405274.0 280177.0 15.0
8426320.0 280879.0 15.0
8456233.0 281876.0 15.0
8459490.0 281985.0 15.0
8480347.0 282680.0 15.0
