rev4
419370.0 13980.0 15.0
426300.0 14211.0 15.0
431566.0 14387.0 15.0
432780.0 14427.0 15.0
433291.0 14444.0 15.0
434896.0 14498.0 15.0
436153.0 14540.0 15.0
437431.0 14582.0 15.0
438601.0 14621.0 15.0
438811.0 14628.0 15.0
439351.0 14646.0 15.0
441361.0 14713.0 15.0
441631.0 14722.0 15.0
441661.0 14723.0 15.0
442111.0 14738.0 15.0
442711.0 14758.0 15.0
442861.0 14763.0 15.0
443236.0 14776.0 15.0
444121.0 14805.0 15.0
444571.0 14820.0 15.0
444811.0 14828.0 15.0
445711.0 14858.0 15.0
446641.0 14889.0 15.0
446836.0 14896.0 15.0
446851.0 14896.0 15.0
447061.0 14903.0 15.0
447150.0 14906.0 15.0
448441.0 14949.0 15.0
448441.0 14949.0 15.0
448591.0 14954.0 15.0
448891.0 14964.0 15.0
451501.0 15051.0 15.0
451711.0 15058.0 15.0
451741.0 15059.0 15.0
451951.0 15066.0 15.0
451951.0 15066.0 15.0
451981.0 15067.0 15.0
452881.0 15097.0 15.0
453001.0 15101.0 15.0
457381.0 15247.0 15.0
457649.0 15256.0 15.0
457739.0 15259.0 15.0
457891.0 15264.0 15.0
458041.0 15269.0 15.0
458791.0 15294.0 15.0
458970.0 15300.0 15.0
459001.0 15301.0 15.0
459001.0 15301.0 15.0
459181.0 15307.0 15.0
459270.0 15310.0 15.0
459691.0 15324.0 15.0
460139.0 15339.0 15.0
460680.0 15357.0 15.0
460891.0 15364.0 15.0
461731.0 15392.0 15.0
462001.0 15401.0 15.0
462420.0 15415.0 15.0
462616.0 15422.0 15.0
463081.0 15437.0 15.0
463291.0 15444.0 15.0
463741.0 15459.0 15.0
463741.0 15459.0 15.0
466229.0 15542.0 15.0
467011.0 15568.0 15.0
467026.0 15569.0 15.0
467670.0 15590.0 15.0
468541.0 15619.0 15.0
468960.0 15633.0 15.0
469229.0 15642.0 15.0
469320.0 15645.0 15.0
469561.0 15653.0 15.0
469771.0 15660.0 15.0
469859.0 15663.0 15.0
470219.0 15675.0 15.0
470641.0 15689.0 15.0
470731.0 15692.0 15.0
472021.0 15735.0 15.0
472081.0 15737.0 15.0
473581.0 15787.0 15.0
474181.0 15807.0 15.0
475891.0 15864.0 15.0
476850.0 15896.0 15.0
478140.0 15939.0 15.0
481440.0 16049.0 15.0
482311.0 16078.0 15.0
482341.0 16079.0 15.0
483781.0 16127.0 15.0
484201.0 16141.0 15.0
484381.0 16147.0 15.0
485251.0 16176.0 15.0
485670.0 16190.0 15.0
487034.0 16236.0 15.0
487081.0 16237.0 15.0
487861.0 16263.0 15.0
488971.0 16300.0 15.0
492961.0 16433.0 15.0
498361.0 16613.0 15.0
499801.0 16661.0 15.0
516479.0 17217.0 15.0
519001.0 17301.0 15.0
