rev4
1.4399134E7 479975.0 15.0
1.4515583E7 483855.0 15.0
1.4580804E7 486029.0 15.0
1.4613816E7 487129.0 15.0
1.4654001E7 488470.0 15.0
1.4684858E7 489497.0 15.0
1.4689315E7 489646.0 15.0
1.4693149E7 489775.0 15.0
1.4714242E7 490477.0 15.0
1.4719143E7 490640.0 15.0
1.4756058E7 491871.0 15.0
1.4758065E7 491938.0 15.0
1.4764482E7 492151.0 15.0
1.4770353E7 492347.0 15.0
1.4809893E7 493665.0 15.0
1.4840901E7 494698.0 15.0
1.487558E7 495856.0 15.0
1.4878882E7 495965.0 15.0
1.4885511E7 496186.0 15.0
1.4969702E7 498993.0 15.0
1.4974462E7 499151.0 15.0
1.5011209E7 500376.0 15.0
1.5024444E7 500817.0 15.0
1.5052807E7 501762.0 15.0
1.5119885E7 503999.0 15.0
1.5129034E7 504303.0 15.0
1.5146915E7 504899.0 15.0
1.5148194E7 504942.0 15.0
1.5148268E7 504946.0 15.0
1.5159904E7 505332.0 15.0
1.5194287E7 506479.0 15.0
1.5194556E7 506488.0 15.0
1.5210712E7 507027.0 15.0
1.521343E7 507116.0 15.0
1.5221652E7 507390.0 15.0
1.5232458E7 507751.0 15.0
1.5240653E7 508023.0 15.0
1.5258064E7 508605.0 15.0
1.5261955E7 508734.0 15.0
1.526555E7 508855.0 15.0
1.5271222E7 509042.0 15.0
1.5284451E7 509484.0 15.0
1.5285248E7 509510.0 15.0
1.5291696E7 509725.0 15.0
1.5295733E7 509860.0 15.0
1.5309156E7 510307.0 15.0
1.5312685E7 510426.0 15.0
1.5324182E7 510809.0 15.0
1.5328555E7 510955.0 15.0
1.5337986E7 511268.0 15.0
1.5381861E7 512731.0 15.0
1.5401205E7 513375.0 15.0
1.5406904E7 513567.0 15.0
1.5418711E7 513960.0 15.0
1.5428837E7 514297.0 15.0
1.5430488E7 514353.0 15.0
1.5438555E7 514622.0 15.0
1.5462879E7 515431.0 15.0
1.5473024E7 515772.0 15.0
1.5496085E7 516538.0 15.0
1.5502569E7 516754.0 15.0
1.5510928E7 517033.0 15.0
1.5514625E7 517156.0 15.0
1.5522456E7 517417.0 15.0
1.5527451E7 517585.0 15.0
1.5557316E7 518580.0 15.0
1.5558336E7 518613.0 15.0
1.5589232E7 519645.0 15.0
1.5602618E7 520090.0 15.0
1.5631295E7 521046.0 15.0
1.5632572E7 521089.0 15.0
1.5670096E7 522340.0 15.0
1.5716971E7 523901.0 15.0
1.5736877E7 524565.0 15.0
1.5761932E7 525401.0 15.0
1.5796921E7 526568.0 15.0
1.580857E7 526955.0 15.0
1.5820805E7 527362.0 15.0
1.5836798E7 527896.0 15.0
1.5847924E7 528266.0 15.0
1.5883048E7 529438.0 15.0
1.5896789E7 529895.0 15.0
1.5909643E7 530324.0 15.0
1.5944312E7 531482.0 15.0
1.5945317E7 531512.0 15.0
1.6014277E7 533811.0 15.0
1.6023562E7 534120.0 15.0
1.6123066E7 537437.0 15.0
1.6127123E7 537574.0 15.0
1.6187208E7 539577.0 15.0
1.6207334E7 540246.0 15.0
1.6260706E7 542026.0 15.0
1.6403973E7 546801.0 15.0
1.6462851E7 548765.0 15.0
1.6536261E7 551211.0 15.0
1.6572672E7 552425.0 15.0
1.6798105E7 559940.0 15.0
1.6857391E7 561916.0 15.0
1.6901013E7 563369.0 15.0
1.8383921E7 612801.0 15.0
