rev4
2611.0 88.0 15.0
2761.0 93.0 15.0
2881.0 97.0 15.0
2911.0 98.0 15.0
2941.0 99.0 15.0
2941.0 99.0 15.0
3031.0 102.0 15.0
3061.0 103.0 15.0
3091.0 104.0 15.0
3121.0 105.0 15.0
3151.0 106.0 15.0
3151.0 106.0 15.0
3181.0 107.0 15.0
3181.0 107.0 15.0
3211.0 108.0 15.0
3211.0 108.0 15.0
3211.0 108.0 15.0
3211.0 108.0 15.0
3241.0 109.0 15.0
3241.0 109.0 15.0
3271.0 110.0 15.0
3271.0 110.0 15.0
3271.0 110.0 15.0
3301.0 111.0 15.0
3331.0 112.0 15.0
3331.0 112.0 15.0
3391.0 114.0 15.0
3421.0 115.0 15.0
3421.0 115.0 15.0
3451.0 116.0 15.0
3481.0 117.0 15.0
3481.0 117.0 15.0
3481.0 117.0 15.0
3481.0 117.0 15.0
3511.0 118.0 15.0
3511.0 118.0 15.0
3511.0 118.0 15.0
3541.0 119.0 15.0
3601.0 121.0 15.0
3631.0 122.0 15.0
3631.0 122.0 15.0
3631.0 122.0 15.0
3631.0 122.0 15.0
3631.0 122.0 15.0
3631.0 122.0 15.0
3661.0 123.0 15.0
3661.0 123.0 15.0
3661.0 123.0 15.0
3661.0 123.0 15.0
3691.0 124.0 15.0
3691.0 124.0 15.0
3751.0 126.0 15.0
3751.0 126.0 15.0
3751.0 126.0 15.0
3751.0 126.0 15.0
3781.0 127.0 15.0
3781.0 127.0 15.0
3781.0 127.0 15.0
3811.0 128.0 15.0
3811.0 128.0 15.0
3840.0 129.0 15.0
3841.0 129.0 15.0
3841.0 129.0 15.0
3841.0 129.0 15.0
3871.0 130.0 15.0
3901.0 131.0 15.0
3901.0 131.0 15.0
3901.0 131.0 15.0
3901.0 131.0 15.0
3901.0 131.0 15.0
3931.0 132.0 15.0
3931.0 132.0 15.0
3961.0 133.0 15.0
3961.0 133.0 15.0
4021.0 135.0 15.0
4051.0 136.0 15.0
4051.0 136.0 15.0
4051.0 136.0 15.0
4081.0 137.0 15.0
4111.0 138.0 15.0
4141.0 139.0 15.0
4141.0 139.0 15.0
4141.0 139.0 15.0
4201.0 141.0 15.0
4201.0 141.0 15.0
4201.0 141.0 15.0
4231.0 142.0 15.0
4231.0 142.0 15.0
4291.0 144.0 15.0
4321.0 145.0 15.0
4321.0 145.0 15.0
4381.0 147.0 15.0
4381.0 147.0 15.0
4561.0 153.0 15.0
4591.0 154.0 15.0
4621.0 155.0 15.0
4681.0 157.0 15.0
4831.0 162.0 15.0
4891.0 164.0 15.0
4981.0 167.0 15.0
