rev4
50281.0 1677.0 15.0
50671.0 1690.0 15.0
51511.0 1718.0 15.0
51661.0 1723.0 15.0
51961.0 1733.0 15.0
52201.0 1741.0 15.0
52321.0 1745.0 15.0
52381.0 1747.0 15.0
52381.0 1747.0 15.0
52801.0 1761.0 15.0
52921.0 1765.0 15.0
53011.0 1768.0 15.0
53040.0 1769.0 15.0
53101.0 1771.0 15.0
53191.0 1774.0 15.0
53341.0 1779.0 15.0
53341.0 1779.0 15.0
53461.0 1783.0 15.0
53461.0 1783.0 15.0
53521.0 1785.0 15.0
53611.0 1788.0 15.0
53821.0 1795.0 15.0
53971.0 1800.0 15.0
54121.0 1805.0 15.0
54301.0 1811.0 15.0
54421.0 1815.0 15.0
54511.0 1818.0 15.0
54541.0 1819.0 15.0
54601.0 1821.0 15.0
54811.0 1828.0 15.0
54811.0 1828.0 15.0
54901.0 1831.0 15.0
55051.0 1836.0 15.0
55201.0 1841.0 15.0
55201.0 1841.0 15.0
55381.0 1847.0 15.0
55441.0 1849.0 15.0
55531.0 1852.0 15.0
55591.0 1854.0 15.0
55651.0 1856.0 15.0
55831.0 1862.0 15.0
55861.0 1863.0 15.0
55921.0 1865.0 15.0
56131.0 1872.0 15.0
56191.0 1874.0 15.0
56251.0 1876.0 15.0
56251.0 1876.0 15.0
56311.0 1878.0 15.0
56311.0 1878.0 15.0
56791.0 1894.0 15.0
57331.0 1912.0 15.0
57331.0 1912.0 15.0
57331.0 1912.0 15.0
57511.0 1918.0 15.0
57661.0 1923.0 15.0
57781.0 1927.0 15.0
57811.0 1928.0 15.0
57841.0 1929.0 15.0
57931.0 1932.0 15.0
58051.0 1936.0 15.0
58111.0 1938.0 15.0
58171.0 1940.0 15.0
58321.0 1945.0 15.0
58426.0 1949.0 15.0
58861.0 1963.0 15.0
58921.0 1965.0 15.0
59011.0 1968.0 15.0
59251.0 1976.0 15.0
59461.0 1983.0 15.0
59551.0 1986.0 15.0
59551.0 1986.0 15.0
59671.0 1990.0 15.0
59731.0 1992.0 15.0
59851.0 1996.0 15.0
60301.0 2011.0 15.0
60481.0 2017.0 15.0
60811.0 2028.0 15.0
60841.0 2029.0 15.0
60931.0 2032.0 15.0
61021.0 2035.0 15.0
61111.0 2038.0 15.0
61231.0 2042.0 15.0
61351.0 2046.0 15.0
61411.0 2048.0 15.0
61591.0 2054.0 15.0
61771.0 2060.0 15.0
61981.0 2067.0 15.0
62641.0 2089.0 15.0
62911.0 2098.0 15.0
63331.0 2112.0 15.0
63751.0 2126.0 15.0
63841.0 2129.0 15.0
64081.0 2137.0 15.0
64291.0 2144.0 15.0
64441.0 2149.0 15.0
65281.0 2177.0 15.0
65956.0 2200.0 15.0
66781.0 2227.0 15.0
66871.0 2230.0 15.0
68071.0 2270.0 15.0
