rev4
1722451.0 57416.0 15.0
1759335.0 58646.0 15.0
1763446.0 58783.0 15.0
1766295.0 58878.0 15.0
1771171.0 59040.0 15.0
1778461.0 59283.0 15.0
1778864.0 59297.0 15.0
1782135.0 59406.0 15.0
1791405.0 59715.0 15.0
1796293.0 59878.0 15.0
1799820.0 59995.0 15.0
1800780.0 60027.0 15.0
1803868.0 60130.0 15.0
1804198.0 60141.0 15.0
1805250.0 60176.0 15.0
1806796.0 60228.0 15.0
1807261.0 60243.0 15.0
1807621.0 60255.0 15.0
1808476.0 60284.0 15.0
1808641.0 60289.0 15.0
1811939.0 60399.0 15.0
1812886.0 60431.0 15.0
1818628.0 60622.0 15.0
1820430.0 60682.0 15.0
1820940.0 60699.0 15.0
1821211.0 60708.0 15.0
1822949.0 60766.0 15.0
1827990.0 60934.0 15.0
1831199.0 61041.0 15.0
1835431.0 61182.0 15.0
1837786.0 61261.0 15.0
1837981.0 61267.0 15.0
1840201.0 61341.0 15.0
1841189.0 61375.0 15.0
1841310.0 61378.0 15.0
1844729.0 61492.0 15.0
1847731.0 61592.0 15.0
1851689.0 61724.0 15.0
1852992.0 61768.0 15.0
1858439.0 61949.0 15.0
1861200.0 62041.0 15.0
1869630.0 62322.0 15.0
1871070.0 62370.0 15.0
1874821.0 62495.0 15.0
1876904.0 62565.0 15.0
1877191.0 62574.0 15.0
1877310.0 62578.0 15.0
1880700.0 62691.0 15.0
1881929.0 62732.0 15.0
1890330.0 63012.0 15.0
1893856.0 63130.0 15.0
1898219.0 63275.0 15.0
1899421.0 63316.0 15.0
1899631.0 63322.0 15.0
1903650.0 63456.0 15.0
1904446.0 63483.0 15.0
1905720.0 63525.0 15.0
1908391.0 63614.0 15.0
1914571.0 63820.0 15.0
1916728.0 63892.0 15.0
1917240.0 63909.0 15.0
1917779.0 63927.0 15.0
1919041.0 63969.0 15.0
1919790.0 63994.0 15.0
1920404.0 64015.0 15.0
1922666.0 64090.0 15.0
1924501.0 64151.0 15.0
1931772.0 64394.0 15.0
1936681.0 64557.0 15.0
1941166.0 64707.0 15.0
1941946.0 64733.0 15.0
1943698.0 64791.0 15.0
1945891.0 64864.0 15.0
1946489.0 64884.0 15.0
1948634.0 64956.0 15.0
1949534.0 64986.0 15.0
1954797.0 65161.0 15.0
1960259.0 65343.0 15.0
1962735.0 65426.0 15.0
1964877.0 65497.0 15.0
1967461.0 65583.0 15.0
1967682.0 65591.0 15.0
1969741.0 65660.0 15.0
1976835.0 65896.0 15.0
1977163.0 65907.0 15.0
1982518.0 66085.0 15.0
1983300.0 66112.0 15.0
1983391.0 66114.0 15.0
1992000.0 66401.0 15.0
2017453.0 67250.0 15.0
2017767.0 67261.0 15.0
2021851.0 67396.0 15.0
2044471.0 68150.0 15.0
2053891.0 68464.0 15.0
2060611.0 68688.0 15.0
2062471.0 68750.0 15.0
2062586.0 68754.0 15.0
2070149.0 69006.0 15.0
2168653.0 72290.0 15.0
2240550.0 74686.0 15.0
