rev2
1.5680017E7 871113.0 9.0
1.6042825E7 891269.0 9.0
1.6166233E7 898125.0 9.0
1.6166269E7 898127.0 9.0
1.6231591E7 901756.0 9.0
1.6261507E7 903418.0 9.0
1.6265431E7 903636.0 9.0
1.6298101E7 905451.0 9.0
1.6300873E7 905605.0 9.0
1.6301269E7 905627.0 9.0
1.6306291E7 905906.0 9.0
1.6318117E7 906563.0 9.0
1.6328593E7 907145.0 9.0
1.6341463E7 907860.0 9.0
1.6357843E7 908770.0 9.0
1.6390603E7 910590.0 9.0
1.6403167E7 911288.0 9.0
1.6444639E7 913592.0 9.0
1.6470829E7 915047.0 9.0
1.6494031E7 916336.0 9.0
1.6516405E7 917579.0 9.0
1.6522219E7 917902.0 9.0
1.6526269E7 918127.0 9.0
1.6531849E7 918437.0 9.0
1.6568749E7 920487.0 9.0
1.6578919E7 921052.0 9.0
1.6584193E7 921345.0 9.0
1.6643917E7 924663.0 9.0
1.6656229E7 925347.0 9.0
1.6669441E7 926081.0 9.0
1.6686793E7 927045.0 9.0
1.6702957E7 927943.0 9.0
1.6721029E7 928947.0 9.0
1.6735285E7 929739.0 9.0
1.6741513E7 930085.0 9.0
1.6774867E7 931938.0 9.0
1.6788169E7 932677.0 9.0
1.6818337E7 934353.0 9.0
1.6831189E7 935067.0 9.0
1.6838191E7 935456.0 9.0
1.6887169E7 938177.0 9.0
1.6907887E7 939328.0 9.0
1.6915159E7 939732.0 9.0
1.6930873E7 940605.0 9.0
1.6937263E7 940960.0 9.0
1.6956919E7 942052.0 9.0
1.6998895E7 944384.0 9.0
1.7007895E7 944884.0 9.0
1.7064145E7 948009.0 9.0
1.7101045E7 950059.0 9.0
1.7107093E7 950395.0 9.0
1.7123005E7 951279.0 9.0
1.7123797E7 951323.0 9.0
1.7128279E7 951572.0 9.0
1.7131933E7 951775.0 9.0
1.7157601E7 953201.0 9.0
1.7158843E7 953270.0 9.0
1.7210557E7 956143.0 9.0
1.7215201E7 956401.0 9.0
1.7270947E7 959498.0 9.0
1.7285635E7 960314.0 9.0
1.7294977E7 960833.0 9.0
1.7296165E7 960899.0 9.0
1.7300089E7 961117.0 9.0
1.7351227E7 963958.0 9.0
1.7408485E7 967139.0 9.0
1.7463385E7 970189.0 9.0
1.7480377E7 971133.0 9.0
1.7499493E7 972195.0 9.0
1.7562889E7 975717.0 9.0
1.7611075E7 978394.0 9.0
1.7613793E7 978545.0 9.0
1.7615161E7 978621.0 9.0
1.7694235E7 983014.0 9.0
1.7710867E7 983938.0 9.0
1.7730271E7 985016.0 9.0
1.7782759E7 987932.0 9.0
1.7813035E7 989614.0 9.0
1.7816023E7 989780.0 9.0
1.7840773E7 991155.0 9.0
1.7841925E7 991219.0 9.0
1.7866675E7 992594.0 9.0
1.8021331E7 1001186.0 9.0
1.8091027E7 1005058.0 9.0
1.8110503E7 1006140.0 9.0
1.8196813E7 1010935.0 9.0
1.8205831E7 1011436.0 9.0
1.8253405E7 1014079.0 9.0
1.8524935E7 1029164.0 9.0
1.8668449E7 1037137.0 9.0
1.8724501E7 1040251.0 9.0
1.8727471E7 1040416.0 9.0
1.8926029E7 1051447.0 9.0
1.8965845E7 1053659.0 9.0
1.8972559E7 1054032.0 9.0
1.9412173E7 1078455.0 9.0
1.9694143E7 1094120.0 9.0
2.0039167E7 1113288.0 9.0
2.0084365E7 1115799.0 9.0
2.0699281E7 1149961.0 9.0
