rev2
1945.0 109.0 9.0
1963.0 110.0 9.0
1981.0 111.0 9.0
2035.0 114.0 9.0
2089.0 117.0 9.0
2143.0 120.0 9.0
2179.0 122.0 9.0
2197.0 123.0 9.0
2197.0 123.0 9.0
2233.0 125.0 9.0
2305.0 129.0 9.0
2323.0 130.0 9.0
2323.0 130.0 9.0
2323.0 130.0 9.0
2341.0 131.0 9.0
2359.0 132.0 9.0
2395.0 134.0 9.0
2413.0 135.0 9.0
2413.0 135.0 9.0
2431.0 136.0 9.0
2431.0 136.0 9.0
2449.0 137.0 9.0
2449.0 137.0 9.0
2449.0 137.0 9.0
2449.0 137.0 9.0
2449.0 137.0 9.0
2467.0 138.0 9.0
2467.0 138.0 9.0
2467.0 138.0 9.0
2467.0 138.0 9.0
2467.0 138.0 9.0
2485.0 139.0 9.0
2485.0 139.0 9.0
2485.0 139.0 9.0
2503.0 140.0 9.0
2503.0 140.0 9.0
2503.0 140.0 9.0
2521.0 141.0 9.0
2521.0 141.0 9.0
2521.0 141.0 9.0
2521.0 141.0 9.0
2539.0 142.0 9.0
2539.0 142.0 9.0
2557.0 143.0 9.0
2557.0 143.0 9.0
2557.0 143.0 9.0
2593.0 145.0 9.0
2593.0 145.0 9.0
2593.0 145.0 9.0
2593.0 145.0 9.0
2593.0 145.0 9.0
2611.0 146.0 9.0
2629.0 147.0 9.0
2629.0 147.0 9.0
2647.0 148.0 9.0
2665.0 149.0 9.0
2683.0 150.0 9.0
2701.0 151.0 9.0
2701.0 151.0 9.0
2701.0 151.0 9.0
2701.0 151.0 9.0
2701.0 151.0 9.0
2737.0 153.0 9.0
2737.0 153.0 9.0
2737.0 153.0 9.0
2737.0 153.0 9.0
2737.0 153.0 9.0
2755.0 154.0 9.0
2755.0 154.0 9.0
2773.0 155.0 9.0
2791.0 156.0 9.0
2809.0 157.0 9.0
2809.0 157.0 9.0
2827.0 158.0 9.0
2827.0 158.0 9.0
2827.0 158.0 9.0
2827.0 158.0 9.0
2845.0 159.0 9.0
2881.0 161.0 9.0
2899.0 162.0 9.0
2899.0 162.0 9.0
2899.0 162.0 9.0
2899.0 162.0 9.0
2935.0 164.0 9.0
2935.0 164.0 9.0
2953.0 165.0 9.0
2953.0 165.0 9.0
2971.0 166.0 9.0
2971.0 166.0 9.0
2971.0 166.0 9.0
3007.0 168.0 9.0
3043.0 170.0 9.0
3079.0 172.0 9.0
3115.0 174.0 9.0
3205.0 179.0 9.0
3223.0 180.0 9.0
3277.0 183.0 9.0
3349.0 187.0 9.0
3475.0 194.0 9.0
3961.0 221.0 9.0
