rev4
4.8800473E7 2713150.0 9.0
4.923989E7 2737665.0 9.0
4.9301259E7 2741030.0 9.0
4.931331E7 2741667.0 9.0
4.9752005E7 2766088.0 9.0
4.9779107E7 2767552.0 9.0
4.9811264E7 2769365.0 9.0
4.9853018E7 2771705.0 9.0
4.9870101E7 2772654.0 9.0
4.9896949E7 2774115.0 9.0
5.00992E7 2785335.0 9.0
5.0120692E7 2786563.0 9.0
5.0360522E7 2799972.0 9.0
5.0390412E7 2801559.0 9.0
5.0575769E7 2811847.0 9.0
5.0576178E7 2811884.0 9.0
5.0680781E7 2817702.0 9.0
5.0685551E7 2817955.0 9.0
5.0780175E7 2823266.0 9.0
5.0863491E7 2827822.0 9.0
5.0868805E7 2828193.0 9.0
5.0935649E7 2831880.0 9.0
5.0948144E7 2832635.0 9.0
5.102964E7 2837054.0 9.0
5.1045645E7 2837989.0 9.0
5.1126853E7 2842513.0 9.0
5.1142252E7 2843340.0 9.0
5.1220998E7 2847780.0 9.0
5.1236697E7 2848626.0 9.0
5.1256148E7 2849671.0 9.0
5.1300662E7 2852112.0 9.0
5.1338403E7 2854246.0 9.0
5.1343403E7 2854587.0 9.0
5.1370586E7 2856050.0 9.0
5.1399217E7 2857604.0 9.0
5.1451559E7 2860532.0 9.0
5.1512229E7 2863960.0 9.0
5.1539241E7 2865373.0 9.0
5.1585E7 2867993.0 9.0
5.1927726E7 2887062.0 9.0
5.2035804E7 2893015.0 9.0
5.2049072E7 2893750.0 9.0
5.2058229E7 2894292.0 9.0
5.2060403E7 2894409.0 9.0
5.2084517E7 2895786.0 9.0
5.2111916E7 2897244.0 9.0
5.2208389E7 2902632.0 9.0
5.2217529E7 2903116.0 9.0
5.226439E7 2905765.0 9.0
5.2277485E7 2906510.0 9.0
5.2288044E7 2906989.0 9.0
5.2534555E7 2920773.0 9.0
5.2548919E7 2921602.0 9.0
5.2578724E7 2923233.0 9.0
5.2604636E7 2924613.0 9.0
5.2625928E7 2925820.0 9.0
5.2772641E7 2934015.0 9.0
5.2916808E7 2942090.0 9.0
5.2922987E7 2942353.0 9.0
5.3218904E7 2958870.0 9.0
5.3259086E7 2961079.0 9.0
5.3273587E7 2961857.0 9.0
5.3344793E7 2965851.0 9.0
5.3353732E7 2966284.0 9.0
5.3521532E7 2975611.0 9.0
5.3546243E7 2977003.0 9.0
5.3584339E7 2979157.0 9.0
5.3620098E7 2981139.0 9.0
5.370185E7 2985721.0 9.0
5.3707995E7 2985999.0 9.0
5.3906093E7 2996966.0 9.0
5.4069734E7 3006131.0 9.0
5.4117047E7 3008735.0 9.0
5.4136027E7 3009778.0 9.0
5.4169358E7 3011647.0 9.0
5.4233139E7 3015234.0 9.0
5.4288856E7 3018323.0 9.0
5.436187E7 3022395.0 9.0
5.4449678E7 3027251.0 9.0
5.4453943E7 3027524.0 9.0
5.4569948E7 3033917.0 9.0
5.4832113E7 3048501.0 9.0
5.4892528E7 3051855.0 9.0
5.4998563E7 3057763.0 9.0
5.540163E7 3080199.0 9.0
5.5485629E7 3084818.0 9.0
5.5598918E7 3091087.0 9.0
5.5677367E7 3095508.0 9.0
5.5700127E7 3096711.0 9.0
5.6774535E7 3156489.0 9.0
5.692046E7 3164611.0 9.0
5.6980946E7 3167940.0 9.0
5.7049057E7 3171770.0 9.0
5.7215502E7 3181020.0 9.0
5.7234317E7 3182050.0 9.0
5.7588064E7 3201755.0 9.0
5.8249767E7 3238533.0 9.0
6.0222994E7 3348314.0 9.0
6.3584111E7 3535114.0 9.0
6.4246732E7 3571884.0 9.0
