rev4
295679.0 16441.0 9.0
296371.0 16480.0 9.0
302465.0 16816.0 9.0
303984.0 16902.0 9.0
305398.0 16984.0 9.0
306441.0 17034.0 9.0
307062.0 17072.0 9.0
307871.0 17120.0 9.0
308421.0 17148.0 9.0
309414.0 17204.0 9.0
309536.0 17213.0 9.0
309984.0 17233.0 9.0
310381.0 17261.0 9.0
310479.0 17259.0 9.0
311907.0 17340.0 9.0
312087.0 17354.0 9.0
312419.0 17371.0 9.0
312597.0 17381.0 9.0
313045.0 17408.0 9.0
313773.0 17440.0 9.0
314875.0 17508.0 9.0
314963.0 17514.0 9.0
315210.0 17524.0 9.0
315557.0 17544.0 9.0
317125.0 17632.0 9.0
317484.0 17654.0 9.0
318035.0 17685.0 9.0
318041.0 17687.0 9.0
318174.0 17687.0 9.0
318927.0 17734.0 9.0
319209.0 17748.0 9.0
319355.0 17759.0 9.0
319606.0 17772.0 9.0
319873.0 17780.0 9.0
319955.0 17790.0 9.0
320360.0 17812.0 9.0
320542.0 17821.0 9.0
321435.0 17875.0 9.0
322204.0 17914.0 9.0
323699.0 17999.0 9.0
323945.0 18013.0 9.0
324081.0 18020.0 9.0
324168.0 18025.0 9.0
324558.0 18049.0 9.0
326193.0 18135.0 9.0
327168.0 18188.0 9.0
327186.0 18192.0 9.0
327945.0 18232.0 9.0
328084.0 18248.0 9.0
328205.0 18245.0 9.0
328504.0 18265.0 9.0
329292.0 18311.0 9.0
329373.0 18311.0 9.0
331196.0 18415.0 9.0
333169.0 18524.0 9.0
333938.0 18565.0 9.0
334396.0 18591.0 9.0
334591.0 18601.0 9.0
335177.0 18633.0 9.0
335361.0 18645.0 9.0
335542.0 18655.0 9.0
335582.0 18661.0 9.0
335667.0 18659.0 9.0
336346.0 18699.0 9.0
336434.0 18709.0 9.0
337259.0 18751.0 9.0
337420.0 18764.0 9.0
337535.0 18766.0 9.0
338580.0 18826.0 9.0
338938.0 18844.0 9.0
339144.0 18861.0 9.0
339289.0 18867.0 9.0
339653.0 18882.0 9.0
341932.0 19011.0 9.0
342234.0 19027.0 9.0
345059.0 19184.0 9.0
345198.0 19194.0 9.0
346093.0 19239.0 9.0
347190.0 19305.0 9.0
347896.0 19344.0 9.0
351189.0 19524.0 9.0
351850.0 19567.0 9.0
351912.0 19564.0 9.0
352300.0 19588.0 9.0
352798.0 19612.0 9.0
353878.0 19673.0 9.0
354143.0 19688.0 9.0
355089.0 19740.0 9.0
355162.0 19748.0 9.0
356000.0 19791.0 9.0
356675.0 19831.0 9.0
356793.0 19835.0 9.0
356851.0 19836.0 9.0
364996.0 20296.0 9.0
367394.0 20425.0 9.0
374282.0 20808.0 9.0
374660.0 20834.0 9.0
381648.0 21219.0 9.0
381932.0 21238.0 9.0
392030.0 21795.0 9.0
