rev2
4537.0 253.0 9.0
4573.0 255.0 9.0
4699.0 262.0 9.0
4843.0 270.0 9.0
4843.0 270.0 9.0
4861.0 271.0 9.0
4879.0 272.0 9.0
4933.0 275.0 9.0
4933.0 275.0 9.0
4933.0 275.0 9.0
4951.0 276.0 9.0
4951.0 276.0 9.0
4987.0 278.0 9.0
4987.0 278.0 9.0
5023.0 280.0 9.0
5023.0 280.0 9.0
5041.0 281.0 9.0
5041.0 281.0 9.0
5131.0 286.0 9.0
5149.0 287.0 9.0
5149.0 287.0 9.0
5149.0 287.0 9.0
5167.0 288.0 9.0
5203.0 290.0 9.0
5203.0 290.0 9.0
5221.0 291.0 9.0
5239.0 292.0 9.0
5239.0 292.0 9.0
5257.0 293.0 9.0
5257.0 293.0 9.0
5293.0 295.0 9.0
5293.0 295.0 9.0
5293.0 295.0 9.0
5311.0 296.0 9.0
5311.0 296.0 9.0
5311.0 296.0 9.0
5365.0 299.0 9.0
5383.0 300.0 9.0
5383.0 300.0 9.0
5401.0 301.0 9.0
5437.0 303.0 9.0
5437.0 303.0 9.0
5437.0 303.0 9.0
5455.0 304.0 9.0
5455.0 304.0 9.0
5473.0 305.0 9.0
5473.0 305.0 9.0
5509.0 307.0 9.0
5509.0 307.0 9.0
5527.0 308.0 9.0
5527.0 308.0 9.0
5545.0 309.0 9.0
5545.0 309.0 9.0
5617.0 313.0 9.0
5617.0 313.0 9.0
5635.0 314.0 9.0
5635.0 314.0 9.0
5653.0 315.0 9.0
5653.0 315.0 9.0
5653.0 315.0 9.0
5671.0 316.0 9.0
5671.0 316.0 9.0
5671.0 316.0 9.0
5689.0 317.0 9.0
5725.0 319.0 9.0
5743.0 320.0 9.0
5815.0 324.0 9.0
5833.0 325.0 9.0
5833.0 325.0 9.0
5833.0 325.0 9.0
5833.0 325.0 9.0
5869.0 327.0 9.0
5887.0 328.0 9.0
5905.0 329.0 9.0
5923.0 330.0 9.0
5923.0 330.0 9.0
5959.0 332.0 9.0
5977.0 333.0 9.0
5977.0 333.0 9.0
6013.0 335.0 9.0
6031.0 336.0 9.0
6049.0 337.0 9.0
6085.0 339.0 9.0
6103.0 340.0 9.0
6139.0 342.0 9.0
6175.0 344.0 9.0
6193.0 345.0 9.0
6193.0 345.0 9.0
6247.0 348.0 9.0
6301.0 351.0 9.0
6301.0 351.0 9.0
6373.0 355.0 9.0
6427.0 358.0 9.0
6445.0 359.0 9.0
6553.0 365.0 9.0
6571.0 366.0 9.0
6643.0 370.0 9.0
7237.0 403.0 9.0
7291.0 406.0 9.0
7471.0 416.0 9.0
