rev2
20935.0 1164.0 9.0
21763.0 1210.0 9.0
21925.0 1219.0 9.0
22141.0 1231.0 9.0
22177.0 1233.0 9.0
22177.0 1233.0 9.0
22213.0 1235.0 9.0
22303.0 1240.0 9.0
22321.0 1241.0 9.0
22393.0 1245.0 9.0
22465.0 1249.0 9.0
22501.0 1251.0 9.0
22519.0 1252.0 9.0
22591.0 1256.0 9.0
22663.0 1260.0 9.0
22663.0 1260.0 9.0
22663.0 1260.0 9.0
22681.0 1261.0 9.0
22897.0 1273.0 9.0
22897.0 1273.0 9.0
22915.0 1274.0 9.0
22915.0 1274.0 9.0
22969.0 1277.0 9.0
23059.0 1282.0 9.0
23059.0 1282.0 9.0
23167.0 1288.0 9.0
23239.0 1292.0 9.0
23275.0 1294.0 9.0
23293.0 1295.0 9.0
23347.0 1298.0 9.0
23365.0 1299.0 9.0
23419.0 1302.0 9.0
23473.0 1305.0 9.0
23491.0 1306.0 9.0
23527.0 1308.0 9.0
23653.0 1315.0 9.0
23707.0 1318.0 9.0
23707.0 1318.0 9.0
23779.0 1322.0 9.0
23815.0 1324.0 9.0
23815.0 1324.0 9.0
23851.0 1326.0 9.0
23959.0 1332.0 9.0
23995.0 1334.0 9.0
24085.0 1339.0 9.0
24247.0 1348.0 9.0
24427.0 1358.0 9.0
24427.0 1358.0 9.0
24445.0 1359.0 9.0
24445.0 1359.0 9.0
24517.0 1363.0 9.0
24517.0 1363.0 9.0
24571.0 1366.0 9.0
24679.0 1372.0 9.0
24679.0 1372.0 9.0
24733.0 1375.0 9.0
24751.0 1376.0 9.0
24769.0 1377.0 9.0
24787.0 1378.0 9.0
24805.0 1379.0 9.0
24805.0 1379.0 9.0
24895.0 1384.0 9.0
24931.0 1386.0 9.0
24949.0 1387.0 9.0
24967.0 1388.0 9.0
25003.0 1390.0 9.0
25021.0 1391.0 9.0
25129.0 1397.0 9.0
25255.0 1404.0 9.0
25291.0 1406.0 9.0
25345.0 1409.0 9.0
25399.0 1412.0 9.0
25417.0 1413.0 9.0
25489.0 1417.0 9.0
25525.0 1419.0 9.0
25687.0 1428.0 9.0
25705.0 1429.0 9.0
25723.0 1430.0 9.0
25759.0 1432.0 9.0
26029.0 1447.0 9.0
26119.0 1452.0 9.0
26119.0 1452.0 9.0
26245.0 1459.0 9.0
26263.0 1460.0 9.0
26281.0 1461.0 9.0
26371.0 1466.0 9.0
26389.0 1467.0 9.0
26443.0 1470.0 9.0
26497.0 1473.0 9.0
26533.0 1475.0 9.0
26569.0 1477.0 9.0
27109.0 1507.0 9.0
27199.0 1512.0 9.0
27217.0 1513.0 9.0
27217.0 1513.0 9.0
27595.0 1534.0 9.0
27613.0 1535.0 9.0
28171.0 1566.0 9.0
28657.0 1593.0 9.0
29395.0 1634.0 9.0
