rev2
45361.0 2521.0 9.0
45415.0 2524.0 9.0
45757.0 2543.0 9.0
46315.0 2574.0 9.0
46639.0 2592.0 9.0
46747.0 2598.0 9.0
46837.0 2603.0 9.0
47035.0 2614.0 9.0
47161.0 2621.0 9.0
47197.0 2623.0 9.0
47485.0 2639.0 9.0
47647.0 2648.0 9.0
47737.0 2653.0 9.0
47809.0 2657.0 9.0
48061.0 2671.0 9.0
48079.0 2672.0 9.0
48187.0 2678.0 9.0
48277.0 2683.0 9.0
48457.0 2693.0 9.0
48565.0 2699.0 9.0
48601.0 2701.0 9.0
48691.0 2706.0 9.0
48691.0 2706.0 9.0
48889.0 2717.0 9.0
48925.0 2719.0 9.0
49087.0 2728.0 9.0
49087.0 2728.0 9.0
49105.0 2729.0 9.0
49141.0 2731.0 9.0
49159.0 2732.0 9.0
49177.0 2733.0 9.0
49195.0 2734.0 9.0
49285.0 2739.0 9.0
49285.0 2739.0 9.0
49375.0 2744.0 9.0
49411.0 2746.0 9.0
49429.0 2747.0 9.0
49609.0 2757.0 9.0
49645.0 2759.0 9.0
49663.0 2760.0 9.0
50041.0 2781.0 9.0
50113.0 2785.0 9.0
50167.0 2788.0 9.0
50509.0 2807.0 9.0
50599.0 2812.0 9.0
50635.0 2814.0 9.0
50635.0 2814.0 9.0
50689.0 2817.0 9.0
50869.0 2827.0 9.0
51067.0 2838.0 9.0
51067.0 2838.0 9.0
51193.0 2845.0 9.0
51193.0 2845.0 9.0
51247.0 2848.0 9.0
51661.0 2871.0 9.0
51913.0 2885.0 9.0
52003.0 2890.0 9.0
52057.0 2893.0 9.0
52129.0 2897.0 9.0
52255.0 2904.0 9.0
52273.0 2905.0 9.0
52291.0 2906.0 9.0
52381.0 2911.0 9.0
52597.0 2923.0 9.0
52651.0 2926.0 9.0
52813.0 2935.0 9.0
52813.0 2935.0 9.0
52867.0 2938.0 9.0
52921.0 2941.0 9.0
52957.0 2943.0 9.0
53245.0 2959.0 9.0
53299.0 2962.0 9.0
53353.0 2965.0 9.0
53569.0 2977.0 9.0
53677.0 2983.0 9.0
53947.0 2998.0 9.0
54001.0 3001.0 9.0
54595.0 3034.0 9.0
54667.0 3038.0 9.0
54703.0 3040.0 9.0
54757.0 3043.0 9.0
54775.0 3044.0 9.0
54937.0 3053.0 9.0
55333.0 3075.0 9.0
55531.0 3086.0 9.0
55675.0 3094.0 9.0
55693.0 3095.0 9.0
55693.0 3095.0 9.0
55837.0 3103.0 9.0
56053.0 3115.0 9.0
56395.0 3134.0 9.0
56611.0 3146.0 9.0
56683.0 3150.0 9.0
56935.0 3164.0 9.0
57187.0 3178.0 9.0
57295.0 3184.0 9.0
58645.0 3259.0 9.0
58987.0 3278.0 9.0
63901.0 3551.0 9.0
64747.0 3598.0 9.0
