rev4
2.2707781E7 1262466.0 9.0
2.3534372E7 1308430.0 9.0
2.3558559E7 1309766.0 9.0
2.3841388E7 1325479.0 9.0
2.3901384E7 1328849.0 9.0
2.3936456E7 1330801.0 9.0
2.3947943E7 1331389.0 9.0
2.3953795E7 1331732.0 9.0
2.4041068E7 1336595.0 9.0
2.4048606E7 1337024.0 9.0
2.412712E7 1341433.0 9.0
2.4129854E7 1341541.0 9.0
2.4163872E7 1343458.0 9.0
2.4206347E7 1345827.0 9.0
2.421706E7 1346416.0 9.0
2.4228042E7 1347037.0 9.0
2.4253633E7 1348433.0 9.0
2.4254086E7 1348447.0 9.0
2.4276163E7 1349701.0 9.0
2.4295206E7 1350738.0 9.0
2.4356896E7 1354171.0 9.0
2.4518748E7 1363163.0 9.0
2.4524961E7 1363508.0 9.0
2.4555323E7 1365232.0 9.0
2.4555936E7 1365241.0 9.0
2.4576739E7 1366401.0 9.0
2.4601256E7 1367752.0 9.0
2.4643034E7 1370098.0 9.0
2.4660362E7 1371049.0 9.0
2.4707776E7 1373676.0 9.0
2.4719536E7 1374322.0 9.0
2.4773015E7 1377289.0 9.0
2.4843307E7 1381249.0 9.0
2.4852981E7 1381741.0 9.0
2.4859384E7 1382109.0 9.0
2.4860466E7 1382197.0 9.0
2.4922485E7 1385652.0 9.0
2.4972844E7 1388386.0 9.0
2.5013594E7 1390709.0 9.0
2.5066533E7 1393616.0 9.0
2.5076623E7 1394220.0 9.0
2.5081685E7 1394491.0 9.0
2.5157859E7 1398724.0 9.0
2.5220684E7 1402195.0 9.0
2.5222229E7 1402307.0 9.0
2.5246648E7 1403659.0 9.0
2.5266392E7 1404732.0 9.0
2.5285287E7 1405803.0 9.0
2.5319889E7 1407732.0 9.0
2.5351995E7 1409476.0 9.0
2.5365907E7 1410276.0 9.0
2.5404598E7 1412424.0 9.0
2.5409201E7 1412653.0 9.0
2.5429942E7 1413813.0 9.0
2.545446E7 1415197.0 9.0
2.5514105E7 1418523.0 9.0
2.5536216E7 1419747.0 9.0
2.556985E7 1421569.0 9.0
2.5570194E7 1421648.0 9.0
2.5584004E7 1422379.0 9.0
2.5595267E7 1423054.0 9.0
2.5641571E7 1425572.0 9.0
2.5704362E7 1429096.0 9.0
2.57291E7 1430469.0 9.0
2.5745594E7 1431417.0 9.0
2.5796917E7 1434215.0 9.0
2.5845079E7 1436899.0 9.0
2.5920522E7 1441131.0 9.0
2.5924956E7 1441355.0 9.0
2.5941061E7 1442207.0 9.0
2.5953706E7 1442945.0 9.0
2.5956071E7 1443118.0 9.0
2.5971329E7 1443938.0 9.0
2.5977508E7 1444302.0 9.0
2.5995117E7 1445252.0 9.0
2.6141492E7 1453398.0 9.0
2.6176295E7 1455291.0 9.0
2.6234255E7 1458514.0 9.0
2.6269134E7 1460489.0 9.0
2.6301105E7 1462241.0 9.0
2.6387969E7 1467091.0 9.0
2.6431143E7 1469480.0 9.0
2.6440249E7 1470055.0 9.0
2.6592233E7 1478447.0 9.0
2.6618783E7 1479936.0 9.0
2.674457E7 1486912.0 9.0
2.6761582E7 1487894.0 9.0
2.7172118E7 1510702.0 9.0
2.7256188E7 1515396.0 9.0
2.72729E7 1516277.0 9.0
2.7341576E7 1520123.0 9.0
2.738938E7 1522757.0 9.0
2.7390124E7 1522816.0 9.0
2.7462221E7 1526829.0 9.0
2.7493613E7 1528535.0 9.0
2.7518123E7 1529928.0 9.0
2.7726425E7 1541476.0 9.0
2.9757523E7 1654423.0 9.0
3.047733E7 1694474.0 9.0
3.1471228E7 1749686.0 9.0
