rev2
1.40080843E8 7782270.0 9.0
1.40183983E8 7788000.0 9.0
1.40215681E8 7789761.0 9.0
1.40251267E8 7791738.0 9.0
1.42784353E8 7932465.0 9.0
1.43069437E8 7948303.0 9.0
1.43262181E8 7959011.0 9.0
1.43294635E8 7960814.0 9.0
1.43545555E8 7974754.0 9.0
1.43739433E8 7985525.0 9.0
1.43971363E8 7998410.0 9.0
1.44236341E8 8013131.0 9.0
1.44357787E8 8019878.0 9.0
1.44360919E8 8020052.0 9.0
1.44429067E8 8023838.0 9.0
1.44459181E8 8025511.0 9.0
1.44562951E8 8031276.0 9.0
1.45128727E8 8062708.0 9.0
1.45318771E8 8073266.0 9.0
1.45583749E8 8087987.0 9.0
1.45659763E8 8092210.0 9.0
1.45895887E8 8105328.0 9.0
1.46014867E8 8111938.0 9.0
1.46090539E8 8116142.0 9.0
1.46096101E8 8116451.0 9.0
1.46104975E8 8116944.0 9.0
1.46235403E8 8124190.0 9.0
1.46573353E8 8142965.0 9.0
1.46592343E8 8144020.0 9.0
1.46654407E8 8147468.0 9.0
1.46750293E8 8152795.0 9.0
1.46782171E8 8154566.0 9.0
1.46792053E8 8155115.0 9.0
1.46925163E8 8162510.0 9.0
1.47034783E8 8168600.0 9.0
1.47607471E8 8200416.0 9.0
1.47713545E8 8206309.0 9.0
1.47769795E8 8209434.0 9.0
1.48036861E8 8224271.0 9.0
1.48565269E8 8253627.0 9.0
1.49289445E8 8293859.0 9.0
1.49361625E8 8297869.0 9.0
1.49474323E8 8304130.0 9.0
1.49526667E8 8307038.0 9.0
1.49529385E8 8307189.0 9.0
1.49665753E8 8314765.0 9.0
1.49880079E8 8326672.0 9.0
1.49884669E8 8326927.0 9.0
1.50053275E8 8336294.0 9.0
1.50438457E8 8357693.0 9.0
1.50692401E8 8371801.0 9.0
1.50703057E8 8372393.0 9.0
1.50784885E8 8376939.0 9.0
1.50821569E8 8378977.0 9.0
1.51155379E8 8397522.0 9.0
1.51369561E8 8409421.0 9.0
1.51707655E8 8428204.0 9.0
1.51791949E8 8432887.0 9.0
1.51896835E8 8438714.0 9.0
1.52314255E8 8461904.0 9.0
1.52404399E8 8466912.0 9.0
1.52456923E8 8469830.0 9.0
1.52607763E8 8478210.0 9.0
1.52634943E8 8479720.0 9.0
1.52894521E8 8494141.0 9.0
1.53097435E8 8505414.0 9.0
1.53304939E8 8516942.0 9.0
1.53585361E8 8532521.0 9.0
1.53801793E8 8544545.0 9.0
1.53831331E8 8546186.0 9.0
1.54583623E8 8587980.0 9.0
1.54745605E8 8596979.0 9.0
1.54919989E8 8606667.0 9.0
1.54953649E8 8608537.0 9.0
1.55103157E8 8616843.0 9.0
1.55196271E8 8622016.0 9.0
1.55413765E8 8634099.0 9.0
1.55556073E8 8642005.0 9.0
1.56419857E8 8689993.0 9.0
1.56468889E8 8692717.0 9.0
1.56998593E8 8722145.0 9.0
1.57215007E8 8734168.0 9.0
1.58195809E8 8788657.0 9.0
1.58476447E8 8804248.0 9.0
1.59200281E8 8844461.0 9.0
1.59411925E8 8856219.0 9.0
1.59758731E8 8875486.0 9.0
1.59762187E8 8875678.0 9.0
1.60819777E8 8934433.0 9.0
1.60849279E8 8936072.0 9.0
1.61091991E8 8949556.0 9.0
1.61444377E8 8969133.0 9.0
1.61449849E8 8969437.0 9.0
1.61655733E8 8980875.0 9.0
1.61972191E8 8998456.0 9.0
1.63535113E8 9085285.0 9.0
1.66344067E8 9241338.0 9.0
1.69357393E8 9408745.0 9.0
1.70502697E8 9472373.0 9.0
1.72830097E8 9601673.0 9.0
