rev2
181.0 11.0 9.0
199.0 12.0 9.0
199.0 12.0 9.0
199.0 12.0 9.0
217.0 13.0 9.0
217.0 13.0 9.0
217.0 13.0 9.0
217.0 13.0 9.0
217.0 13.0 9.0
217.0 13.0 9.0
235.0 14.0 9.0
235.0 14.0 9.0
235.0 14.0 9.0
235.0 14.0 9.0
235.0 14.0 9.0
253.0 15.0 9.0
253.0 15.0 9.0
253.0 15.0 9.0
253.0 15.0 9.0
253.0 15.0 9.0
253.0 15.0 9.0
253.0 15.0 9.0
253.0 15.0 9.0
253.0 15.0 9.0
253.0 15.0 9.0
271.0 16.0 9.0
271.0 16.0 9.0
271.0 16.0 9.0
271.0 16.0 9.0
271.0 16.0 9.0
271.0 16.0 9.0
271.0 16.0 9.0
271.0 16.0 9.0
271.0 16.0 9.0
271.0 16.0 9.0
271.0 16.0 9.0
289.0 17.0 9.0
289.0 17.0 9.0
289.0 17.0 9.0
289.0 17.0 9.0
289.0 17.0 9.0
289.0 17.0 9.0
289.0 17.0 9.0
289.0 17.0 9.0
289.0 17.0 9.0
307.0 18.0 9.0
307.0 18.0 9.0
307.0 18.0 9.0
307.0 18.0 9.0
307.0 18.0 9.0
307.0 18.0 9.0
307.0 18.0 9.0
307.0 18.0 9.0
307.0 18.0 9.0
307.0 18.0 9.0
325.0 19.0 9.0
325.0 19.0 9.0
325.0 19.0 9.0
325.0 19.0 9.0
325.0 19.0 9.0
325.0 19.0 9.0
325.0 19.0 9.0
325.0 19.0 9.0
343.0 20.0 9.0
343.0 20.0 9.0
343.0 20.0 9.0
343.0 20.0 9.0
343.0 20.0 9.0
343.0 20.0 9.0
343.0 20.0 9.0
343.0 20.0 9.0
343.0 20.0 9.0
343.0 20.0 9.0
361.0 21.0 9.0
361.0 21.0 9.0
361.0 21.0 9.0
361.0 21.0 9.0
361.0 21.0 9.0
361.0 21.0 9.0
361.0 21.0 9.0
379.0 22.0 9.0
379.0 22.0 9.0
379.0 22.0 9.0
379.0 22.0 9.0
379.0 22.0 9.0
379.0 22.0 9.0
379.0 22.0 9.0
397.0 23.0 9.0
397.0 23.0 9.0
397.0 23.0 9.0
397.0 23.0 9.0
415.0 24.0 9.0
415.0 24.0 9.0
433.0 25.0 9.0
451.0 26.0 9.0
451.0 26.0 9.0
487.0 28.0 9.0
505.0 29.0 9.0
541.0 31.0 9.0
559.0 32.0 9.0
