rev2
1737163.0 96510.0 9.0
1771885.0 98439.0 9.0
1806931.0 100386.0 9.0
1824823.0 101380.0 9.0
1828171.0 101566.0 9.0
1834129.0 101897.0 9.0
1838449.0 102137.0 9.0
1838719.0 102152.0 9.0
1840105.0 102229.0 9.0
1841347.0 102298.0 9.0
1842175.0 102344.0 9.0
1842679.0 102372.0 9.0
1845415.0 102524.0 9.0
1846333.0 102575.0 9.0
1849105.0 102729.0 9.0
1854487.0 103028.0 9.0
1859851.0 103326.0 9.0
1859869.0 103327.0 9.0
1863523.0 103530.0 9.0
1864567.0 103588.0 9.0
1868761.0 103821.0 9.0
1869643.0 103870.0 9.0
1873153.0 104065.0 9.0
1873207.0 104068.0 9.0
1874017.0 104113.0 9.0
1876069.0 104227.0 9.0
1883521.0 104641.0 9.0
1886887.0 104828.0 9.0
1892197.0 105123.0 9.0
1897021.0 105391.0 9.0
1900657.0 105593.0 9.0
1905067.0 105838.0 9.0
1905409.0 105857.0 9.0
1906669.0 105927.0 9.0
1906903.0 105940.0 9.0
1907029.0 105947.0 9.0
1912879.0 106272.0 9.0
1914841.0 106381.0 9.0
1918243.0 106570.0 9.0
1920079.0 106672.0 9.0
1923949.0 106887.0 9.0
1924687.0 106928.0 9.0
1925245.0 106959.0 9.0
1927657.0 107093.0 9.0
1931905.0 107329.0 9.0
1934839.0 107492.0 9.0
1943353.0 107965.0 9.0
1951687.0 108428.0 9.0
1951885.0 108439.0 9.0
1952803.0 108490.0 9.0
1953181.0 108511.0 9.0
1963027.0 109058.0 9.0
1964107.0 109118.0 9.0
1964197.0 109123.0 9.0
1968013.0 109335.0 9.0
1968139.0 109342.0 9.0
1968193.0 109345.0 9.0
1969741.0 109431.0 9.0
1970209.0 109457.0 9.0
1971325.0 109519.0 9.0
1971631.0 109536.0 9.0
1972891.0 109606.0 9.0
1975015.0 109724.0 9.0
1975879.0 109772.0 9.0
1975915.0 109774.0 9.0
1976185.0 109789.0 9.0
1979029.0 109947.0 9.0
1994455.0 110804.0 9.0
1999225.0 111069.0 9.0
2003023.0 111280.0 9.0
2007307.0 111518.0 9.0
2018557.0 112143.0 9.0
2023813.0 112435.0 9.0
2025433.0 112525.0 9.0
2026585.0 112589.0 9.0
2028439.0 112692.0 9.0
2031715.0 112874.0 9.0
2035819.0 113102.0 9.0
2040499.0 113362.0 9.0
2044369.0 113577.0 9.0
2048149.0 113787.0 9.0
2054917.0 114163.0 9.0
2055493.0 114195.0 9.0
2065735.0 114764.0 9.0
2093671.0 116316.0 9.0
2094427.0 116358.0 9.0
2104669.0 116927.0 9.0
2111419.0 117302.0 9.0
2116045.0 117559.0 9.0
2127601.0 118201.0 9.0
2128681.0 118261.0 9.0
2131309.0 118407.0 9.0
2131633.0 118425.0 9.0
2136619.0 118702.0 9.0
2146555.0 119254.0 9.0
2152945.0 119609.0 9.0
2178901.0 121051.0 9.0
2325097.0 129173.0 9.0
2345743.0 130320.0 9.0
2492047.0 138448.0 9.0
