rev2
937.0 53.0 9.0
991.0 56.0 9.0
991.0 56.0 9.0
1027.0 58.0 9.0
1045.0 59.0 9.0
1063.0 60.0 9.0
1063.0 60.0 9.0
1081.0 61.0 9.0
1081.0 61.0 9.0
1099.0 62.0 9.0
1099.0 62.0 9.0
1099.0 62.0 9.0
1117.0 63.0 9.0
1135.0 64.0 9.0
1135.0 64.0 9.0
1135.0 64.0 9.0
1135.0 64.0 9.0
1135.0 64.0 9.0
1153.0 65.0 9.0
1153.0 65.0 9.0
1171.0 66.0 9.0
1171.0 66.0 9.0
1171.0 66.0 9.0
1171.0 66.0 9.0
1171.0 66.0 9.0
1171.0 66.0 9.0
1171.0 66.0 9.0
1171.0 66.0 9.0
1189.0 67.0 9.0
1189.0 67.0 9.0
1189.0 67.0 9.0
1189.0 67.0 9.0
1207.0 68.0 9.0
1207.0 68.0 9.0
1225.0 69.0 9.0
1225.0 69.0 9.0
1225.0 69.0 9.0
1243.0 70.0 9.0
1243.0 70.0 9.0
1261.0 71.0 9.0
1261.0 71.0 9.0
1261.0 71.0 9.0
1261.0 71.0 9.0
1279.0 72.0 9.0
1279.0 72.0 9.0
1279.0 72.0 9.0
1279.0 72.0 9.0
1279.0 72.0 9.0
1279.0 72.0 9.0
1297.0 73.0 9.0
1297.0 73.0 9.0
1297.0 73.0 9.0
1297.0 73.0 9.0
1297.0 73.0 9.0
1315.0 74.0 9.0
1315.0 74.0 9.0
1315.0 74.0 9.0
1315.0 74.0 9.0
1315.0 74.0 9.0
1333.0 75.0 9.0
1333.0 75.0 9.0
1351.0 76.0 9.0
1369.0 77.0 9.0
1369.0 77.0 9.0
1369.0 77.0 9.0
1387.0 78.0 9.0
1405.0 79.0 9.0
1405.0 79.0 9.0
1423.0 80.0 9.0
1423.0 80.0 9.0
1423.0 80.0 9.0
1441.0 81.0 9.0
1441.0 81.0 9.0
1441.0 81.0 9.0
1441.0 81.0 9.0
1441.0 81.0 9.0
1441.0 81.0 9.0
1441.0 81.0 9.0
1441.0 81.0 9.0
1459.0 82.0 9.0
1459.0 82.0 9.0
1495.0 84.0 9.0
1495.0 84.0 9.0
1513.0 85.0 9.0
1513.0 85.0 9.0
1513.0 85.0 9.0
1531.0 86.0 9.0
1549.0 87.0 9.0
1549.0 87.0 9.0
1567.0 88.0 9.0
1567.0 88.0 9.0
1603.0 90.0 9.0
1621.0 91.0 9.0
1657.0 93.0 9.0
1657.0 93.0 9.0
1675.0 94.0 9.0
1729.0 97.0 9.0
1783.0 100.0 9.0
1855.0 104.0 9.0
1891.0 106.0 9.0
