rev4
5414582.0 301047.0 9.0
5430958.0 301945.0 9.0
5441532.0 302547.0 9.0
5518597.0 306817.0 9.0
5565404.0 309421.0 9.0
5588972.0 310727.0 9.0
5589901.0 310783.0 9.0
5607583.0 311757.0 9.0
5644785.0 313844.0 9.0
5665485.0 314988.0 9.0
5688464.0 316264.0 9.0
5691140.0 316404.0 9.0
5693120.0 316536.0 9.0
5693131.0 316514.0 9.0
5701692.0 316984.0 9.0
5738681.0 319057.0 9.0
5748806.0 319631.0 9.0
5759718.0 320229.0 9.0
5762677.0 320392.0 9.0
5764484.0 320486.0 9.0
5770734.0 320830.0 9.0
5776241.0 321133.0 9.0
5779741.0 321329.0 9.0
5790398.0 321924.0 9.0
5793693.0 322108.0 9.0
5794429.0 322140.0 9.0
5798278.0 322364.0 9.0
5801439.0 322546.0 9.0
5802651.0 322625.0 9.0
5808905.0 322980.0 9.0
5815666.0 323347.0 9.0
5836827.0 324497.0 9.0
5842321.0 324825.0 9.0
5861385.0 325890.0 9.0
5863529.0 326002.0 9.0
5879887.0 326904.0 9.0
5888625.0 327388.0 9.0
5894652.0 327707.0 9.0
5895022.0 327751.0 9.0
5895819.0 327787.0 9.0
5895878.0 327807.0 9.0
5896124.0 327828.0 9.0
5900075.0 328037.0 9.0
5907212.0 328418.0 9.0
5911069.0 328634.0 9.0
5921492.0 329226.0 9.0
5947885.0 330691.0 9.0
5964401.0 331604.0 9.0
5965209.0 331636.0 9.0
5976454.0 332275.0 9.0
5976732.0 332288.0 9.0
5981186.0 332536.0 9.0
5983009.0 332636.0 9.0
5986957.0 332836.0 9.0
5996318.0 333372.0 9.0
6001365.0 333641.0 9.0
6001924.0 333682.0 9.0
6021630.0 334786.0 9.0
6029374.0 335224.0 9.0
6042698.0 335950.0 9.0
6063219.0 337110.0 9.0
6072759.0 337619.0 9.0
6076268.0 337832.0 9.0
6090185.0 338582.0 9.0
6107409.0 339551.0 9.0
6115201.0 339981.0 9.0
6119398.0 340210.0 9.0
6123968.0 340479.0 9.0
6129081.0 340779.0 9.0
6148135.0 341826.0 9.0
6156766.0 342288.0 9.0
6169958.0 343015.0 9.0
6174306.0 343284.0 9.0
6177184.0 343427.0 9.0
6210601.0 345289.0 9.0
6214743.0 345520.0 9.0
6218713.0 345753.0 9.0
6225263.0 346123.0 9.0
6227952.0 346248.0 9.0
6244445.0 347166.0 9.0
6253406.0 347690.0 9.0
6258907.0 347982.0 9.0
6267082.0 348424.0 9.0
6272553.0 348729.0 9.0
6295260.0 349992.0 9.0
6311141.0 350878.0 9.0
6329169.0 351886.0 9.0
6338669.0 352418.0 9.0
6411365.0 356447.0 9.0
6412302.0 356503.0 9.0
6452440.0 358749.0 9.0
6485396.0 360556.0 9.0
6613821.0 367721.0 9.0
6670533.0 370861.0 9.0
6675204.0 371123.0 9.0
6689990.0 371929.0 9.0
6690106.0 371950.0 9.0
6984303.0 388320.0 9.0
7020913.0 390319.0 9.0
7447723.0 414074.0 9.0
