rev4
7505.0 418.0 9.0
7642.0 426.0 9.0
7684.0 428.0 9.0
7704.0 429.0 9.0
7720.0 431.0 9.0
7738.0 431.0 9.0
7759.0 432.0 9.0
7776.0 433.0 9.0
7793.0 434.0 9.0
7795.0 434.0 9.0
7930.0 442.0 9.0
7936.0 442.0 9.0
7947.0 443.0 9.0
7973.0 444.0 9.0
7990.0 445.0 9.0
7991.0 446.0 9.0
8019.0 447.0 9.0
8028.0 447.0 9.0
8037.0 448.0 9.0
8038.0 448.0 9.0
8065.0 449.0 9.0
8065.0 449.0 9.0
8092.0 451.0 9.0
8099.0 451.0 9.0
8119.0 452.0 9.0
8128.0 453.0 9.0
8136.0 453.0 9.0
8154.0 454.0 9.0
8227.0 458.0 9.0
8253.0 460.0 9.0
8280.0 462.0 9.0
8317.0 463.0 9.0
8332.0 464.0 9.0
8334.0 464.0 9.0
8369.0 466.0 9.0
8371.0 466.0 9.0
8387.0 467.0 9.0
8389.0 467.0 9.0
8389.0 468.0 9.0
8405.0 468.0 9.0
8415.0 469.0 9.0
8432.0 470.0 9.0
8434.0 470.0 9.0
8469.0 472.0 9.0
8470.0 472.0 9.0
8478.0 472.0 9.0
8515.0 474.0 9.0
8539.0 476.0 9.0
8551.0 476.0 9.0
8564.0 477.0 9.0
8587.0 478.0 9.0
8587.0 478.0 9.0
8595.0 479.0 9.0
8596.0 479.0 9.0
8613.0 480.0 9.0
8622.0 480.0 9.0
8658.0 483.0 9.0
8702.0 485.0 9.0
8731.0 486.0 9.0
8737.0 487.0 9.0
8746.0 488.0 9.0
8758.0 488.0 9.0
8775.0 489.0 9.0
8801.0 491.0 9.0
8802.0 490.0 9.0
8838.0 492.0 9.0
8857.0 493.0 9.0
8873.0 494.0 9.0
8890.0 495.0 9.0
8902.0 496.0 9.0
8910.0 496.0 9.0
8919.0 497.0 9.0
8944.0 498.0 9.0
8963.0 500.0 9.0
9035.0 503.0 9.0
9089.0 506.0 9.0
9089.0 506.0 9.0
9161.0 510.0 9.0
9179.0 511.0 9.0
9179.0 511.0 9.0
9240.0 515.0 9.0
9252.0 516.0 9.0
9271.0 516.0 9.0
9288.0 517.0 9.0
9433.0 525.0 9.0
9501.0 529.0 9.0
9520.0 530.0 9.0
9529.0 531.0 9.0
9575.0 533.0 9.0
9576.0 533.0 9.0
9585.0 534.0 9.0
9730.0 542.0 9.0
9772.0 544.0 9.0
10187.0 567.0 9.0
10206.0 569.0 9.0
10438.0 581.0 9.0
10680.0 595.0 9.0
10756.0 599.0 9.0
10906.0 608.0 9.0
12294.0 684.0 9.0
