rev4
68177.0 3790.0 9.0
68323.0 3799.0 9.0
68858.0 3830.0 9.0
68922.0 3832.0 9.0
69277.0 3852.0 9.0
69359.0 3856.0 9.0
70229.0 3907.0 9.0
70336.0 3912.0 9.0
71279.0 3963.0 9.0
71410.0 3971.0 9.0
71534.0 3978.0 9.0
71618.0 3982.0 9.0
71928.0 3999.0 9.0
71935.0 4001.0 9.0
71987.0 4002.0 9.0
72050.0 4007.0 9.0
72227.0 4017.0 9.0
72255.0 4018.0 9.0
72331.0 4021.0 9.0
72334.0 4026.0 9.0
72424.0 4026.0 9.0
72747.0 4045.0 9.0
72883.0 4053.0 9.0
73015.0 4060.0 9.0
73234.0 4072.0 9.0
73281.0 4074.0 9.0
73627.0 4093.0 9.0
73629.0 4094.0 9.0
73699.0 4097.0 9.0
73811.0 4103.0 9.0
73816.0 4103.0 9.0
73931.0 4110.0 9.0
73951.0 4115.0 9.0
73953.0 4113.0 9.0
74099.0 4121.0 9.0
74305.0 4131.0 9.0
74359.0 4134.0 9.0
74362.0 4135.0 9.0
74447.0 4139.0 9.0
74504.0 4144.0 9.0
74505.0 4145.0 9.0
74562.0 4150.0 9.0
74656.0 4152.0 9.0
74844.0 4161.0 9.0
74885.0 4164.0 9.0
74917.0 4165.0 9.0
75025.0 4172.0 9.0
75068.0 4175.0 9.0
75230.0 4183.0 9.0
75375.0 4191.0 9.0
75387.0 4192.0 9.0
75503.0 4197.0 9.0
75796.0 4213.0 9.0
75924.0 4221.0 9.0
76015.0 4226.0 9.0
76176.0 4236.0 9.0
76334.0 4245.0 9.0
76383.0 4247.0 9.0
76437.0 4251.0 9.0
76539.0 4258.0 9.0
76707.0 4265.0 9.0
76727.0 4267.0 9.0
76856.0 4274.0 9.0
77078.0 4286.0 9.0
77263.0 4296.0 9.0
77312.0 4298.0 9.0
77460.0 4309.0 9.0
77867.0 4330.0 9.0
78047.0 4340.0 9.0
78049.0 4340.0 9.0
78087.0 4341.0 9.0
78636.0 4372.0 9.0
78903.0 4388.0 9.0
79003.0 4395.0 9.0
79028.0 4396.0 9.0
79471.0 4417.0 9.0
79686.0 4432.0 9.0
80167.0 4459.0 9.0
80179.0 4459.0 9.0
80408.0 4471.0 9.0
80863.0 4497.0 9.0
80907.0 4498.0 9.0
81388.0 4529.0 9.0
81548.0 4536.0 9.0
81668.0 4541.0 9.0
81715.0 4543.0 9.0
81910.0 4555.0 9.0
82092.0 4564.0 9.0
82125.0 4567.0 9.0
82499.0 4586.0 9.0
83018.0 4618.0 9.0
83649.0 4651.0 9.0
84574.0 4702.0 9.0
84774.0 4714.0 9.0
86414.0 4804.0 9.0
87355.0 4857.0 9.0
88057.0 4896.0 9.0
88512.0 4923.0 9.0
91485.0 5085.0 9.0
93358.0 5191.0 9.0
