rev2
853759.0 47432.0 9.0
858511.0 47696.0 9.0
862885.0 47939.0 9.0
864343.0 48020.0 9.0
866737.0 48153.0 9.0
868231.0 48236.0 9.0
869959.0 48332.0 9.0
871687.0 48428.0 9.0
880579.0 48922.0 9.0
884053.0 49115.0 9.0
884863.0 49160.0 9.0
885241.0 49181.0 9.0
885295.0 49184.0 9.0
886033.0 49225.0 9.0
886681.0 49261.0 9.0
887257.0 49293.0 9.0
888337.0 49353.0 9.0
891037.0 49503.0 9.0
891145.0 49509.0 9.0
897121.0 49841.0 9.0
897283.0 49850.0 9.0
899065.0 49949.0 9.0
901117.0 50063.0 9.0
902503.0 50140.0 9.0
903367.0 50188.0 9.0
903403.0 50190.0 9.0
904069.0 50227.0 9.0
904645.0 50259.0 9.0
909217.0 50513.0 9.0
909559.0 50532.0 9.0
909865.0 50549.0 9.0
909991.0 50556.0 9.0
913681.0 50761.0 9.0
913915.0 50774.0 9.0
916849.0 50937.0 9.0
916993.0 50945.0 9.0
917317.0 50963.0 9.0
919423.0 51080.0 9.0
919819.0 51102.0 9.0
921925.0 51219.0 9.0
923059.0 51282.0 9.0
923437.0 51303.0 9.0
924967.0 51388.0 9.0
929737.0 51653.0 9.0
931645.0 51759.0 9.0
935065.0 51949.0 9.0
937441.0 52081.0 9.0
938881.0 52161.0 9.0
939043.0 52170.0 9.0
939187.0 52178.0 9.0
942013.0 52335.0 9.0
944299.0 52462.0 9.0
944551.0 52476.0 9.0
948547.0 52698.0 9.0
950005.0 52779.0 9.0
950311.0 52796.0 9.0
950509.0 52807.0 9.0
951085.0 52839.0 9.0
953929.0 52997.0 9.0
954001.0 53001.0 9.0
954667.0 53038.0 9.0
955387.0 53078.0 9.0
956305.0 53129.0 9.0
957421.0 53191.0 9.0
958033.0 53225.0 9.0
959797.0 53323.0 9.0
962083.0 53450.0 9.0
963469.0 53527.0 9.0
964585.0 53589.0 9.0
965035.0 53614.0 9.0
966097.0 53673.0 9.0
966871.0 53716.0 9.0
969499.0 53862.0 9.0
969823.0 53880.0 9.0
970975.0 53944.0 9.0
971047.0 53948.0 9.0
971695.0 53984.0 9.0
974791.0 54156.0 9.0
975907.0 54218.0 9.0
976609.0 54257.0 9.0
976771.0 54266.0 9.0
977275.0 54294.0 9.0
987301.0 54851.0 9.0
991783.0 55100.0 9.0
991927.0 55108.0 9.0
992593.0 55145.0 9.0
994357.0 55243.0 9.0
994573.0 55255.0 9.0
999775.0 55544.0 9.0
1001539.0 55642.0 9.0
1002277.0 55683.0 9.0
1003141.0 55731.0 9.0
1011979.0 56222.0 9.0
1022725.0 56819.0 9.0
1038907.0 57718.0 9.0
1064485.0 59139.0 9.0
1065097.0 59173.0 9.0
1077445.0 59859.0 9.0
1120627.0 62258.0 9.0
1161127.0 64508.0 9.0
