rev4
37.0 3.0 9.0
55.0 4.0 9.0
55.0 4.0 9.0
73.0 5.0 9.0
73.0 5.0 9.0
73.0 5.0 9.0
73.0 5.0 9.0
73.0 5.0 9.0
73.0 5.0 9.0
73.0 5.0 9.0
91.0 6.0 9.0
91.0 6.0 9.0
91.0 6.0 9.0
91.0 6.0 9.0
91.0 6.0 9.0
91.0 6.0 9.0
91.0 6.0 9.0
91.0 6.0 9.0
91.0 6.0 9.0
91.0 6.0 9.0
91.0 6.0 9.0
91.0 6.0 9.0
91.0 6.0 9.0
91.0 6.0 9.0
91.0 6.0 9.0
91.0 6.0 9.0
91.0 6.0 9.0
91.0 6.0 9.0
91.0 6.0 9.0
91.0 6.0 9.0
91.0 6.0 9.0
91.0 6.0 9.0
91.0 6.0 9.0
91.0 6.0 9.0
91.0 6.0 9.0
91.0 6.0 9.0
91.0 6.0 9.0
91.0 6.0 9.0
91.0 6.0 9.0
91.0 6.0 9.0
91.0 6.0 9.0
109.0 7.0 9.0
109.0 7.0 9.0
109.0 7.0 9.0
109.0 7.0 9.0
109.0 7.0 9.0
109.0 7.0 9.0
109.0 7.0 9.0
109.0 7.0 9.0
109.0 7.0 9.0
109.0 7.0 9.0
109.0 7.0 9.0
109.0 7.0 9.0
109.0 7.0 9.0
109.0 7.0 9.0
109.0 7.0 9.0
109.0 7.0 9.0
109.0 7.0 9.0
109.0 7.0 9.0
109.0 7.0 9.0
109.0 7.0 9.0
109.0 7.0 9.0
109.0 7.0 9.0
127.0 8.0 9.0
127.0 8.0 9.0
127.0 8.0 9.0
127.0 8.0 9.0
127.0 8.0 9.0
127.0 8.0 9.0
127.0 8.0 9.0
127.0 8.0 9.0
127.0 8.0 9.0
127.0 8.0 9.0
127.0 8.0 9.0
127.0 8.0 9.0
127.0 8.0 9.0
127.0 8.0 9.0
127.0 8.0 9.0
127.0 8.0 9.0
145.0 9.0 9.0
145.0 9.0 9.0
145.0 9.0 9.0
145.0 9.0 9.0
145.0 9.0 9.0
145.0 9.0 9.0
145.0 9.0 9.0
145.0 9.0 9.0
163.0 10.0 9.0
163.0 10.0 9.0
163.0 10.0 9.0
163.0 10.0 9.0
163.0 10.0 9.0
163.0 10.0 9.0
163.0 10.0 9.0
181.0 11.0 9.0
181.0 11.0 9.0
181.0 11.0 9.0
217.0 13.0 9.0
217.0 13.0 9.0
253.0 15.0 9.0
