rev4
140882.0 7831.0 9.0
143980.0 8005.0 9.0
147966.0 8227.0 9.0
148220.0 8241.0 9.0
148339.0 8246.0 9.0
148647.0 8267.0 9.0
148716.0 8268.0 9.0
149081.0 8288.0 9.0
149125.0 8290.0 9.0
149397.0 8306.0 9.0
150606.0 8375.0 9.0
150876.0 8387.0 9.0
150918.0 8393.0 9.0
150955.0 8396.0 9.0
151056.0 8401.0 9.0
151601.0 8430.0 9.0
152293.0 8468.0 9.0
152396.0 8475.0 9.0
152434.0 8477.0 9.0
152652.0 8489.0 9.0
152883.0 8500.0 9.0
153183.0 8516.0 9.0
153260.0 8521.0 9.0
153271.0 8521.0 9.0
153438.0 8532.0 9.0
153572.0 8539.0 9.0
153807.0 8552.0 9.0
154337.0 8579.0 9.0
154539.0 8595.0 9.0
154976.0 8619.0 9.0
154993.0 8621.0 9.0
155068.0 8620.0 9.0
155578.0 8650.0 9.0
155603.0 8653.0 9.0
155634.0 8653.0 9.0
155719.0 8659.0 9.0
155863.0 8666.0 9.0
156671.0 8711.0 9.0
156742.0 8715.0 9.0
157587.0 8762.0 9.0
157615.0 8767.0 9.0
158078.0 8792.0 9.0
158983.0 8840.0 9.0
159067.0 8846.0 9.0
159136.0 8850.0 9.0
159393.0 8862.0 9.0
159481.0 8870.0 9.0
159525.0 8871.0 9.0
159582.0 8874.0 9.0
159715.0 8879.0 9.0
159918.0 8890.0 9.0
160041.0 8899.0 9.0
160504.0 8927.0 9.0
161058.0 8954.0 9.0
161626.0 8988.0 9.0
161775.0 8996.0 9.0
161835.0 9000.0 9.0
161996.0 9011.0 9.0
162865.0 9054.0 9.0
163184.0 9073.0 9.0
163366.0 9083.0 9.0
163540.0 9094.0 9.0
163565.0 9092.0 9.0
164099.0 9123.0 9.0
164207.0 9129.0 9.0
164405.0 9140.0 9.0
164427.0 9141.0 9.0
164474.0 9143.0 9.0
164711.0 9158.0 9.0
166264.0 9246.0 9.0
166392.0 9252.0 9.0
166400.0 9250.0 9.0
166932.0 9280.0 9.0
168073.0 9343.0 9.0
168542.0 9373.0 9.0
169026.0 9397.0 9.0
170732.0 9494.0 9.0
171350.0 9528.0 9.0
171710.0 9547.0 9.0
172278.0 9580.0 9.0
172414.0 9588.0 9.0
172480.0 9590.0 9.0
172550.0 9596.0 9.0
172568.0 9598.0 9.0
173995.0 9674.0 9.0
174073.0 9680.0 9.0
174526.0 9704.0 9.0
174549.0 9706.0 9.0
174667.0 9714.0 9.0
174814.0 9720.0 9.0
175560.0 9760.0 9.0
176018.0 9788.0 9.0
176983.0 9839.0 9.0
178475.0 9922.0 9.0
178826.0 9943.0 9.0
182249.0 10133.0 9.0
183598.0 10211.0 9.0
187239.0 10409.0 9.0
187612.0 10431.0 9.0
202680.0 11268.0 9.0
