rev2
415.0 24.0 9.0
415.0 24.0 9.0
433.0 25.0 9.0
433.0 25.0 9.0
451.0 26.0 9.0
469.0 27.0 9.0
469.0 27.0 9.0
487.0 28.0 9.0
487.0 28.0 9.0
487.0 28.0 9.0
487.0 28.0 9.0
487.0 28.0 9.0
487.0 28.0 9.0
505.0 29.0 9.0
505.0 29.0 9.0
505.0 29.0 9.0
505.0 29.0 9.0
523.0 30.0 9.0
523.0 30.0 9.0
523.0 30.0 9.0
523.0 30.0 9.0
541.0 31.0 9.0
541.0 31.0 9.0
541.0 31.0 9.0
559.0 32.0 9.0
559.0 32.0 9.0
559.0 32.0 9.0
559.0 32.0 9.0
559.0 32.0 9.0
559.0 32.0 9.0
559.0 32.0 9.0
559.0 32.0 9.0
577.0 33.0 9.0
577.0 33.0 9.0
577.0 33.0 9.0
577.0 33.0 9.0
577.0 33.0 9.0
577.0 33.0 9.0
577.0 33.0 9.0
595.0 34.0 9.0
595.0 34.0 9.0
595.0 34.0 9.0
595.0 34.0 9.0
595.0 34.0 9.0
595.0 34.0 9.0
595.0 34.0 9.0
595.0 34.0 9.0
595.0 34.0 9.0
595.0 34.0 9.0
595.0 34.0 9.0
613.0 35.0 9.0
613.0 35.0 9.0
613.0 35.0 9.0
613.0 35.0 9.0
613.0 35.0 9.0
613.0 35.0 9.0
613.0 35.0 9.0
613.0 35.0 9.0
631.0 36.0 9.0
631.0 36.0 9.0
649.0 37.0 9.0
649.0 37.0 9.0
649.0 37.0 9.0
649.0 37.0 9.0
649.0 37.0 9.0
667.0 38.0 9.0
667.0 38.0 9.0
667.0 38.0 9.0
667.0 38.0 9.0
667.0 38.0 9.0
685.0 39.0 9.0
685.0 39.0 9.0
703.0 40.0 9.0
703.0 40.0 9.0
703.0 40.0 9.0
703.0 40.0 9.0
703.0 40.0 9.0
721.0 41.0 9.0
721.0 41.0 9.0
721.0 41.0 9.0
739.0 42.0 9.0
739.0 42.0 9.0
739.0 42.0 9.0
739.0 42.0 9.0
739.0 42.0 9.0
757.0 43.0 9.0
757.0 43.0 9.0
757.0 43.0 9.0
757.0 43.0 9.0
757.0 43.0 9.0
757.0 43.0 9.0
757.0 43.0 9.0
775.0 44.0 9.0
775.0 44.0 9.0
793.0 45.0 9.0
793.0 45.0 9.0
811.0 46.0 9.0
811.0 46.0 9.0
829.0 47.0 9.0
883.0 50.0 9.0
