rev2
2773.0 155.0 9.0
2863.0 160.0 9.0
2899.0 162.0 9.0
2899.0 162.0 9.0
2899.0 162.0 9.0
2953.0 165.0 9.0
2971.0 166.0 9.0
3007.0 168.0 9.0
3097.0 173.0 9.0
3151.0 176.0 9.0
3151.0 176.0 9.0
3241.0 181.0 9.0
3241.0 181.0 9.0
3241.0 181.0 9.0
3259.0 182.0 9.0
3295.0 184.0 9.0
3295.0 184.0 9.0
3313.0 185.0 9.0
3331.0 186.0 9.0
3349.0 187.0 9.0
3349.0 187.0 9.0
3349.0 187.0 9.0
3367.0 188.0 9.0
3403.0 190.0 9.0
3421.0 191.0 9.0
3421.0 191.0 9.0
3439.0 192.0 9.0
3457.0 193.0 9.0
3457.0 193.0 9.0
3475.0 194.0 9.0
3493.0 195.0 9.0
3493.0 195.0 9.0
3511.0 196.0 9.0
3511.0 196.0 9.0
3511.0 196.0 9.0
3511.0 196.0 9.0
3529.0 197.0 9.0
3529.0 197.0 9.0
3565.0 199.0 9.0
3565.0 199.0 9.0
3565.0 199.0 9.0
3565.0 199.0 9.0
3601.0 201.0 9.0
3601.0 201.0 9.0
3601.0 201.0 9.0
3619.0 202.0 9.0
3619.0 202.0 9.0
3619.0 202.0 9.0
3619.0 202.0 9.0
3637.0 203.0 9.0
3655.0 204.0 9.0
3655.0 204.0 9.0
3655.0 204.0 9.0
3655.0 204.0 9.0
3673.0 205.0 9.0
3709.0 207.0 9.0
3709.0 207.0 9.0
3745.0 209.0 9.0
3745.0 209.0 9.0
3745.0 209.0 9.0
3763.0 210.0 9.0
3763.0 210.0 9.0
3763.0 210.0 9.0
3781.0 211.0 9.0
3799.0 212.0 9.0
3871.0 216.0 9.0
3889.0 217.0 9.0
3889.0 217.0 9.0
3943.0 220.0 9.0
3943.0 220.0 9.0
3961.0 221.0 9.0
3979.0 222.0 9.0
3997.0 223.0 9.0
3997.0 223.0 9.0
3997.0 223.0 9.0
4033.0 225.0 9.0
4033.0 225.0 9.0
4105.0 229.0 9.0
4105.0 229.0 9.0
4123.0 230.0 9.0
4141.0 231.0 9.0
4195.0 234.0 9.0
4285.0 239.0 9.0
4303.0 240.0 9.0
4321.0 241.0 9.0
4357.0 243.0 9.0
4375.0 244.0 9.0
4393.0 245.0 9.0
4411.0 246.0 9.0
4447.0 248.0 9.0
4465.0 249.0 9.0
4519.0 252.0 9.0
4573.0 255.0 9.0
4573.0 255.0 9.0
4609.0 257.0 9.0
4645.0 259.0 9.0
4735.0 264.0 9.0
4861.0 271.0 9.0
5347.0 298.0 9.0
5365.0 299.0 9.0
