rev4
2956952.0 164407.0 9.0
3012447.0 167483.0 9.0
3027300.0 168319.0 9.0
3059054.0 170060.0 9.0
3065450.0 170421.0 9.0
3070010.0 170694.0 9.0
3089354.0 171764.0 9.0
3102019.0 172473.0 9.0
3103540.0 172543.0 9.0
3105707.0 172666.0 9.0
3116081.0 173243.0 9.0
3116744.0 173290.0 9.0
3122650.0 173612.0 9.0
3123992.0 173692.0 9.0
3129909.0 174019.0 9.0
3131779.0 174113.0 9.0
3143502.0 174767.0 9.0
3146097.0 174913.0 9.0
3148316.0 175042.0 9.0
3149244.0 175092.0 9.0
3152643.0 175280.0 9.0
3158010.0 175573.0 9.0
3161024.0 175742.0 9.0
3162749.0 175841.0 9.0
3164003.0 175918.0 9.0
3171583.0 176320.0 9.0
3173404.0 176423.0 9.0
3176882.0 176617.0 9.0
3180002.0 176801.0 9.0
3184901.0 177080.0 9.0
3191536.0 177434.0 9.0
3195487.0 177663.0 9.0
3204520.0 178162.0 9.0
3208914.0 178412.0 9.0
3212832.0 178629.0 9.0
3215004.0 178741.0 9.0
3228573.0 179502.0 9.0
3228985.0 179515.0 9.0
3229530.0 179555.0 9.0
3229863.0 179566.0 9.0
3233244.0 179766.0 9.0
3235801.0 179899.0 9.0
3239762.0 180122.0 9.0
3240153.0 180142.0 9.0
3240852.0 180184.0 9.0
3241189.0 180201.0 9.0
3258908.0 181181.0 9.0
3264070.0 181477.0 9.0
3275379.0 182101.0 9.0
3277667.0 182230.0 9.0
3282276.0 182481.0 9.0
3284422.0 182624.0 9.0
3288654.0 182838.0 9.0
3297373.0 183326.0 9.0
3306689.0 183837.0 9.0
3309482.0 183991.0 9.0
3310440.0 184034.0 9.0
3314862.0 184285.0 9.0
3330228.0 185153.0 9.0
3332022.0 185251.0 9.0
3335677.0 185453.0 9.0
3360600.0 186834.0 9.0
3363785.0 187020.0 9.0
3367352.0 187210.0 9.0
3388428.0 188379.0 9.0
3399775.0 189025.0 9.0
3399886.0 189022.0 9.0
3401827.0 189131.0 9.0
3409587.0 189562.0 9.0
3415341.0 189884.0 9.0
3420600.0 190169.0 9.0
3420863.0 190193.0 9.0
3425897.0 190480.0 9.0
3431449.0 190777.0 9.0
3440187.0 191262.0 9.0
3441902.0 191357.0 9.0
3448688.0 191742.0 9.0
3453668.0 192016.0 9.0
3457404.0 192225.0 9.0
3460911.0 192417.0 9.0
3472431.0 193058.0 9.0
3503847.0 194810.0 9.0
3513915.0 195370.0 9.0
3535172.0 196546.0 9.0
3538557.0 196736.0 9.0
3550342.0 197384.0 9.0
3565169.0 198209.0 9.0
3565178.0 198228.0 9.0
3578321.0 198936.0 9.0
3585734.0 199348.0 9.0
3593596.0 199799.0 9.0
3594386.0 199840.0 9.0
3611669.0 200800.0 9.0
3632156.0 201931.0 9.0
3633022.0 201991.0 9.0
3688877.0 205092.0 9.0
3772104.0 209722.0 9.0
3781740.0 210256.0 9.0
3801670.0 211370.0 9.0
3839029.0 213440.0 9.0
