rev2
12169.0 677.0 9.0
12277.0 683.0 9.0
12709.0 707.0 9.0
12763.0 710.0 9.0
12781.0 711.0 9.0
12853.0 715.0 9.0
12979.0 722.0 9.0
13105.0 729.0 9.0
13375.0 744.0 9.0
13465.0 749.0 9.0
13537.0 753.0 9.0
13627.0 758.0 9.0
13645.0 759.0 9.0
13735.0 764.0 9.0
13825.0 769.0 9.0
13825.0 769.0 9.0
13879.0 772.0 9.0
13879.0 772.0 9.0
13897.0 773.0 9.0
13951.0 776.0 9.0
13951.0 776.0 9.0
14041.0 781.0 9.0
14059.0 782.0 9.0
14059.0 782.0 9.0
14077.0 783.0 9.0
14077.0 783.0 9.0
14113.0 785.0 9.0
14131.0 786.0 9.0
14221.0 791.0 9.0
14221.0 791.0 9.0
14221.0 791.0 9.0
14257.0 793.0 9.0
14275.0 794.0 9.0
14275.0 794.0 9.0
14419.0 802.0 9.0
14455.0 804.0 9.0
14455.0 804.0 9.0
14491.0 806.0 9.0
14509.0 807.0 9.0
14527.0 808.0 9.0
14581.0 811.0 9.0
14581.0 811.0 9.0
14581.0 811.0 9.0
14635.0 814.0 9.0
14635.0 814.0 9.0
14707.0 818.0 9.0
14725.0 819.0 9.0
14743.0 820.0 9.0
14761.0 821.0 9.0
14779.0 822.0 9.0
14833.0 825.0 9.0
14869.0 827.0 9.0
14905.0 829.0 9.0
14905.0 829.0 9.0
14977.0 833.0 9.0
15031.0 836.0 9.0
15031.0 836.0 9.0
15049.0 837.0 9.0
15067.0 838.0 9.0
15121.0 841.0 9.0
15121.0 841.0 9.0
15265.0 849.0 9.0
15319.0 852.0 9.0
15409.0 857.0 9.0
15445.0 859.0 9.0
15535.0 864.0 9.0
15643.0 870.0 9.0
15697.0 873.0 9.0
15733.0 875.0 9.0
15751.0 876.0 9.0
15805.0 879.0 9.0
15841.0 881.0 9.0
15895.0 884.0 9.0
16003.0 890.0 9.0
16039.0 892.0 9.0
16111.0 896.0 9.0
16165.0 899.0 9.0
16183.0 900.0 9.0
16201.0 901.0 9.0
16237.0 903.0 9.0
16309.0 907.0 9.0
16363.0 910.0 9.0
16381.0 911.0 9.0
16471.0 916.0 9.0
16561.0 921.0 9.0
16579.0 922.0 9.0
16795.0 934.0 9.0
16957.0 943.0 9.0
16957.0 943.0 9.0
16993.0 945.0 9.0
17011.0 946.0 9.0
17173.0 955.0 9.0
18109.0 1007.0 9.0
18217.0 1013.0 9.0
18667.0 1038.0 9.0
19045.0 1059.0 9.0
19423.0 1080.0 9.0
19477.0 1083.0 9.0
20287.0 1128.0 9.0
20503.0 1140.0 9.0
