rev2
228691.0 12706.0 9.0
228853.0 12715.0 9.0
234811.0 13046.0 9.0
234937.0 13053.0 9.0
237943.0 13220.0 9.0
238447.0 13248.0 9.0
238879.0 13272.0 9.0
239977.0 13333.0 9.0
240301.0 13351.0 9.0
241183.0 13400.0 9.0
241921.0 13441.0 9.0
243397.0 13523.0 9.0
244405.0 13579.0 9.0
245503.0 13640.0 9.0
245665.0 13649.0 9.0
245701.0 13651.0 9.0
245863.0 13660.0 9.0
246151.0 13676.0 9.0
246169.0 13677.0 9.0
246709.0 13707.0 9.0
246871.0 13716.0 9.0
247123.0 13730.0 9.0
247267.0 13738.0 9.0
247375.0 13744.0 9.0
248077.0 13783.0 9.0
248203.0 13790.0 9.0
249103.0 13840.0 9.0
249175.0 13844.0 9.0
249481.0 13861.0 9.0
249751.0 13876.0 9.0
249985.0 13889.0 9.0
250489.0 13917.0 9.0
250579.0 13922.0 9.0
251137.0 13953.0 9.0
251299.0 13962.0 9.0
251677.0 13983.0 9.0
251947.0 13998.0 9.0
252163.0 14010.0 9.0
252541.0 14031.0 9.0
253603.0 14090.0 9.0
254359.0 14132.0 9.0
254431.0 14136.0 9.0
255151.0 14176.0 9.0
255349.0 14187.0 9.0
255511.0 14196.0 9.0
255673.0 14205.0 9.0
256177.0 14233.0 9.0
256339.0 14242.0 9.0
257635.0 14314.0 9.0
258301.0 14351.0 9.0
259399.0 14412.0 9.0
261541.0 14531.0 9.0
262189.0 14567.0 9.0
263539.0 14642.0 9.0
263971.0 14666.0 9.0
264403.0 14690.0 9.0
264529.0 14697.0 9.0
264835.0 14714.0 9.0
264907.0 14718.0 9.0
264907.0 14718.0 9.0
265987.0 14778.0 9.0
266401.0 14801.0 9.0
268777.0 14933.0 9.0
269335.0 14964.0 9.0
269965.0 14999.0 9.0
270019.0 15002.0 9.0
270253.0 15015.0 9.0
270397.0 15023.0 9.0
270469.0 15027.0 9.0
270703.0 15040.0 9.0
271153.0 15065.0 9.0
272413.0 15135.0 9.0
273727.0 15208.0 9.0
273889.0 15217.0 9.0
274195.0 15234.0 9.0
274429.0 15247.0 9.0
274933.0 15275.0 9.0
275293.0 15295.0 9.0
276373.0 15355.0 9.0
276553.0 15365.0 9.0
276895.0 15384.0 9.0
279577.0 15533.0 9.0
279865.0 15549.0 9.0
282403.0 15690.0 9.0
283285.0 15739.0 9.0
284635.0 15814.0 9.0
284977.0 15833.0 9.0
285157.0 15843.0 9.0
286381.0 15911.0 9.0
288307.0 16018.0 9.0
288325.0 16019.0 9.0
289081.0 16061.0 9.0
290791.0 16156.0 9.0
293581.0 16311.0 9.0
297541.0 16531.0 9.0
303661.0 16871.0 9.0
311869.0 17327.0 9.0
315253.0 17515.0 9.0
332965.0 18499.0 9.0
342559.0 19032.0 9.0
