rev2
1999909.0 111107.0 9.0
2023111.0 112396.0 9.0
2051119.0 113952.0 9.0
2052523.0 114030.0 9.0
2054431.0 114136.0 9.0
2059885.0 114439.0 9.0
2063305.0 114629.0 9.0
2065213.0 114735.0 9.0
2079163.0 115510.0 9.0
2080135.0 115564.0 9.0
2092483.0 116250.0 9.0
2109655.0 117204.0 9.0
2112607.0 117368.0 9.0
2129815.0 118324.0 9.0
2131435.0 118414.0 9.0
2132551.0 118476.0 9.0
2136727.0 118708.0 9.0
2142109.0 119007.0 9.0
2142271.0 119016.0 9.0
2147743.0 119320.0 9.0
2152675.0 119594.0 9.0
2153521.0 119641.0 9.0
2153665.0 119649.0 9.0
2153773.0 119655.0 9.0
2161549.0 120087.0 9.0
2167795.0 120434.0 9.0
2176723.0 120930.0 9.0
2178307.0 121018.0 9.0
2182411.0 121246.0 9.0
2183005.0 121279.0 9.0
2184175.0 121344.0 9.0
2186173.0 121455.0 9.0
2199853.0 122215.0 9.0
2209411.0 122746.0 9.0
2209465.0 122749.0 9.0
2210491.0 122806.0 9.0
2210617.0 122813.0 9.0
2212651.0 122926.0 9.0
2218177.0 123233.0 9.0
2218789.0 123267.0 9.0
2221993.0 123445.0 9.0
2224585.0 123589.0 9.0
2224891.0 123606.0 9.0
2228671.0 123816.0 9.0
2228905.0 123829.0 9.0
2230795.0 123934.0 9.0
2236339.0 124242.0 9.0
2236501.0 124251.0 9.0
2237779.0 124322.0 9.0
2240785.0 124489.0 9.0
2245231.0 124736.0 9.0
2249065.0 124949.0 9.0
2249119.0 124952.0 9.0
2249695.0 124984.0 9.0
2251333.0 125075.0 9.0
2253745.0 125209.0 9.0
2256985.0 125389.0 9.0
2260783.0 125600.0 9.0
2266237.0 125903.0 9.0
2270539.0 126142.0 9.0
2279053.0 126615.0 9.0
2279269.0 126627.0 9.0
2279305.0 126629.0 9.0
2288143.0 127120.0 9.0
2288665.0 127149.0 9.0
2289673.0 127205.0 9.0
2291815.0 127324.0 9.0
2297107.0 127618.0 9.0
2300311.0 127796.0 9.0
2300365.0 127799.0 9.0
2307835.0 128214.0 9.0
2308411.0 128246.0 9.0
2308843.0 128270.0 9.0
2311417.0 128413.0 9.0
2311579.0 128422.0 9.0
2325259.0 129182.0 9.0
2330011.0 129446.0 9.0
2331757.0 129543.0 9.0
2336455.0 129804.0 9.0
2344951.0 130276.0 9.0
2347507.0 130418.0 9.0
2347975.0 130444.0 9.0
2368657.0 131593.0 9.0
2370799.0 131712.0 9.0
2377117.0 132063.0 9.0
2386495.0 132584.0 9.0
2397223.0 133180.0 9.0
2397871.0 133216.0 9.0
2403289.0 133517.0 9.0
2404063.0 133560.0 9.0
2408563.0 133810.0 9.0
2429335.0 134964.0 9.0
2459773.0 136655.0 9.0
2466487.0 137028.0 9.0
2524537.0 140253.0 9.0
2539909.0 141107.0 9.0
2573731.0 142986.0 9.0
2575909.0 143107.0 9.0
2622169.0 145677.0 9.0
2632249.0 146237.0 9.0
