rev4
6075806.0 337805.0 9.0
6086103.0 338382.0 9.0
6140825.0 341412.0 9.0
6150201.0 341946.0 9.0
6257451.0 347896.0 9.0
6313058.0 350983.0 9.0
6315036.0 351095.0 9.0
6319933.0 351377.0 9.0
6338677.0 352412.0 9.0
6342690.0 352652.0 9.0
6356127.0 353380.0 9.0
6359915.0 353596.0 9.0
6365712.0 353906.0 9.0
6375885.0 354465.0 9.0
6378717.0 354624.0 9.0
6406058.0 356161.0 9.0
6408763.0 356325.0 9.0
6412416.0 356525.0 9.0
6414520.0 356615.0 9.0
6442660.0 358203.0 9.0
6456846.0 358983.0 9.0
6461490.0 359246.0 9.0
6461510.0 359247.0 9.0
6490856.0 360862.0 9.0
6491497.0 360908.0 9.0
6505151.0 361645.0 9.0
6505596.0 361708.0 9.0
6511005.0 361987.0 9.0
6515980.0 362273.0 9.0
6516810.0 362345.0 9.0
6521438.0 362563.0 9.0
6532212.0 363168.0 9.0
6537621.0 363471.0 9.0
6541440.0 363689.0 9.0
6543646.0 363811.0 9.0
6556133.0 364505.0 9.0
6574637.0 365520.0 9.0
6586206.0 366156.0 9.0
6586922.0 366216.0 9.0
6587997.0 366245.0 9.0
6603011.0 367118.0 9.0
6623922.0 368261.0 9.0
6628466.0 368535.0 9.0
6660260.0 370297.0 9.0
6668987.0 370790.0 9.0
6681582.0 371483.0 9.0
6691492.0 372025.0 9.0
6696200.0 372294.0 9.0
6702374.0 372621.0 9.0
6705757.0 372819.0 9.0
6712337.0 373203.0 9.0
6712543.0 373191.0 9.0
6736946.0 374540.0 9.0
6744207.0 374958.0 9.0
6760369.0 375860.0 9.0
6762005.0 375956.0 9.0
6774208.0 376638.0 9.0
6785077.0 377236.0 9.0
6803895.0 378263.0 9.0
6812734.0 378768.0 9.0
6815151.0 378909.0 9.0
6829640.0 379713.0 9.0
6846458.0 380655.0 9.0
6859732.0 381371.0 9.0
6873933.0 382154.0 9.0
6897170.0 383451.0 9.0
6914054.0 384395.0 9.0
6925201.0 385036.0 9.0
6926077.0 385051.0 9.0
6934042.0 385488.0 9.0
6948347.0 386299.0 9.0
6953587.0 386602.0 9.0
6958428.0 386874.0 9.0
6979385.0 388044.0 9.0
7000192.0 389169.0 9.0
7023638.0 390507.0 9.0
7025240.0 390579.0 9.0
7029091.0 390804.0 9.0
7037153.0 391256.0 9.0
7037942.0 391303.0 9.0
7045439.0 391698.0 9.0
7064471.0 392765.0 9.0
7077585.0 393474.0 9.0
7084200.0 393877.0 9.0
7112215.0 395421.0 9.0
7117830.0 395730.0 9.0
7126613.0 396203.0 9.0
7141112.0 397038.0 9.0
7173763.0 398859.0 9.0
7198527.0 400220.0 9.0
7244033.0 402763.0 9.0
7282045.0 404841.0 9.0
7342120.0 408189.0 9.0
7390363.0 410885.0 9.0
7454041.0 414428.0 9.0
7524884.0 418358.0 9.0
7551072.0 419830.0 9.0
7622646.0 423801.0 9.0
7686712.0 427373.0 9.0
7698849.0 428026.0 9.0
