rev4
18962.0 1055.0 9.0
19274.0 1072.0 9.0
19484.0 1084.0 9.0
19679.0 1095.0 9.0
20031.0 1115.0 9.0
20230.0 1126.0 9.0
20357.0 1132.0 9.0
20389.0 1135.0 9.0
20473.0 1139.0 9.0
20577.0 1145.0 9.0
20690.0 1152.0 9.0
20730.0 1154.0 9.0
20734.0 1154.0 9.0
20736.0 1153.0 9.0
20745.0 1154.0 9.0
20760.0 1155.0 9.0
20761.0 1155.0 9.0
20820.0 1158.0 9.0
20823.0 1158.0 9.0
20880.0 1161.0 9.0
20880.0 1162.0 9.0
20891.0 1162.0 9.0
20923.0 1164.0 9.0
20925.0 1165.0 9.0
21184.0 1179.0 9.0
21194.0 1179.0 9.0
21229.0 1181.0 9.0
21238.0 1181.0 9.0
21254.0 1183.0 9.0
21327.0 1187.0 9.0
21379.0 1189.0 9.0
21382.0 1190.0 9.0
21427.0 1192.0 9.0
21480.0 1195.0 9.0
21492.0 1196.0 9.0
21525.0 1198.0 9.0
21529.0 1198.0 9.0
21559.0 1200.0 9.0
21741.0 1210.0 9.0
21842.0 1215.0 9.0
21850.0 1216.0 9.0
21867.0 1216.0 9.0
21868.0 1217.0 9.0
21922.0 1220.0 9.0
21943.0 1220.0 9.0
21967.0 1222.0 9.0
21993.0 1223.0 9.0
22064.0 1227.0 9.0
22066.0 1228.0 9.0
22136.0 1232.0 9.0
22145.0 1233.0 9.0
22221.0 1236.0 9.0
22323.0 1242.0 9.0
22366.0 1244.0 9.0
22379.0 1245.0 9.0
22388.0 1245.0 9.0
22457.0 1249.0 9.0
22515.0 1253.0 9.0
22560.0 1255.0 9.0
22571.0 1255.0 9.0
22782.0 1268.0 9.0
22798.0 1268.0 9.0
22849.0 1271.0 9.0
22886.0 1273.0 9.0
22956.0 1277.0 9.0
23027.0 1281.0 9.0
23208.0 1291.0 9.0
23264.0 1294.0 9.0
23297.0 1296.0 9.0
23314.0 1297.0 9.0
23331.0 1298.0 9.0
23333.0 1299.0 9.0
23369.0 1301.0 9.0
23434.0 1303.0 9.0
23451.0 1304.0 9.0
23468.0 1305.0 9.0
23601.0 1314.0 9.0
23845.0 1327.0 9.0
24106.0 1341.0 9.0
24174.0 1345.0 9.0
24305.0 1353.0 9.0
24353.0 1354.0 9.0
24369.0 1355.0 9.0
24477.0 1362.0 9.0
24546.0 1365.0 9.0
24575.0 1367.0 9.0
24757.0 1377.0 9.0
24798.0 1380.0 9.0
24810.0 1380.0 9.0
24973.0 1390.0 9.0
25035.0 1394.0 9.0
25197.0 1401.0 9.0
25423.0 1414.0 9.0
25610.0 1424.0 9.0
25718.0 1430.0 9.0
26100.0 1452.0 9.0
26413.0 1469.0 9.0
26948.0 1499.0 9.0
27003.0 1502.0 9.0
30319.0 1687.0 9.0
