rev2
111601.0 6201.0 9.0
113077.0 6283.0 9.0
113095.0 6284.0 9.0
113401.0 6301.0 9.0
114247.0 6348.0 9.0
114481.0 6361.0 9.0
114787.0 6378.0 9.0
115237.0 6403.0 9.0
117667.0 6538.0 9.0
118009.0 6557.0 9.0
118225.0 6569.0 9.0
118693.0 6595.0 9.0
119359.0 6632.0 9.0
119881.0 6661.0 9.0
120223.0 6680.0 9.0
120385.0 6689.0 9.0
120925.0 6719.0 9.0
121033.0 6725.0 9.0
121069.0 6727.0 9.0
121267.0 6738.0 9.0
121483.0 6750.0 9.0
122239.0 6792.0 9.0
122419.0 6802.0 9.0
122491.0 6806.0 9.0
122617.0 6813.0 9.0
122851.0 6826.0 9.0
123067.0 6838.0 9.0
123373.0 6855.0 9.0
123643.0 6870.0 9.0
123877.0 6883.0 9.0
123967.0 6888.0 9.0
124525.0 6919.0 9.0
124849.0 6937.0 9.0
124993.0 6945.0 9.0
125047.0 6948.0 9.0
125461.0 6971.0 9.0
125677.0 6983.0 9.0
125929.0 6997.0 9.0
125983.0 7000.0 9.0
126163.0 7010.0 9.0
126343.0 7020.0 9.0
126847.0 7048.0 9.0
127171.0 7066.0 9.0
127585.0 7089.0 9.0
127693.0 7095.0 9.0
127837.0 7103.0 9.0
127927.0 7108.0 9.0
127963.0 7110.0 9.0
128125.0 7119.0 9.0
128143.0 7120.0 9.0
128647.0 7148.0 9.0
128899.0 7162.0 9.0
128917.0 7163.0 9.0
129241.0 7181.0 9.0
129331.0 7186.0 9.0
129385.0 7189.0 9.0
129835.0 7214.0 9.0
130303.0 7240.0 9.0
130375.0 7244.0 9.0
130393.0 7245.0 9.0
131491.0 7306.0 9.0
131545.0 7309.0 9.0
133255.0 7404.0 9.0
133309.0 7407.0 9.0
133399.0 7412.0 9.0
134317.0 7463.0 9.0
134821.0 7491.0 9.0
135721.0 7541.0 9.0
136225.0 7569.0 9.0
136261.0 7571.0 9.0
136531.0 7586.0 9.0
136603.0 7590.0 9.0
137269.0 7627.0 9.0
138169.0 7677.0 9.0
138349.0 7687.0 9.0
138493.0 7695.0 9.0
139519.0 7752.0 9.0
139627.0 7758.0 9.0
139735.0 7764.0 9.0
140203.0 7790.0 9.0
140329.0 7797.0 9.0
140383.0 7800.0 9.0
140761.0 7821.0 9.0
140941.0 7831.0 9.0
141319.0 7852.0 9.0
141643.0 7870.0 9.0
141895.0 7884.0 9.0
142831.0 7936.0 9.0
144433.0 8025.0 9.0
145135.0 8064.0 9.0
145171.0 8066.0 9.0
145801.0 8101.0 9.0
146143.0 8120.0 9.0
146665.0 8149.0 9.0
147079.0 8172.0 9.0
148123.0 8230.0 9.0
148951.0 8276.0 9.0
149473.0 8305.0 9.0
150895.0 8384.0 9.0
164125.0 9119.0 9.0
