rev2
471133.0 26175.0 9.0
474985.0 26389.0 9.0
479179.0 26622.0 9.0
484237.0 26903.0 9.0
486469.0 27027.0 9.0
487369.0 27077.0 9.0
487855.0 27104.0 9.0
488539.0 27142.0 9.0
488809.0 27157.0 9.0
491671.0 27316.0 9.0
491797.0 27323.0 9.0
493417.0 27413.0 9.0
493453.0 27415.0 9.0
494803.0 27490.0 9.0
495793.0 27545.0 9.0
496063.0 27560.0 9.0
497791.0 27656.0 9.0
498025.0 27669.0 9.0
498043.0 27670.0 9.0
499015.0 27724.0 9.0
500311.0 27796.0 9.0
500707.0 27818.0 9.0
501121.0 27841.0 9.0
504055.0 28004.0 9.0
504991.0 28056.0 9.0
505333.0 28075.0 9.0
506647.0 28148.0 9.0
507529.0 28197.0 9.0
508519.0 28252.0 9.0
509689.0 28317.0 9.0
509941.0 28331.0 9.0
510139.0 28342.0 9.0
511219.0 28402.0 9.0
511795.0 28434.0 9.0
513847.0 28548.0 9.0
515989.0 28667.0 9.0
516331.0 28686.0 9.0
517681.0 28761.0 9.0
519085.0 28839.0 9.0
519607.0 28868.0 9.0
519643.0 28870.0 9.0
519985.0 28889.0 9.0
521983.0 29000.0 9.0
522847.0 29048.0 9.0
525169.0 29177.0 9.0
526231.0 29236.0 9.0
529705.0 29429.0 9.0
529759.0 29432.0 9.0
530515.0 29474.0 9.0
531523.0 29530.0 9.0
534007.0 29668.0 9.0
534313.0 29685.0 9.0
534403.0 29690.0 9.0
534601.0 29701.0 9.0
537229.0 29847.0 9.0
538399.0 29912.0 9.0
541171.0 30066.0 9.0
542683.0 30150.0 9.0
543349.0 30187.0 9.0
543907.0 30218.0 9.0
544339.0 30242.0 9.0
545833.0 30325.0 9.0
545941.0 30331.0 9.0
547057.0 30393.0 9.0
547237.0 30403.0 9.0
549991.0 30556.0 9.0
550783.0 30600.0 9.0
550855.0 30604.0 9.0
551467.0 30638.0 9.0
553591.0 30756.0 9.0
555391.0 30856.0 9.0
557029.0 30947.0 9.0
557461.0 30971.0 9.0
559009.0 31057.0 9.0
561817.0 31213.0 9.0
562267.0 31238.0 9.0
562861.0 31271.0 9.0
563851.0 31326.0 9.0
564427.0 31358.0 9.0
564535.0 31364.0 9.0
564715.0 31374.0 9.0
565381.0 31411.0 9.0
566335.0 31464.0 9.0
566461.0 31471.0 9.0
568567.0 31588.0 9.0
569827.0 31658.0 9.0
570331.0 31686.0 9.0
574759.0 31932.0 9.0
582769.0 32377.0 9.0
583507.0 32418.0 9.0
584407.0 32468.0 9.0
585001.0 32501.0 9.0
587413.0 32635.0 9.0
591535.0 32864.0 9.0
591607.0 32868.0 9.0
598933.0 33275.0 9.0
606637.0 33703.0 9.0
608905.0 33829.0 9.0
610651.0 33926.0 9.0
620497.0 34473.0 9.0
