rev2
1.7391331E7 966186.0 9.0
1.7455591E7 969756.0 9.0
1.7667397E7 981523.0 9.0
1.7688151E7 982676.0 9.0
1.7789761E7 988321.0 9.0
1.7822215E7 990124.0 9.0
1.7822395E7 990134.0 9.0
1.7892145E7 994009.0 9.0
1.7998003E7 999890.0 9.0
1.8042643E7 1002370.0 9.0
1.8217585E7 1012089.0 9.0
1.8230239E7 1012792.0 9.0
1.8247861E7 1013771.0 9.0
1.8260533E7 1014475.0 9.0
1.8283429E7 1015747.0 9.0
1.8384517E7 1021363.0 9.0
1.8396991E7 1022056.0 9.0
1.8420805E7 1023379.0 9.0
1.8425431E7 1023636.0 9.0
1.8450487E7 1025028.0 9.0
1.8455383E7 1025300.0 9.0
1.8474481E7 1026361.0 9.0
1.8502327E7 1027908.0 9.0
1.8528697E7 1029373.0 9.0
1.8545059E7 1030282.0 9.0
1.8556381E7 1030911.0 9.0
1.8572797E7 1031823.0 9.0
1.8587467E7 1032638.0 9.0
1.8623215E7 1034624.0 9.0
1.8626455E7 1034804.0 9.0
1.8662095E7 1036784.0 9.0
1.8688249E7 1038237.0 9.0
1.8715897E7 1039773.0 9.0
1.8897715E7 1049874.0 9.0
1.8964999E7 1053612.0 9.0
1.8982405E7 1054579.0 9.0
1.9050931E7 1058386.0 9.0
1.9063279E7 1059072.0 9.0
1.9117657E7 1062093.0 9.0
1.9143793E7 1063545.0 9.0
1.9155007E7 1064168.0 9.0
1.9226161E7 1068121.0 9.0
1.9251541E7 1069531.0 9.0
1.9270405E7 1070579.0 9.0
1.9288387E7 1071578.0 9.0
1.9301815E7 1072324.0 9.0
1.9303939E7 1072442.0 9.0
1.9366435E7 1075914.0 9.0
1.9379179E7 1076622.0 9.0
1.9393597E7 1077423.0 9.0
1.9404991E7 1078056.0 9.0
1.9429201E7 1079401.0 9.0
1.9450909E7 1080607.0 9.0
1.9496521E7 1083141.0 9.0
1.9504819E7 1083602.0 9.0
1.9504927E7 1083608.0 9.0
1.9509625E7 1083869.0 9.0
1.9536211E7 1085346.0 9.0
1.9626877E7 1090383.0 9.0
1.9627723E7 1090430.0 9.0
1.9632727E7 1090708.0 9.0
1.9641403E7 1091190.0 9.0
1.9651933E7 1091775.0 9.0
1.9665541E7 1092531.0 9.0
1.9717525E7 1095419.0 9.0
1.9742671E7 1096816.0 9.0
1.9823257E7 1101293.0 9.0
1.9855603E7 1103090.0 9.0
1.9864009E7 1103557.0 9.0
1.9866205E7 1103679.0 9.0
1.9946557E7 1108143.0 9.0
1.9963135E7 1109064.0 9.0
1.9994095E7 1110784.0 9.0
2.0013589E7 1111867.0 9.0
2.0018539E7 1112142.0 9.0
2.0042839E7 1113492.0 9.0
2.0059669E7 1114427.0 9.0
2.0074987E7 1115278.0 9.0
2.0090593E7 1116145.0 9.0
2.0154691E7 1119706.0 9.0
2.0185633E7 1121425.0 9.0
2.0211247E7 1122848.0 9.0
2.0213155E7 1122954.0 9.0
2.0243323E7 1124630.0 9.0
2.0337517E7 1129863.0 9.0
2.0360791E7 1131156.0 9.0
2.0408527E7 1133808.0 9.0
2.0510803E7 1139490.0 9.0
2.0700901E7 1150051.0 9.0
2.0734219E7 1151902.0 9.0
2.0928223E7 1162680.0 9.0
2.1095515E7 1171974.0 9.0
2.1107449E7 1172637.0 9.0
2.1198511E7 1177696.0 9.0
2.1344023E7 1185780.0 9.0
2.1497257E7 1194293.0 9.0
2.1733525E7 1207419.0 9.0
2.2309831E7 1239436.0 9.0
2.2858939E7 1269942.0 9.0
2.3072347E7 1281798.0 9.0
