rev4
937.0 53.0 9.0
955.0 54.0 9.0
991.0 56.0 9.0
1009.0 57.0 9.0
1045.0 59.0 9.0
1045.0 59.0 9.0
1063.0 60.0 9.0
1063.0 60.0 9.0
1063.0 60.0 9.0
1081.0 61.0 9.0
1099.0 62.0 9.0
1099.0 62.0 9.0
1115.0 63.0 9.0
1116.0 63.0 9.0
1116.0 63.0 9.0
1117.0 63.0 9.0
1117.0 63.0 9.0
1135.0 64.0 9.0
1153.0 65.0 9.0
1170.0 66.0 9.0
1171.0 66.0 9.0
1171.0 66.0 9.0
1189.0 67.0 9.0
1189.0 67.0 9.0
1189.0 67.0 9.0
1189.0 67.0 9.0
1189.0 67.0 9.0
1206.0 68.0 9.0
1207.0 68.0 9.0
1207.0 68.0 9.0
1216.0 69.0 9.0
1224.0 69.0 9.0
1225.0 69.0 9.0
1225.0 69.0 9.0
1225.0 69.0 9.0
1243.0 70.0 9.0
1252.0 71.0 9.0
1261.0 71.0 9.0
1296.0 73.0 9.0
1297.0 73.0 9.0
1297.0 73.0 9.0
1297.0 73.0 9.0
1297.0 73.0 9.0
1315.0 74.0 9.0
1315.0 74.0 9.0
1332.0 75.0 9.0
1332.0 75.0 9.0
1333.0 75.0 9.0
1333.0 75.0 9.0
1333.0 75.0 9.0
1351.0 76.0 9.0
1351.0 76.0 9.0
1368.0 77.0 9.0
1369.0 77.0 9.0
1387.0 78.0 9.0
1387.0 78.0 9.0
1387.0 78.0 9.0
1387.0 78.0 9.0
1405.0 79.0 9.0
1423.0 80.0 9.0
1423.0 80.0 9.0
1423.0 80.0 9.0
1441.0 81.0 9.0
1441.0 81.0 9.0
1457.0 82.0 9.0
1476.0 83.0 9.0
1477.0 83.0 9.0
1477.0 83.0 9.0
1477.0 83.0 9.0
1495.0 84.0 9.0
1495.0 84.0 9.0
1511.0 85.0 9.0
1513.0 85.0 9.0
1513.0 85.0 9.0
1513.0 85.0 9.0
1513.0 85.0 9.0
1549.0 87.0 9.0
1549.0 87.0 9.0
1567.0 88.0 9.0
1584.0 89.0 9.0
1585.0 89.0 9.0
1585.0 89.0 9.0
1603.0 90.0 9.0
1620.0 91.0 9.0
1639.0 92.0 9.0
1656.0 93.0 9.0
1656.0 93.0 9.0
1673.0 94.0 9.0
1675.0 94.0 9.0
1691.0 95.0 9.0
1693.0 95.0 9.0
1720.0 97.0 9.0
1729.0 97.0 9.0
1729.0 97.0 9.0
1747.0 98.0 9.0
1837.0 103.0 9.0
1846.0 104.0 9.0
2107.0 118.0 9.0
2179.0 122.0 9.0
2179.0 122.0 9.0
