rev2
992323.0 55130.0 9.0
995977.0 55333.0 9.0
1000513.0 55585.0 9.0
1007893.0 55995.0 9.0
1009459.0 56082.0 9.0
1013041.0 56281.0 9.0
1016065.0 56449.0 9.0
1023085.0 56839.0 9.0
1023301.0 56851.0 9.0
1023895.0 56884.0 9.0
1024489.0 56917.0 9.0
1025785.0 56989.0 9.0
1028899.0 57162.0 9.0
1031545.0 57309.0 9.0
1033057.0 57393.0 9.0
1034281.0 57461.0 9.0
1034317.0 57463.0 9.0
1036513.0 57585.0 9.0
1039627.0 57758.0 9.0
1043083.0 57950.0 9.0
1043731.0 57986.0 9.0
1049581.0 58311.0 9.0
1051741.0 58431.0 9.0
1052371.0 58466.0 9.0
1055287.0 58628.0 9.0
1058077.0 58783.0 9.0
1058527.0 58808.0 9.0
1058671.0 58816.0 9.0
1059571.0 58866.0 9.0
1060867.0 58938.0 9.0
1060993.0 58945.0 9.0
1061317.0 58963.0 9.0
1061983.0 59000.0 9.0
1064197.0 59123.0 9.0
1065403.0 59190.0 9.0
1069417.0 59413.0 9.0
1072495.0 59584.0 9.0
1076581.0 59811.0 9.0
1079713.0 59985.0 9.0
1080253.0 60015.0 9.0
1082881.0 60161.0 9.0
1086481.0 60361.0 9.0
1087795.0 60434.0 9.0
1088119.0 60452.0 9.0
1088353.0 60465.0 9.0
1088659.0 60482.0 9.0
1090405.0 60579.0 9.0
1091161.0 60621.0 9.0
1094401.0 60801.0 9.0
1094491.0 60806.0 9.0
1097713.0 60985.0 9.0
1099225.0 61069.0 9.0
1102177.0 61233.0 9.0
1104823.0 61380.0 9.0
1105507.0 61418.0 9.0
1107937.0 61553.0 9.0
1109071.0 61616.0 9.0
1109719.0 61652.0 9.0
1112203.0 61790.0 9.0
1115191.0 61956.0 9.0
1117585.0 62089.0 9.0
1117639.0 62092.0 9.0
1117873.0 62105.0 9.0
1122553.0 62365.0 9.0
1134289.0 63017.0 9.0
1134919.0 63052.0 9.0
1136161.0 63121.0 9.0
1136197.0 63123.0 9.0
1136341.0 63131.0 9.0
1141867.0 63438.0 9.0
1142371.0 63466.0 9.0
1142569.0 63477.0 9.0
1142803.0 63490.0 9.0
1147537.0 63753.0 9.0
1147537.0 63753.0 9.0
1151515.0 63974.0 9.0
1152883.0 64050.0 9.0
1153621.0 64091.0 9.0
1154575.0 64144.0 9.0
1160083.0 64450.0 9.0
1163701.0 64651.0 9.0
1188811.0 66046.0 9.0
1190827.0 66158.0 9.0
1198801.0 66601.0 9.0
1199125.0 66619.0 9.0
1199863.0 66660.0 9.0
1203751.0 66876.0 9.0
1206649.0 67037.0 9.0
1211491.0 67306.0 9.0
1218331.0 67686.0 9.0
1219645.0 67759.0 9.0
1232407.0 68468.0 9.0
1234117.0 68563.0 9.0
1235989.0 68667.0 9.0
1239283.0 68850.0 9.0
1268011.0 70446.0 9.0
1297837.0 72103.0 9.0
1324837.0 73603.0 9.0
1362781.0 75711.0 9.0
1391977.0 77333.0 9.0
