rev4
1.155611E7 828953.0 7.0
1.1614148E7 833230.0 7.0
1.2127263E7 869945.0 7.0
1.2132809E7 870308.0 7.0
1.2194736E7 874744.0 7.0
1.2252078E7 878982.0 7.0
1.227438E7 880564.0 7.0
1.2277559E7 880763.0 7.0
1.2289709E7 881549.0 7.0
1.2360471E7 886695.0 7.0
1.2391881E7 888965.0 7.0
1.2413363E7 890516.0 7.0
1.2437204E7 892239.0 7.0
1.2440479E7 892504.0 7.0
1.2446974E7 892915.0 7.0
1.2459195E7 893824.0 7.0
1.246372E7 894100.0 7.0
1.2515903E7 897806.0 7.0
1.2517742E7 897985.0 7.0
1.2523662E7 898417.0 7.0
1.2573287E7 901940.0 7.0
1.2637589E7 906633.0 7.0
1.2644681E7 907074.0 7.0
1.2665401E7 908537.0 7.0
1.2666752E7 908637.0 7.0
1.2731373E7 913302.0 7.0
1.2762905E7 915560.0 7.0
1.2820604E7 919729.0 7.0
1.2822644E7 919924.0 7.0
1.2837836E7 921024.0 7.0
1.2855996E7 922253.0 7.0
1.2897832E7 925242.0 7.0
1.2924624E7 927113.0 7.0
1.2930853E7 927592.0 7.0
1.2936111E7 927934.0 7.0
1.2955605E7 929421.0 7.0
1.2962743E7 929955.0 7.0
1.2968097E7 930310.0 7.0
1.299581E7 932245.0 7.0
1.3009687E7 933285.0 7.0
1.3020183E7 934001.0 7.0
1.3034681E7 935122.0 7.0
1.3041624E7 935584.0 7.0
1.3056769E7 936698.0 7.0
1.30623E7 937069.0 7.0
1.3069995E7 937668.0 7.0
1.3121572E7 941255.0 7.0
1.3168679E7 944738.0 7.0
1.323849E7 949655.0 7.0
1.3244247E7 950130.0 7.0
1.3250467E7 950588.0 7.0
1.3269537E7 951911.0 7.0
1.3269739E7 951897.0 7.0
1.3277047E7 952466.0 7.0
1.3279731E7 952631.0 7.0
1.3315194E7 955253.0 7.0
1.3371699E7 959229.0 7.0
1.3412666E7 962167.0 7.0
1.342069E7 962756.0 7.0
1.3432329E7 963683.0 7.0
1.3437467E7 963881.0 7.0
1.3451488E7 964890.0 7.0
1.3454861E7 965222.0 7.0
1.3462447E7 965775.0 7.0
1.3480286E7 966987.0 7.0
1.3566123E7 973191.0 7.0
1.3579725E7 974188.0 7.0
1.3582945E7 974417.0 7.0
1.3595736E7 975368.0 7.0
1.3674527E7 981029.0 7.0
1.3678775E7 981261.0 7.0
1.3680673E7 981443.0 7.0
1.3723676E7 984426.0 7.0
1.3754941E7 986708.0 7.0
1.3773447E7 988068.0 7.0
1.3824647E7 991750.0 7.0
1.3846263E7 993302.0 7.0
1.3986514E7 1003340.0 7.0
1.4008545E7 1004954.0 7.0
1.4163658E7 1016083.0 7.0
1.4203827E7 1018900.0 7.0
1.4306889E7 1026352.0 7.0
1.4381054E7 1031657.0 7.0
1.4383913E7 1031914.0 7.0
1.4384194E7 1031901.0 7.0
1.4443206E7 1036159.0 7.0
1.4457994E7 1037210.0 7.0
1.4529347E7 1042276.0 7.0
1.4534271E7 1042700.0 7.0
1.4542281E7 1043148.0 7.0
1.4628912E7 1049357.0 7.0
1.4701219E7 1054661.0 7.0
1.4798912E7 1061736.0 7.0
1.4858411E7 1065866.0 7.0
1.5036673E7 1078735.0 7.0
1.5241078E7 1093379.0 7.0
1.558082E7 1117732.0 7.0
1.5631382E7 1121384.0 7.0
1.5785835E7 1132537.0 7.0
1.6967268E7 1217178.0 7.0
