rev4
266.0 20.0 7.0
267.0 20.0 7.0
267.0 20.0 7.0
267.0 20.0 7.0
281.0 21.0 7.0
294.0 22.0 7.0
295.0 22.0 7.0
295.0 22.0 7.0
295.0 22.0 7.0
295.0 22.0 7.0
295.0 22.0 7.0
295.0 22.0 7.0
308.0 23.0 7.0
308.0 23.0 7.0
309.0 23.0 7.0
309.0 23.0 7.0
316.0 24.0 7.0
323.0 24.0 7.0
323.0 24.0 7.0
323.0 24.0 7.0
323.0 24.0 7.0
323.0 24.0 7.0
323.0 24.0 7.0
330.0 25.0 7.0
336.0 25.0 7.0
337.0 25.0 7.0
337.0 25.0 7.0
337.0 25.0 7.0
351.0 26.0 7.0
351.0 26.0 7.0
351.0 26.0 7.0
358.0 27.0 7.0
363.0 27.0 7.0
365.0 27.0 7.0
365.0 27.0 7.0
371.0 28.0 7.0
372.0 28.0 7.0
378.0 28.0 7.0
378.0 28.0 7.0
378.0 28.0 7.0
392.0 29.0 7.0
392.0 29.0 7.0
392.0 29.0 7.0
393.0 29.0 7.0
393.0 29.0 7.0
393.0 29.0 7.0
393.0 29.0 7.0
393.0 29.0 7.0
400.0 30.0 7.0
406.0 30.0 7.0
407.0 30.0 7.0
407.0 30.0 7.0
407.0 30.0 7.0
407.0 30.0 7.0
407.0 30.0 7.0
407.0 30.0 7.0
407.0 30.0 7.0
414.0 31.0 7.0
420.0 31.0 7.0
421.0 31.0 7.0
421.0 31.0 7.0
421.0 31.0 7.0
421.0 31.0 7.0
421.0 31.0 7.0
421.0 31.0 7.0
421.0 31.0 7.0
434.0 32.0 7.0
434.0 32.0 7.0
435.0 32.0 7.0
435.0 32.0 7.0
435.0 32.0 7.0
448.0 33.0 7.0
449.0 33.0 7.0
449.0 33.0 7.0
449.0 33.0 7.0
454.0 34.0 7.0
456.0 34.0 7.0
456.0 34.0 7.0
461.0 34.0 7.0
463.0 34.0 7.0
470.0 35.0 7.0
477.0 35.0 7.0
477.0 35.0 7.0
483.0 36.0 7.0
484.0 36.0 7.0
502.0 37.0 7.0
504.0 37.0 7.0
505.0 37.0 7.0
519.0 38.0 7.0
519.0 38.0 7.0
532.0 39.0 7.0
533.0 39.0 7.0
547.0 40.0 7.0
547.0 40.0 7.0
553.0 41.0 7.0
560.0 41.0 7.0
561.0 41.0 7.0
575.0 42.0 7.0
617.0 45.0 7.0
700.0 51.0 7.0
