rev4
2.4852631E7 1782811.0 7.0
2.486339E7 1783653.0 7.0
2.4992963E7 1792861.0 7.0
2.5109904E7 1801310.0 7.0
2.5144234E7 1803728.0 7.0
2.5224395E7 1809565.0 7.0
2.5416272E7 1823361.0 7.0
2.5455165E7 1826072.0 7.0
2.5548655E7 1832753.0 7.0
2.5611905E7 1837312.0 7.0
2.5667236E7 1841289.0 7.0
2.5691857E7 1843036.0 7.0
2.5714513E7 1844762.0 7.0
2.5735646E7 1846148.0 7.0
2.576492E7 1848274.0 7.0
2.5805294E7 1851196.0 7.0
2.5806267E7 1851240.0 7.0
2.5815206E7 1851976.0 7.0
2.5946172E7 1861351.0 7.0
2.5996717E7 1864899.0 7.0
2.6013978E7 1866077.0 7.0
2.6040422E7 1867997.0 7.0
2.6051618E7 1868914.0 7.0
2.6077248E7 1870645.0 7.0
2.6125946E7 1874222.0 7.0
2.6229058E7 1881691.0 7.0
2.6311618E7 1887478.0 7.0
2.6319233E7 1888046.0 7.0
2.6355742E7 1890724.0 7.0
2.6467784E7 1898605.0 7.0
2.6481427E7 1899702.0 7.0
2.6580354E7 1906856.0 7.0
2.6596661E7 1907941.0 7.0
2.6597655E7 1908124.0 7.0
2.6629838E7 1910270.0 7.0
2.6635517E7 1910784.0 7.0
2.6768265E7 1920352.0 7.0
2.6791916E7 1921976.0 7.0
2.6868518E7 1927556.0 7.0
2.6962917E7 1934218.0 7.0
2.7014216E7 1937971.0 7.0
2.7016786E7 1938159.0 7.0
2.7055316E7 1940857.0 7.0
2.7071202E7 1942055.0 7.0
2.7111277E7 1944955.0 7.0
2.7144517E7 1947348.0 7.0
2.7307029E7 1958961.0 7.0
2.7309708E7 1959179.0 7.0
2.7377587E7 1963937.0 7.0
2.7379379E7 1964200.0 7.0
2.7394042E7 1965175.0 7.0
2.7575347E7 1978227.0 7.0
2.7579497E7 1978463.0 7.0
2.7586837E7 1978994.0 7.0
2.7668138E7 1984849.0 7.0
2.770434E7 1987485.0 7.0
2.7737839E7 1989858.0 7.0
2.7743979E7 1990196.0 7.0
2.7893523E7 2001009.0 7.0
2.7906652E7 2002006.0 7.0
2.7914194E7 2002508.0 7.0
2.7972074E7 2006695.0 7.0
2.7994975E7 2008217.0 7.0
2.8010525E7 2009439.0 7.0
2.805079E7 2012244.0 7.0
2.8085074E7 2014771.0 7.0
2.815999E7 2020063.0 7.0
2.821305E7 2023921.0 7.0
2.8307841E7 2030676.0 7.0
2.8316104E7 2031245.0 7.0
2.8441683E7 2040405.0 7.0
2.8444277E7 2040533.0 7.0
2.8529916E7 2046593.0 7.0
2.8686036E7 2057861.0 7.0
2.8723457E7 2060521.0 7.0
2.8797253E7 2065856.0 7.0
2.8829164E7 2068222.0 7.0
2.8835174E7 2068453.0 7.0
2.8839782E7 2068888.0 7.0
2.8842095E7 2069160.0 7.0
2.898773E7 2079544.0 7.0
2.9131128E7 2089833.0 7.0
2.9325905E7 2103752.0 7.0
2.9406421E7 2109624.0 7.0
2.9534766E7 2118897.0 7.0
2.9622485E7 2125022.0 7.0
2.9736537E7 2133348.0 7.0
2.9752907E7 2134431.0 7.0
2.9874807E7 2143139.0 7.0
2.9988136E7 2151268.0 7.0
3.0057762E7 2156340.0 7.0
3.0198308E7 2166352.0 7.0
3.0545786E7 2191271.0 7.0
3.0586689E7 2194234.0 7.0
3.0729985E7 2204567.0 7.0
3.0868771E7 2214480.0 7.0
3.2036088E7 2298197.0 7.0
3.2240862E7 2312922.0 7.0
3.2468234E7 2329215.0 7.0
3.3296575E7 2388706.0 7.0
