rev4
617.0 45.0 7.0
645.0 47.0 7.0
652.0 48.0 7.0
666.0 49.0 7.0
671.0 49.0 7.0
680.0 50.0 7.0
687.0 50.0 7.0
701.0 51.0 7.0
708.0 52.0 7.0
708.0 52.0 7.0
713.0 52.0 7.0
722.0 53.0 7.0
726.0 53.0 7.0
727.0 53.0 7.0
729.0 53.0 7.0
729.0 53.0 7.0
741.0 54.0 7.0
741.0 54.0 7.0
742.0 54.0 7.0
756.0 55.0 7.0
756.0 55.0 7.0
757.0 55.0 7.0
757.0 55.0 7.0
757.0 55.0 7.0
757.0 55.0 7.0
764.0 56.0 7.0
771.0 58.0 7.0
771.0 56.0 7.0
782.0 57.0 7.0
785.0 57.0 7.0
797.0 58.0 7.0
798.0 58.0 7.0
799.0 58.0 7.0
799.0 58.0 7.0
799.0 58.0 7.0
799.0 58.0 7.0
805.0 59.0 7.0
805.0 59.0 7.0
813.0 59.0 7.0
813.0 59.0 7.0
819.0 60.0 7.0
820.0 60.0 7.0
825.0 60.0 7.0
827.0 60.0 7.0
827.0 60.0 7.0
834.0 61.0 7.0
840.0 61.0 7.0
840.0 61.0 7.0
840.0 61.0 7.0
840.0 61.0 7.0
841.0 61.0 7.0
846.0 62.0 7.0
860.0 63.0 7.0
862.0 63.0 7.0
866.0 63.0 7.0
869.0 63.0 7.0
875.0 64.0 7.0
876.0 64.0 7.0
880.0 64.0 7.0
882.0 64.0 7.0
882.0 64.0 7.0
882.0 64.0 7.0
890.0 65.0 7.0
896.0 65.0 7.0
909.0 66.0 7.0
909.0 66.0 7.0
909.0 66.0 7.0
924.0 67.0 7.0
936.0 68.0 7.0
939.0 68.0 7.0
946.0 69.0 7.0
946.0 69.0 7.0
952.0 69.0 7.0
965.0 71.0 7.0
966.0 70.0 7.0
967.0 70.0 7.0
972.0 71.0 7.0
973.0 71.0 7.0
981.0 71.0 7.0
981.0 71.0 7.0
987.0 72.0 7.0
991.0 72.0 7.0
994.0 72.0 7.0
994.0 72.0 7.0
1013.0 74.0 7.0
1021.0 74.0 7.0
1023.0 74.0 7.0
1023.0 74.0 7.0
1036.0 75.0 7.0
1043.0 76.0 7.0
1043.0 76.0 7.0
1065.0 77.0 7.0
1065.0 77.0 7.0
1072.0 78.0 7.0
1106.0 80.0 7.0
1123.0 82.0 7.0
1148.0 84.0 7.0
1169.0 85.0 7.0
1187.0 86.0 7.0
1233.0 89.0 7.0
