rev4
303329.0 21752.0 7.0
303903.0 21802.0 7.0
304729.0 21862.0 7.0
305022.0 21885.0 7.0
308165.0 22102.0 7.0
308747.0 22150.0 7.0
310199.0 22256.0 7.0
311159.0 22331.0 7.0
311855.0 22382.0 7.0
312630.0 22430.0 7.0
313765.0 22512.0 7.0
314012.0 22520.0 7.0
314338.0 22551.0 7.0
315888.0 22655.0 7.0
318886.0 22877.0 7.0
318992.0 22890.0 7.0
319646.0 22932.0 7.0
319756.0 22927.0 7.0
320071.0 22967.0 7.0
320310.0 22987.0 7.0
320669.0 23001.0 7.0
320944.0 23021.0 7.0
321572.0 23055.0 7.0
322861.0 23175.0 7.0
323042.0 23175.0 7.0
323149.0 23188.0 7.0
323669.0 23223.0 7.0
323893.0 23235.0 7.0
324510.0 23273.0 7.0
325598.0 23362.0 7.0
325668.0 23355.0 7.0
325904.0 23373.0 7.0
327718.0 23517.0 7.0
328150.0 23557.0 7.0
328699.0 23596.0 7.0
328858.0 23595.0 7.0
329010.0 23601.0 7.0
330246.0 23683.0 7.0
331392.0 23771.0 7.0
333944.0 23962.0 7.0
333978.0 23967.0 7.0
335181.0 24041.0 7.0
335612.0 24084.0 7.0
336005.0 24102.0 7.0
336057.0 24115.0 7.0
336575.0 24144.0 7.0
337368.0 24204.0 7.0
337621.0 24219.0 7.0
338648.0 24299.0 7.0
338930.0 24315.0 7.0
339079.0 24327.0 7.0
339129.0 24326.0 7.0
339639.0 24364.0 7.0
339962.0 24399.0 7.0
340156.0 24398.0 7.0
340238.0 24407.0 7.0
341432.0 24500.0 7.0
342235.0 24549.0 7.0
342382.0 24560.0 7.0
342517.0 24563.0 7.0
342863.0 24586.0 7.0
343532.0 24656.0 7.0
343629.0 24657.0 7.0
344140.0 24689.0 7.0
344545.0 24706.0 7.0
344590.0 24713.0 7.0
345227.0 24777.0 7.0
345405.0 24766.0 7.0
345721.0 24798.0 7.0
346006.0 24832.0 7.0
348846.0 25021.0 7.0
349743.0 25077.0 7.0
351452.0 25219.0 7.0
351801.0 25238.0 7.0
354779.0 25444.0 7.0
357846.0 25669.0 7.0
358787.0 25741.0 7.0
358980.0 25746.0 7.0
359007.0 25758.0 7.0
359460.0 25784.0 7.0
360230.0 25849.0 7.0
364562.0 26150.0 7.0
366192.0 26270.0 7.0
367698.0 26388.0 7.0
370710.0 26591.0 7.0
370921.0 26604.0 7.0
371224.0 26631.0 7.0
371983.0 26697.0 7.0
373813.0 26810.0 7.0
374280.0 26847.0 7.0
374994.0 26907.0 7.0
378172.0 27129.0 7.0
395326.0 28378.0 7.0
398710.0 28595.0 7.0
400571.0 28728.0 7.0
413290.0 29658.0 7.0
414599.0 29746.0 7.0
419541.0 30091.0 7.0
420297.0 30154.0 7.0
433919.0 31138.0 7.0
