rev4
66708.0 4786.0 7.0
67022.0 4810.0 7.0
67353.0 4835.0 7.0
67917.0 4872.0 7.0
68483.0 4911.0 7.0
68926.0 4947.0 7.0
69594.0 4992.0 7.0
69663.0 4995.0 7.0
69716.0 5008.0 7.0
69745.0 5005.0 7.0
69930.0 5017.0 7.0
70472.0 5057.0 7.0
70591.0 5063.0 7.0
71257.0 5116.0 7.0
71586.0 5137.0 7.0
71598.0 5136.0 7.0
71629.0 5136.0 7.0
71788.0 5152.0 7.0
72000.0 5165.0 7.0
72295.0 5185.0 7.0
72299.0 5190.0 7.0
72557.0 5216.0 7.0
72622.0 5210.0 7.0
72724.0 5214.0 7.0
73168.0 5249.0 7.0
73675.0 5287.0 7.0
73897.0 5298.0 7.0
73929.0 5299.0 7.0
74166.0 5319.0 7.0
74688.0 5364.0 7.0
74763.0 5361.0 7.0
74766.0 5368.0 7.0
74871.0 5366.0 7.0
74909.0 5376.0 7.0
75043.0 5392.0 7.0
75502.0 5412.0 7.0
75658.0 5431.0 7.0
75697.0 5430.0 7.0
75737.0 5434.0 7.0
76010.0 5456.0 7.0
76263.0 5469.0 7.0
76504.0 5489.0 7.0
76552.0 5496.0 7.0
76681.0 5501.0 7.0
76692.0 5499.0 7.0
76765.0 5505.0 7.0
76810.0 5511.0 7.0
76823.0 5512.0 7.0
76949.0 5514.0 7.0
76955.0 5527.0 7.0
77409.0 5551.0 7.0
77548.0 5563.0 7.0
77701.0 5576.0 7.0
77877.0 5589.0 7.0
78049.0 5599.0 7.0
78196.0 5610.0 7.0
78348.0 5624.0 7.0
78524.0 5633.0 7.0
78893.0 5670.0 7.0
79150.0 5680.0 7.0
79228.0 5685.0 7.0
79339.0 5690.0 7.0
79575.0 5724.0 7.0
79627.0 5708.0 7.0
80254.0 5758.0 7.0
80297.0 5759.0 7.0
80584.0 5781.0 7.0
80880.0 5807.0 7.0
81133.0 5823.0 7.0
81152.0 5823.0 7.0
81385.0 5838.0 7.0
81400.0 5848.0 7.0
81873.0 5874.0 7.0
82061.0 5893.0 7.0
82065.0 5887.0 7.0
82207.0 5897.0 7.0
82649.0 5937.0 7.0
82745.0 5937.0 7.0
82749.0 5941.0 7.0
83057.0 5959.0 7.0
83343.0 5982.0 7.0
83697.0 6008.0 7.0
84156.0 6038.0 7.0
84366.0 6057.0 7.0
84526.0 6066.0 7.0
84596.0 6070.0 7.0
84936.0 6095.0 7.0
84973.0 6091.0 7.0
85382.0 6129.0 7.0
86608.0 6215.0 7.0
86778.0 6228.0 7.0
87767.0 6301.0 7.0
87996.0 6312.0 7.0
88169.0 6328.0 7.0
92921.0 6665.0 7.0
93529.0 6706.0 7.0
94396.0 6777.0 7.0
97226.0 6980.0 7.0
102179.0 7331.0 7.0
107652.0 7726.0 7.0
