rev4
14774.0 1058.0 7.0
14795.0 1064.0 7.0
14957.0 1076.0 7.0
15126.0 1087.0 7.0
15129.0 1087.0 7.0
15203.0 1093.0 7.0
15314.0 1097.0 7.0
15456.0 1109.0 7.0
15492.0 1112.0 7.0
15518.0 1113.0 7.0
15536.0 1116.0 7.0
15629.0 1120.0 7.0
16088.0 1154.0 7.0
16166.0 1161.0 7.0
16181.0 1162.0 7.0
16203.0 1162.0 7.0
16209.0 1162.0 7.0
16304.0 1170.0 7.0
16399.0 1179.0 7.0
16476.0 1182.0 7.0
16524.0 1187.0 7.0
16674.0 1196.0 7.0
16737.0 1200.0 7.0
16794.0 1207.0 7.0
16846.0 1210.0 7.0
16886.0 1211.0 7.0
16897.0 1214.0 7.0
16905.0 1213.0 7.0
16966.0 1221.0 7.0
17011.0 1223.0 7.0
17054.0 1225.0 7.0
17090.0 1226.0 7.0
17094.0 1229.0 7.0
17109.0 1229.0 7.0
17110.0 1229.0 7.0
17151.0 1230.0 7.0
17153.0 1233.0 7.0
17158.0 1231.0 7.0
17217.0 1239.0 7.0
17304.0 1239.0 7.0
17348.0 1245.0 7.0
17375.0 1245.0 7.0
17411.0 1250.0 7.0
17429.0 1249.0 7.0
17484.0 1257.0 7.0
17572.0 1263.0 7.0
17573.0 1262.0 7.0
17720.0 1271.0 7.0
17730.0 1270.0 7.0
17746.0 1276.0 7.0
17764.0 1275.0 7.0
17777.0 1277.0 7.0
17829.0 1281.0 7.0
17830.0 1277.0 7.0
17849.0 1280.0 7.0
17915.0 1285.0 7.0
17970.0 1289.0 7.0
17977.0 1293.0 7.0
18016.0 1293.0 7.0
18048.0 1297.0 7.0
18051.0 1296.0 7.0
18057.0 1295.0 7.0
18097.0 1300.0 7.0
18202.0 1308.0 7.0
18254.0 1311.0 7.0
18303.0 1311.0 7.0
18303.0 1311.0 7.0
18318.0 1314.0 7.0
18522.0 1331.0 7.0
18532.0 1332.0 7.0
18541.0 1330.0 7.0
18609.0 1333.0 7.0
18861.0 1356.0 7.0
18882.0 1353.0 7.0
18920.0 1359.0 7.0
18927.0 1358.0 7.0
19046.0 1369.0 7.0
19074.0 1370.0 7.0
19139.0 1374.0 7.0
19147.0 1374.0 7.0
19268.0 1384.0 7.0
19342.0 1386.0 7.0
19391.0 1391.0 7.0
19407.0 1392.0 7.0
19494.0 1400.0 7.0
19540.0 1405.0 7.0
19562.0 1403.0 7.0
19610.0 1409.0 7.0
19842.0 1424.0 7.0
19870.0 1425.0 7.0
19876.0 1427.0 7.0
20007.0 1437.0 7.0
20322.0 1460.0 7.0
20368.0 1461.0 7.0
20609.0 1478.0 7.0
20650.0 1482.0 7.0
20654.0 1483.0 7.0
20821.0 1496.0 7.0
20883.0 1498.0 7.0
22015.0 1584.0 7.0
