rev4
5481949.0 393250.0 7.0
5713426.0 409871.0 7.0
5762977.0 413413.0 7.0
5782630.0 414850.0 7.0
5798143.0 415937.0 7.0
5802496.0 416179.0 7.0
5865438.0 420788.0 7.0
5908232.0 423805.0 7.0
5919881.0 424612.0 7.0
5924489.0 425002.0 7.0
5943804.0 426392.0 7.0
5960967.0 427646.0 7.0
5964113.0 427823.0 7.0
5974073.0 428588.0 7.0
6021865.0 431996.0 7.0
6026851.0 432338.0 7.0
6040664.0 433348.0 7.0
6060754.0 434751.0 7.0
6086100.0 436593.0 7.0
6086431.0 436657.0 7.0
6103597.0 437875.0 7.0
6106523.0 438057.0 7.0
6110520.0 438333.0 7.0
6115831.0 438759.0 7.0
6122134.0 439200.0 7.0
6123935.0 439329.0 7.0
6154447.0 441484.0 7.0
6155247.0 441555.0 7.0
6156816.0 441685.0 7.0
6178049.0 443238.0 7.0
6207047.0 445294.0 7.0
6208902.0 445414.0 7.0
6252397.0 448516.0 7.0
6257820.0 448911.0 7.0
6262995.0 449321.0 7.0
6266458.0 449495.0 7.0
6275709.0 450266.0 7.0
6294319.0 451568.0 7.0
6294900.0 451555.0 7.0
6299091.0 451930.0 7.0
6299577.0 451876.0 7.0
6321492.0 453469.0 7.0
6323521.0 453651.0 7.0
6324840.0 453776.0 7.0
6342420.0 454934.0 7.0
6358611.0 456166.0 7.0
6364267.0 456589.0 7.0
6368924.0 456916.0 7.0
6375247.0 457305.0 7.0
6384726.0 457978.0 7.0
6404730.0 459455.0 7.0
6422820.0 460746.0 7.0
6433269.0 461515.0 7.0
6439704.0 461971.0 7.0
6474442.0 464464.0 7.0
6492495.0 465773.0 7.0
6501428.0 466384.0 7.0
6526246.0 468180.0 7.0
6527326.0 468307.0 7.0
6533637.0 468722.0 7.0
6535480.0 468838.0 7.0
6542233.0 469353.0 7.0
6552549.0 470092.0 7.0
6553545.0 470112.0 7.0
6561036.0 470664.0 7.0
6583045.0 472255.0 7.0
6584495.0 472398.0 7.0
6614130.0 474472.0 7.0
6624751.0 475285.0 7.0
6641205.0 476426.0 7.0
6652615.0 477204.0 7.0
6653242.0 477302.0 7.0
6662166.0 477905.0 7.0
6681811.0 479321.0 7.0
6708045.0 481211.0 7.0
6743019.0 483737.0 7.0
6751661.0 484348.0 7.0
6775030.0 486023.0 7.0
6779682.0 486360.0 7.0
6780461.0 486462.0 7.0
6802181.0 487920.0 7.0
6827603.0 489713.0 7.0
6863498.0 492399.0 7.0
6865430.0 492534.0 7.0
6881213.0 493654.0 7.0
6900196.0 494974.0 7.0
6964197.0 499605.0 7.0
6999898.0 502167.0 7.0
7104727.0 509644.0 7.0
7126544.0 511286.0 7.0
7161329.0 513780.0 7.0
7203302.0 516788.0 7.0
7244811.0 519754.0 7.0
7324336.0 525461.0 7.0
7398676.0 530768.0 7.0
7465607.0 535555.0 7.0
7473358.0 536125.0 7.0
7576776.0 543519.0 7.0
7598100.0 545090.0 7.0
8351094.0 599065.0 7.0
