rev4
1285035.0 92188.0 7.0
1299162.0 93198.0 7.0
1325324.0 95074.0 7.0
1329026.0 95335.0 7.0
1359570.0 97541.0 7.0
1366542.0 98030.0 7.0
1368298.0 98172.0 7.0
1371974.0 98443.0 7.0
1378285.0 98871.0 7.0
1378982.0 98900.0 7.0
1385224.0 99349.0 7.0
1387180.0 99530.0 7.0
1395676.0 100115.0 7.0
1396603.0 100220.0 7.0
1400149.0 100441.0 7.0
1400740.0 100464.0 7.0
1405363.0 100812.0 7.0
1406395.0 100867.0 7.0
1407926.0 101011.0 7.0
1412666.0 101337.0 7.0
1420404.0 101906.0 7.0
1420529.0 101927.0 7.0
1426769.0 102340.0 7.0
1428496.0 102466.0 7.0
1429346.0 102544.0 7.0
1430996.0 102649.0 7.0
1434300.0 102896.0 7.0
1435788.0 103014.0 7.0
1437334.0 103103.0 7.0
1439775.0 103314.0 7.0
1440862.0 103378.0 7.0
1442687.0 103513.0 7.0
1445924.0 103699.0 7.0
1449475.0 103983.0 7.0
1455073.0 104406.0 7.0
1456553.0 104498.0 7.0
1457220.0 104525.0 7.0
1460788.0 104780.0 7.0
1461168.0 104821.0 7.0
1463544.0 104996.0 7.0
1468731.0 105364.0 7.0
1468819.0 105397.0 7.0
1470349.0 105468.0 7.0
1471997.0 105593.0 7.0
1475389.0 105830.0 7.0
1477160.0 105965.0 7.0
1477698.0 106002.0 7.0
1479418.0 106141.0 7.0
1479419.0 106117.0 7.0
1482941.0 106407.0 7.0
1490011.0 106883.0 7.0
1490171.0 106901.0 7.0
1490992.0 106980.0 7.0
1495430.0 107313.0 7.0
1496590.0 107346.0 7.0
1496779.0 107383.0 7.0
1498697.0 107521.0 7.0
1499344.0 107587.0 7.0
1502732.0 107825.0 7.0
1504309.0 107944.0 7.0
1508425.0 108228.0 7.0
1509244.0 108260.0 7.0
1509324.0 108266.0 7.0
1514861.0 108691.0 7.0
1515112.0 108707.0 7.0
1516497.0 108797.0 7.0
1517953.0 108894.0 7.0
1518847.0 108961.0 7.0
1524987.0 109416.0 7.0
1525728.0 109432.0 7.0
1526281.0 109493.0 7.0
1526486.0 109507.0 7.0
1529045.0 109705.0 7.0
1532522.0 109934.0 7.0
1535626.0 110189.0 7.0
1543194.0 110716.0 7.0
1544959.0 110821.0 7.0
1552820.0 111378.0 7.0
1554028.0 111484.0 7.0
1555790.0 111619.0 7.0
1563091.0 112122.0 7.0
1563653.0 112185.0 7.0
1565150.0 112298.0 7.0
1570154.0 112610.0 7.0
1572673.0 112817.0 7.0
1573949.0 112919.0 7.0
1575092.0 112979.0 7.0
1576808.0 113103.0 7.0
1580771.0 113396.0 7.0
1626959.0 116701.0 7.0
1628113.0 116794.0 7.0
1638309.0 117531.0 7.0
1657654.0 118908.0 7.0
1691733.0 121352.0 7.0
1729393.0 124072.0 7.0
1769976.0 126952.0 7.0
1777601.0 127520.0 7.0
1828783.0 131207.0 7.0
1845491.0 132378.0 7.0
1849103.0 132623.0 7.0
