rev4
1.07142887E8 7686159.0 7.0
1.07327844E8 7699441.0 7.0
1.08543577E8 7786699.0 7.0
1.09197322E8 7833725.0 7.0
1.093194E8 7842326.0 7.0
1.09731809E8 7872050.0 7.0
1.09838601E8 7879473.0 7.0
1.09943807E8 7887149.0 7.0
1.10206958E8 7906100.0 7.0
1.10439904E8 7922696.0 7.0
1.10513079E8 7927701.0 7.0
1.10772356E8 7946503.0 7.0
1.10983099E8 7961634.0 7.0
1.11400313E8 7991655.0 7.0
1.11528756E8 8000895.0 7.0
1.11671542E8 8010984.0 7.0
1.11785647E8 8019412.0 7.0
1.12172843E8 8047255.0 7.0
1.12525258E8 8072248.0 7.0
1.1263313E8 8079767.0 7.0
1.12660955E8 8081904.0 7.0
1.12796444E8 8091674.0 7.0
1.13021403E8 8107994.0 7.0
1.13090345E8 8113017.0 7.0
1.13549895E8 8145808.0 7.0
1.13579321E8 8147841.0 7.0
1.13597587E8 8149368.0 7.0
1.13924238E8 8172758.0 7.0
1.14081705E8 8183861.0 7.0
1.14725522E8 8230192.0 7.0
1.15144027E8 8260055.0 7.0
1.15160582E8 8261464.0 7.0
1.15499145E8 8285471.0 7.0
1.15658987E8 8297129.0 7.0
1.15751918E8 8303725.0 7.0
1.15766806E8 8304916.0 7.0
1.15795605E8 8306892.0 7.0
1.15880252E8 8312837.0 7.0
1.16249651E8 8339479.0 7.0
1.16402013E8 8350359.0 7.0
1.16611676E8 8365380.0 7.0
1.16618868E8 8366130.0 7.0
1.16755365E8 8375851.0 7.0
1.17066615E8 8398088.0 7.0
1.17679884E8 8441957.0 7.0
1.17709443E8 8444097.0 7.0
1.18067598E8 8470005.0 7.0
1.18113774E8 8473083.0 7.0
1.18305473E8 8486783.0 7.0
1.18438645E8 8496508.0 7.0
1.18564147E8 8505432.0 7.0
1.18689029E8 8514497.0 7.0
1.18733703E8 8517635.0 7.0
1.18737606E8 8518104.0 7.0
1.18785335E8 8521654.0 7.0
1.19353216E8 8562198.0 7.0
1.19358748E8 8562557.0 7.0
1.1943262E8 8567795.0 7.0
1.19739885E8 8590052.0 7.0
1.19913029E8 8602173.0 7.0
1.20088268E8 8614840.0 7.0
1.20182612E8 8621449.0 7.0
1.20263978E8 8627262.0 7.0
1.20346867E8 8633364.0 7.0
1.2060912E8 8652070.0 7.0
1.20874611E8 8671216.0 7.0
1.21186221E8 8693555.0 7.0
1.21596137E8 8722931.0 7.0
1.21635229E8 8725703.0 7.0
1.21678395E8 8729014.0 7.0
1.21707681E8 8730992.0 7.0
1.21866654E8 8742398.0 7.0
1.22171727E8 8764409.0 7.0
1.22216764E8 8767450.0 7.0
1.22895259E8 8816545.0 7.0
1.23844426E8 8884310.0 7.0
1.23863826E8 8885388.0 7.0
1.24216395E8 8911058.0 7.0
1.24336157E8 8919468.0 7.0
1.24519099E8 8932533.0 7.0
1.25080792E8 8972926.0 7.0
1.26006417E8 9039240.0 7.0
1.26585106E8 9080781.0 7.0
1.26850754E8 9100065.0 7.0
1.27183657E8 9123533.0 7.0
1.2792255E8 9176746.0 7.0
1.29386646E8 9282131.0 7.0
1.30196918E8 9339891.0 7.0
1.30342123E8 9350375.0 7.0
1.30423835E8 9356206.0 7.0
1.30856169E8 9387085.0 7.0
1.3097918E8 9396013.0 7.0
1.30982652E8 9396156.0 7.0
1.31401624E8 9426457.0 7.0
1.32669537E8 9517353.0 7.0
1.33479929E8 9575337.0 7.0
1.35794206E8 9741775.0 7.0
1.40483188E8 1.0077859E7 7.0
1.48906211E8 1.0682417E7 7.0
1.52545112E8 1.0943427E7 7.0
