rev4
141461.0 10156.0 7.0
141772.0 10172.0 7.0
142139.0 10198.0 7.0
143072.0 10266.0 7.0
143500.0 10292.0 7.0
144437.0 10360.0 7.0
145780.0 10451.0 7.0
146376.0 10504.0 7.0
146471.0 10511.0 7.0
146720.0 10528.0 7.0
147504.0 10584.0 7.0
147794.0 10601.0 7.0
147924.0 10615.0 7.0
148381.0 10641.0 7.0
148614.0 10662.0 7.0
148732.0 10671.0 7.0
149045.0 10693.0 7.0
149446.0 10727.0 7.0
150115.0 10769.0 7.0
150230.0 10781.0 7.0
151176.0 10844.0 7.0
151296.0 10852.0 7.0
151441.0 10861.0 7.0
151545.0 10874.0 7.0
151986.0 10903.0 7.0
152581.0 10940.0 7.0
152631.0 10954.0 7.0
153008.0 10980.0 7.0
153177.0 10987.0 7.0
153472.0 11009.0 7.0
153613.0 11011.0 7.0
154264.0 11065.0 7.0
154636.0 11094.0 7.0
155013.0 11119.0 7.0
155866.0 11187.0 7.0
156133.0 11201.0 7.0
156567.0 11233.0 7.0
156638.0 11230.0 7.0
156690.0 11240.0 7.0
158419.0 11374.0 7.0
158649.0 11384.0 7.0
158725.0 11392.0 7.0
158913.0 11398.0 7.0
158931.0 11398.0 7.0
159050.0 11417.0 7.0
159162.0 11422.0 7.0
159364.0 11430.0 7.0
159790.0 11459.0 7.0
160134.0 11491.0 7.0
160716.0 11529.0 7.0
161033.0 11555.0 7.0
162088.0 11627.0 7.0
162273.0 11641.0 7.0
162601.0 11669.0 7.0
162688.0 11675.0 7.0
162786.0 11679.0 7.0
162933.0 11690.0 7.0
163380.0 11717.0 7.0
163593.0 11738.0 7.0
164398.0 11796.0 7.0
164594.0 11814.0 7.0
164965.0 11830.0 7.0
165102.0 11843.0 7.0
165746.0 11905.0 7.0
165861.0 11895.0 7.0
165982.0 11908.0 7.0
166557.0 11940.0 7.0
166587.0 11952.0 7.0
167589.0 12016.0 7.0
168823.0 12112.0 7.0
169088.0 12129.0 7.0
169088.0 12136.0 7.0
169437.0 12156.0 7.0
170653.0 12238.0 7.0
170910.0 12257.0 7.0
171198.0 12287.0 7.0
171266.0 12290.0 7.0
171376.0 12292.0 7.0
171776.0 12322.0 7.0
171841.0 12331.0 7.0
171848.0 12335.0 7.0
173647.0 12459.0 7.0
173906.0 12466.0 7.0
174192.0 12496.0 7.0
174293.0 12502.0 7.0
176444.0 12661.0 7.0
177147.0 12704.0 7.0
177366.0 12722.0 7.0
179477.0 12878.0 7.0
180804.0 12970.0 7.0
181729.0 13043.0 7.0
182586.0 13096.0 7.0
183370.0 13156.0 7.0
185796.0 13331.0 7.0
187125.0 13430.0 7.0
190532.0 13677.0 7.0
195977.0 14057.0 7.0
201859.0 14476.0 7.0
210527.0 15100.0 7.0
223835.0 16059.0 7.0
