rev4
1778.0 128.0 7.0
1939.0 141.0 7.0
1940.0 140.0 7.0
1953.0 141.0 7.0
1995.0 144.0 7.0
2001.0 144.0 7.0
2008.0 145.0 7.0
2015.0 145.0 7.0
2064.0 149.0 7.0
2072.0 151.0 7.0
2083.0 150.0 7.0
2097.0 151.0 7.0
2101.0 151.0 7.0
2113.0 152.0 7.0
2122.0 153.0 7.0
2127.0 153.0 7.0
2128.0 153.0 7.0
2132.0 154.0 7.0
2142.0 154.0 7.0
2155.0 155.0 7.0
2155.0 155.0 7.0
2170.0 156.0 7.0
2182.0 157.0 7.0
2191.0 158.0 7.0
2204.0 159.0 7.0
2209.0 160.0 7.0
2211.0 160.0 7.0
2213.0 159.0 7.0
2225.0 160.0 7.0
2230.0 161.0 7.0
2233.0 161.0 7.0
2238.0 162.0 7.0
2244.0 162.0 7.0
2247.0 162.0 7.0
2251.0 162.0 7.0
2251.0 162.0 7.0
2276.0 164.0 7.0
2281.0 164.0 7.0
2287.0 165.0 7.0
2290.0 165.0 7.0
2298.0 166.0 7.0
2303.0 166.0 7.0
2318.0 167.0 7.0
2323.0 168.0 7.0
2328.0 168.0 7.0
2348.0 170.0 7.0
2351.0 171.0 7.0
2351.0 169.0 7.0
2357.0 170.0 7.0
2358.0 170.0 7.0
2376.0 171.0 7.0
2378.0 172.0 7.0
2387.0 172.0 7.0
2393.0 172.0 7.0
2398.0 173.0 7.0
2419.0 176.0 7.0
2434.0 175.0 7.0
2440.0 176.0 7.0
2455.0 177.0 7.0
2471.0 178.0 7.0
2493.0 180.0 7.0
2497.0 180.0 7.0
2518.0 181.0 7.0
2520.0 181.0 7.0
2547.0 183.0 7.0
2548.0 183.0 7.0
2572.0 186.0 7.0
2587.0 187.0 7.0
2624.0 189.0 7.0
2660.0 191.0 7.0
2660.0 191.0 7.0
2661.0 191.0 7.0
2665.0 192.0 7.0
2671.0 192.0 7.0
2698.0 195.0 7.0
2705.0 195.0 7.0
2708.0 196.0 7.0
2744.0 197.0 7.0
2748.0 199.0 7.0
2771.0 199.0 7.0
2791.0 201.0 7.0
2803.0 202.0 7.0
2826.0 204.0 7.0
2878.0 207.0 7.0
2939.0 211.0 7.0
2941.0 211.0 7.0
2961.0 214.0 7.0
2962.0 213.0 7.0
3009.0 217.0 7.0
3069.0 221.0 7.0
3072.0 222.0 7.0
3078.0 222.0 7.0
3100.0 223.0 7.0
3105.0 224.0 7.0
3129.0 225.0 7.0
3150.0 227.0 7.0
3155.0 227.0 7.0
3324.0 239.0 7.0
3358.0 241.0 7.0
3653.0 263.0 7.0
