rev4
157794.0 11317.0 7.0
160884.0 11546.0 7.0
162507.0 11651.0 7.0
163310.0 11718.0 7.0
164517.0 11802.0 7.0
164539.0 11806.0 7.0
165095.0 11843.0 7.0
165887.0 11902.0 7.0
166200.0 11921.0 7.0
167963.0 12052.0 7.0
168026.0 12060.0 7.0
168162.0 12060.0 7.0
168893.0 12117.0 7.0
169100.0 12127.0 7.0
170106.0 12203.0 7.0
170508.0 12232.0 7.0
171496.0 12310.0 7.0
171826.0 12339.0 7.0
171832.0 12320.0 7.0
172277.0 12357.0 7.0
172585.0 12381.0 7.0
173225.0 12429.0 7.0
174026.0 12477.0 7.0
174045.0 12482.0 7.0
174156.0 12488.0 7.0
174238.0 12502.0 7.0
174650.0 12525.0 7.0
174799.0 12545.0 7.0
174925.0 12561.0 7.0
175681.0 12593.0 7.0
175866.0 12616.0 7.0
176945.0 12699.0 7.0
177123.0 12707.0 7.0
177197.0 12713.0 7.0
177656.0 12745.0 7.0
178235.0 12778.0 7.0
178496.0 12793.0 7.0
178502.0 12806.0 7.0
178561.0 12808.0 7.0
178883.0 12832.0 7.0
179277.0 12862.0 7.0
179917.0 12912.0 7.0
180559.0 12958.0 7.0
180630.0 12956.0 7.0
180770.0 12965.0 7.0
180846.0 12975.0 7.0
181250.0 13009.0 7.0
181416.0 13014.0 7.0
182469.0 13092.0 7.0
182470.0 13089.0 7.0
182657.0 13101.0 7.0
183770.0 13184.0 7.0
184195.0 13218.0 7.0
184344.0 13219.0 7.0
185630.0 13322.0 7.0
186559.0 13387.0 7.0
186740.0 13402.0 7.0
186915.0 13403.0 7.0
187154.0 13425.0 7.0
187274.0 13432.0 7.0
187598.0 13461.0 7.0
187902.0 13491.0 7.0
188636.0 13542.0 7.0
188909.0 13558.0 7.0
189010.0 13561.0 7.0
189881.0 13616.0 7.0
190744.0 13692.0 7.0
190768.0 13688.0 7.0
191415.0 13737.0 7.0
191887.0 13767.0 7.0
192409.0 13807.0 7.0
192672.0 13823.0 7.0
193047.0 13858.0 7.0
193499.0 13876.0 7.0
194216.0 13929.0 7.0
194221.0 13934.0 7.0
194317.0 13940.0 7.0
194814.0 13977.0 7.0
197637.0 14187.0 7.0
198294.0 14226.0 7.0
199686.0 14320.0 7.0
199818.0 14331.0 7.0
200740.0 14400.0 7.0
201687.0 14468.0 7.0
201750.0 14469.0 7.0
203244.0 14582.0 7.0
205247.0 14725.0 7.0
205801.0 14755.0 7.0
206868.0 14838.0 7.0
207230.0 14868.0 7.0
208360.0 14950.0 7.0
208518.0 14966.0 7.0
208955.0 14997.0 7.0
211423.0 15168.0 7.0
219305.0 15733.0 7.0
222003.0 15927.0 7.0
224073.0 16074.0 7.0
238293.0 17095.0 7.0
242934.0 17438.0 7.0
261015.0 18722.0 7.0
