rev4
827.0 60.0 7.0
889.0 65.0 7.0
897.0 65.0 7.0
911.0 66.0 7.0
924.0 67.0 7.0
951.0 69.0 7.0
979.0 71.0 7.0
1021.0 75.0 7.0
1022.0 74.0 7.0
1022.0 76.0 7.0
1043.0 76.0 7.0
1047.0 76.0 7.0
1047.0 77.0 7.0
1048.0 76.0 7.0
1051.0 76.0 7.0
1061.0 77.0 7.0
1067.0 78.0 7.0
1078.0 78.0 7.0
1078.0 78.0 7.0
1084.0 79.0 7.0
1092.0 79.0 7.0
1093.0 79.0 7.0
1093.0 79.0 7.0
1093.0 80.0 7.0
1093.0 79.0 7.0
1098.0 80.0 7.0
1100.0 80.0 7.0
1104.0 80.0 7.0
1105.0 81.0 7.0
1106.0 80.0 7.0
1121.0 81.0 7.0
1127.0 82.0 7.0
1131.0 82.0 7.0
1134.0 82.0 7.0
1134.0 82.0 7.0
1139.0 83.0 7.0
1148.0 83.0 7.0
1156.0 84.0 7.0
1156.0 84.0 7.0
1172.0 85.0 7.0
1174.0 85.0 7.0
1177.0 86.0 7.0
1189.0 86.0 7.0
1191.0 86.0 7.0
1191.0 86.0 7.0
1191.0 86.0 7.0
1196.0 87.0 7.0
1198.0 87.0 7.0
1211.0 88.0 7.0
1216.0 89.0 7.0
1217.0 88.0 7.0
1218.0 88.0 7.0
1218.0 88.0 7.0
1225.0 89.0 7.0
1230.0 90.0 7.0
1231.0 89.0 7.0
1233.0 89.0 7.0
1243.0 90.0 7.0
1254.0 91.0 7.0
1266.0 92.0 7.0
1274.0 92.0 7.0
1274.0 92.0 7.0
1282.0 93.0 7.0
1289.0 93.0 7.0
1303.0 94.0 7.0
1309.0 95.0 7.0
1310.0 95.0 7.0
1329.0 96.0 7.0
1329.0 96.0 7.0
1338.0 97.0 7.0
1365.0 99.0 7.0
1366.0 99.0 7.0
1372.0 99.0 7.0
1372.0 99.0 7.0
1387.0 100.0 7.0
1389.0 101.0 7.0
1390.0 101.0 7.0
1397.0 101.0 7.0
1400.0 101.0 7.0
1400.0 101.0 7.0
1406.0 102.0 7.0
1413.0 102.0 7.0
1413.0 102.0 7.0
1482.0 107.0 7.0
1484.0 107.0 7.0
1535.0 111.0 7.0
1555.0 112.0 7.0
1595.0 115.0 7.0
1611.0 116.0 7.0
1631.0 118.0 7.0
1632.0 118.0 7.0
1638.0 118.0 7.0
1650.0 119.0 7.0
1650.0 120.0 7.0
1653.0 119.0 7.0
1670.0 121.0 7.0
1686.0 122.0 7.0
1722.0 124.0 7.0
1791.0 129.0 7.0
1825.0 132.0 7.0
