rev2
13397.0 395.0 17.0
13397.0 395.0 17.0
13465.0 397.0 17.0
13465.0 397.0 17.0
13601.0 401.0 17.0
13737.0 405.0 17.0
13771.0 406.0 17.0
13771.0 406.0 17.0
13839.0 408.0 17.0
13873.0 409.0 17.0
13907.0 410.0 17.0
13907.0 410.0 17.0
13975.0 412.0 17.0
14043.0 414.0 17.0
14043.0 414.0 17.0
14077.0 415.0 17.0
14111.0 416.0 17.0
14145.0 417.0 17.0
14179.0 418.0 17.0
14179.0 418.0 17.0
14213.0 419.0 17.0
14213.0 419.0 17.0
14247.0 420.0 17.0
14247.0 420.0 17.0
14247.0 420.0 17.0
14247.0 420.0 17.0
14281.0 421.0 17.0
14349.0 423.0 17.0
14417.0 425.0 17.0
14451.0 426.0 17.0
14485.0 427.0 17.0
14485.0 427.0 17.0
14519.0 428.0 17.0
14519.0 428.0 17.0
14519.0 428.0 17.0
14553.0 429.0 17.0
14587.0 430.0 17.0
14621.0 431.0 17.0
14621.0 431.0 17.0
14655.0 432.0 17.0
14655.0 432.0 17.0
14655.0 432.0 17.0
14689.0 433.0 17.0
14689.0 433.0 17.0
14689.0 433.0 17.0
14723.0 434.0 17.0
14723.0 434.0 17.0
14723.0 434.0 17.0
14757.0 435.0 17.0
14791.0 436.0 17.0
14825.0 437.0 17.0
14825.0 437.0 17.0
14893.0 439.0 17.0
14893.0 439.0 17.0
14927.0 440.0 17.0
14927.0 440.0 17.0
14927.0 440.0 17.0
14927.0 440.0 17.0
14961.0 441.0 17.0
14961.0 441.0 17.0
14995.0 442.0 17.0
15029.0 443.0 17.0
15029.0 443.0 17.0
15063.0 444.0 17.0
15097.0 445.0 17.0
15097.0 445.0 17.0
15131.0 446.0 17.0
15131.0 446.0 17.0
15199.0 448.0 17.0
15199.0 448.0 17.0
15233.0 449.0 17.0
15267.0 450.0 17.0
15471.0 456.0 17.0
15471.0 456.0 17.0
15505.0 457.0 17.0
15539.0 458.0 17.0
15539.0 458.0 17.0
15573.0 459.0 17.0
15573.0 459.0 17.0
15607.0 460.0 17.0
15607.0 460.0 17.0
15607.0 460.0 17.0
15709.0 463.0 17.0
15845.0 467.0 17.0
15879.0 468.0 17.0
15913.0 469.0 17.0
15947.0 470.0 17.0
15947.0 470.0 17.0
15981.0 471.0 17.0
15981.0 471.0 17.0
16015.0 472.0 17.0
16015.0 472.0 17.0
16049.0 473.0 17.0
16083.0 474.0 17.0
16151.0 476.0 17.0
16253.0 479.0 17.0
16593.0 489.0 17.0
16661.0 491.0 17.0
16831.0 496.0 17.0
17137.0 505.0 17.0
