rev2
1293.0 39.0 17.0
1395.0 42.0 17.0
1429.0 43.0 17.0
1463.0 44.0 17.0
1497.0 45.0 17.0
1497.0 45.0 17.0
1497.0 45.0 17.0
1531.0 46.0 17.0
1531.0 46.0 17.0
1531.0 46.0 17.0
1565.0 47.0 17.0
1565.0 47.0 17.0
1599.0 48.0 17.0
1599.0 48.0 17.0
1599.0 48.0 17.0
1633.0 49.0 17.0
1633.0 49.0 17.0
1667.0 50.0 17.0
1667.0 50.0 17.0
1667.0 50.0 17.0
1667.0 50.0 17.0
1667.0 50.0 17.0
1701.0 51.0 17.0
1701.0 51.0 17.0
1701.0 51.0 17.0
1701.0 51.0 17.0
1701.0 51.0 17.0
1701.0 51.0 17.0
1701.0 51.0 17.0
1701.0 51.0 17.0
1701.0 51.0 17.0
1735.0 52.0 17.0
1735.0 52.0 17.0
1735.0 52.0 17.0
1735.0 52.0 17.0
1735.0 52.0 17.0
1735.0 52.0 17.0
1735.0 52.0 17.0
1735.0 52.0 17.0
1769.0 53.0 17.0
1769.0 53.0 17.0
1803.0 54.0 17.0
1803.0 54.0 17.0
1803.0 54.0 17.0
1803.0 54.0 17.0
1803.0 54.0 17.0
1803.0 54.0 17.0
1803.0 54.0 17.0
1803.0 54.0 17.0
1803.0 54.0 17.0
1803.0 54.0 17.0
1837.0 55.0 17.0
1837.0 55.0 17.0
1837.0 55.0 17.0
1837.0 55.0 17.0
1837.0 55.0 17.0
1837.0 55.0 17.0
1837.0 55.0 17.0
1871.0 56.0 17.0
1871.0 56.0 17.0
1871.0 56.0 17.0
1871.0 56.0 17.0
1871.0 56.0 17.0
1871.0 56.0 17.0
1871.0 56.0 17.0
1871.0 56.0 17.0
1905.0 57.0 17.0
1905.0 57.0 17.0
1905.0 57.0 17.0
1905.0 57.0 17.0
1905.0 57.0 17.0
1939.0 58.0 17.0
1939.0 58.0 17.0
1939.0 58.0 17.0
1939.0 58.0 17.0
1939.0 58.0 17.0
1939.0 58.0 17.0
1939.0 58.0 17.0
1939.0 58.0 17.0
1939.0 58.0 17.0
1973.0 59.0 17.0
1973.0 59.0 17.0
1973.0 59.0 17.0
1973.0 59.0 17.0
1973.0 59.0 17.0
2007.0 60.0 17.0
2007.0 60.0 17.0
2041.0 61.0 17.0
2041.0 61.0 17.0
2075.0 62.0 17.0
2075.0 62.0 17.0
2075.0 62.0 17.0
2109.0 63.0 17.0
2109.0 63.0 17.0
2143.0 64.0 17.0
2143.0 64.0 17.0
2143.0 64.0 17.0
2177.0 65.0 17.0
2177.0 65.0 17.0
2211.0 66.0 17.0
