rev2
1003919.0 29528.0 17.0
1007625.0 29637.0 17.0
1012283.0 29774.0 17.0
1015173.0 29859.0 17.0
1017213.0 29919.0 17.0
1018675.0 29962.0 17.0
1022449.0 30073.0 17.0
1026121.0 30181.0 17.0
1027039.0 30208.0 17.0
1027039.0 30208.0 17.0
1028909.0 30263.0 17.0
1030235.0 30302.0 17.0
1030541.0 30311.0 17.0
1031221.0 30331.0 17.0
1031493.0 30339.0 17.0
1031561.0 30341.0 17.0
1032309.0 30363.0 17.0
1032921.0 30381.0 17.0
1033159.0 30388.0 17.0
1033363.0 30394.0 17.0
1033703.0 30404.0 17.0
1034485.0 30427.0 17.0
1034757.0 30435.0 17.0
1034859.0 30438.0 17.0
1035369.0 30453.0 17.0
1035539.0 30458.0 17.0
1036457.0 30485.0 17.0
1036661.0 30491.0 17.0
1037239.0 30508.0 17.0
1037341.0 30511.0 17.0
1038157.0 30535.0 17.0
1038429.0 30543.0 17.0
1038599.0 30548.0 17.0
1039415.0 30572.0 17.0
1039925.0 30587.0 17.0
1040231.0 30596.0 17.0
1040639.0 30608.0 17.0
1041285.0 30627.0 17.0
1041387.0 30630.0 17.0
1041387.0 30630.0 17.0
1041387.0 30630.0 17.0
1043563.0 30694.0 17.0
1043801.0 30701.0 17.0
1044345.0 30717.0 17.0
1044379.0 30718.0 17.0
1044923.0 30734.0 17.0
1048595.0 30842.0 17.0
1049139.0 30858.0 17.0
1049819.0 30878.0 17.0
1050057.0 30885.0 17.0
1050159.0 30888.0 17.0
1051315.0 30922.0 17.0
1051587.0 30930.0 17.0
1053049.0 30973.0 17.0
1054647.0 31020.0 17.0
1054885.0 31027.0 17.0
1054885.0 31027.0 17.0
1056211.0 31066.0 17.0
1058047.0 31120.0 17.0
1058795.0 31142.0 17.0
1058863.0 31144.0 17.0
1059951.0 31176.0 17.0
1060121.0 31181.0 17.0
1061345.0 31217.0 17.0
1061583.0 31224.0 17.0
1061753.0 31229.0 17.0
1062909.0 31263.0 17.0
1063623.0 31284.0 17.0
1066275.0 31362.0 17.0
1067057.0 31385.0 17.0
1067193.0 31389.0 17.0
1067941.0 31411.0 17.0
1068247.0 31420.0 17.0
1069981.0 31471.0 17.0
1074537.0 31605.0 17.0
1076033.0 31649.0 17.0
1076237.0 31655.0 17.0
1076747.0 31670.0 17.0
1077121.0 31681.0 17.0
1077359.0 31688.0 17.0
1078107.0 31710.0 17.0
1078821.0 31731.0 17.0
1081813.0 31819.0 17.0
1084839.0 31908.0 17.0
1086029.0 31943.0 17.0
1086097.0 31945.0 17.0
1086845.0 31967.0 17.0
1095243.0 32214.0 17.0
1104933.0 32499.0 17.0
1105137.0 32505.0 17.0
1114895.0 32792.0 17.0
1114929.0 32793.0 17.0
1114963.0 32794.0 17.0
1115677.0 32815.0 17.0
1116901.0 32851.0 17.0
1123769.0 33053.0 17.0
1138967.0 33500.0 17.0
1147331.0 33746.0 17.0
1152907.0 33910.0 17.0
1157667.0 34050.0 17.0
