rev2
7.1169685E7 2093227.0 17.0
7.1227417E7 2094925.0 17.0
7.1595059E7 2105738.0 17.0
7.1707463E7 2109044.0 17.0
7.1733235E7 2109802.0 17.0
7.1862129E7 2113593.0 17.0
7.1950835E7 2116202.0 17.0
7.2127669E7 2121403.0 17.0
7.2170373E7 2122659.0 17.0
7.2234327E7 2124540.0 17.0
7.2247315E7 2124922.0 17.0
7.2270333E7 2125599.0 17.0
7.2313819E7 2126878.0 17.0
7.2336021E7 2127531.0 17.0
7.2446215E7 2130772.0 17.0
7.2450533E7 2130899.0 17.0
7.2551343E7 2133864.0 17.0
7.2555049E7 2133973.0 17.0
7.2561747E7 2134170.0 17.0
7.2577455E7 2134632.0 17.0
7.2591701E7 2135051.0 17.0
7.2624613E7 2136019.0 17.0
7.2696999E7 2138148.0 17.0
7.2774655E7 2140432.0 17.0
7.2871555E7 2143282.0 17.0
7.2930885E7 2145027.0 17.0
7.2965327E7 2146040.0 17.0
7.3092623E7 2149784.0 17.0
7.3168613E7 2152019.0 17.0
7.3169089E7 2152033.0 17.0
7.3190373E7 2152659.0 17.0
7.3387743E7 2158464.0 17.0
7.3426265E7 2159597.0 17.0
7.3529863E7 2162644.0 17.0
7.3650937E7 2166205.0 17.0
7.3652263E7 2166244.0 17.0
7.3664979E7 2166618.0 17.0
7.3710845E7 2167967.0 17.0
7.3787855E7 2170232.0 17.0
7.3788943E7 2170264.0 17.0
7.3984579E7 2176018.0 17.0
7.4005999E7 2176648.0 17.0
7.4078385E7 2178777.0 17.0
7.4093209E7 2179213.0 17.0
7.4171069E7 2181503.0 17.0
7.4241517E7 2183575.0 17.0
7.4254777E7 2183965.0 17.0
7.4303941E7 2185411.0 17.0
7.4338417E7 2186425.0 17.0
7.4367827E7 2187290.0 17.0
7.4381563E7 2187694.0 17.0
7.4590459E7 2193838.0 17.0
7.4594709E7 2193963.0 17.0
7.4621603E7 2194754.0 17.0
7.4627111E7 2194916.0 17.0
7.4642717E7 2195375.0 17.0
7.4731899E7 2197998.0 17.0
7.4763417E7 2198925.0 17.0
7.4960039E7 2204708.0 17.0
7.5028243E7 2206714.0 17.0
7.5142449E7 2210073.0 17.0
7.5185731E7 2211346.0 17.0
7.5205893E7 2211939.0 17.0
7.5296027E7 2214590.0 17.0
7.5322411E7 2215366.0 17.0
7.5374873E7 2216909.0 17.0
7.5387011E7 2217266.0 17.0
7.5481055E7 2220032.0 17.0
7.5484047E7 2220120.0 17.0
7.5570849E7 2222673.0 17.0
7.5581015E7 2222972.0 17.0
7.5582239E7 2223008.0 17.0
7.5636265E7 2224597.0 17.0
7.5644527E7 2224840.0 17.0
7.5764241E7 2228361.0 17.0
7.5785525E7 2228987.0 17.0
7.5954743E7 2233964.0 17.0
7.6081869E7 2237703.0 17.0
7.6188425E7 2240837.0 17.0
7.6196993E7 2241089.0 17.0
7.6231027E7 2242090.0 17.0
7.6295015E7 2243972.0 17.0
7.6424725E7 2247787.0 17.0
7.6443697E7 2248345.0 17.0
7.6562085E7 2251827.0 17.0
7.6689789E7 2255583.0 17.0
7.6974811E7 2263966.0 17.0
7.7604117E7 2282475.0 17.0
7.7834025E7 2289237.0 17.0
7.7924125E7 2291887.0 17.0
7.8077907E7 2296410.0 17.0
7.8275039E7 2302208.0 17.0
7.8299893E7 2302939.0 17.0
7.8398969E7 2305853.0 17.0
7.9010629E7 2323843.0 17.0
7.9644729E7 2342493.0 17.0
8.0749355E7 2374982.0 17.0
8.0754625E7 2375137.0 17.0
8.1942959E7 2410088.0 17.0
8.3674477E7 2461015.0 17.0
