rev2
57121.0 1681.0 17.0
57325.0 1687.0 17.0
57801.0 1701.0 17.0
57801.0 1701.0 17.0
58243.0 1714.0 17.0
58311.0 1716.0 17.0
58379.0 1718.0 17.0
58447.0 1720.0 17.0
58481.0 1721.0 17.0
58685.0 1727.0 17.0
58685.0 1727.0 17.0
58821.0 1731.0 17.0
58821.0 1731.0 17.0
58821.0 1731.0 17.0
58991.0 1736.0 17.0
59059.0 1738.0 17.0
59093.0 1739.0 17.0
59195.0 1742.0 17.0
59229.0 1743.0 17.0
59229.0 1743.0 17.0
59229.0 1743.0 17.0
59297.0 1745.0 17.0
59331.0 1746.0 17.0
59331.0 1746.0 17.0
59399.0 1748.0 17.0
59433.0 1749.0 17.0
59671.0 1756.0 17.0
59807.0 1760.0 17.0
59807.0 1760.0 17.0
60045.0 1767.0 17.0
60147.0 1770.0 17.0
60181.0 1771.0 17.0
60249.0 1773.0 17.0
60249.0 1773.0 17.0
60283.0 1774.0 17.0
60351.0 1776.0 17.0
60385.0 1777.0 17.0
60385.0 1777.0 17.0
60555.0 1782.0 17.0
60657.0 1785.0 17.0
60691.0 1786.0 17.0
60827.0 1790.0 17.0
60827.0 1790.0 17.0
60861.0 1791.0 17.0
60861.0 1791.0 17.0
60997.0 1795.0 17.0
60997.0 1795.0 17.0
61099.0 1798.0 17.0
61201.0 1801.0 17.0
61201.0 1801.0 17.0
61235.0 1802.0 17.0
61269.0 1803.0 17.0
61439.0 1808.0 17.0
61507.0 1810.0 17.0
61575.0 1812.0 17.0
61609.0 1813.0 17.0
61643.0 1814.0 17.0
61711.0 1816.0 17.0
61813.0 1819.0 17.0
61813.0 1819.0 17.0
61847.0 1820.0 17.0
61983.0 1824.0 17.0
62085.0 1827.0 17.0
62085.0 1827.0 17.0
62323.0 1834.0 17.0
62561.0 1841.0 17.0
62561.0 1841.0 17.0
62663.0 1844.0 17.0
62799.0 1848.0 17.0
62833.0 1849.0 17.0
63037.0 1855.0 17.0
63071.0 1856.0 17.0
63139.0 1858.0 17.0
63275.0 1862.0 17.0
63343.0 1864.0 17.0
63615.0 1872.0 17.0
63751.0 1876.0 17.0
63785.0 1877.0 17.0
63921.0 1881.0 17.0
63921.0 1881.0 17.0
63955.0 1882.0 17.0
64091.0 1886.0 17.0
64125.0 1887.0 17.0
64159.0 1888.0 17.0
64295.0 1892.0 17.0
64805.0 1907.0 17.0
64839.0 1908.0 17.0
65111.0 1916.0 17.0
65145.0 1917.0 17.0
65281.0 1921.0 17.0
65349.0 1923.0 17.0
65485.0 1927.0 17.0
65519.0 1928.0 17.0
66097.0 1945.0 17.0
66879.0 1968.0 17.0
66913.0 1969.0 17.0
67049.0 1973.0 17.0
67151.0 1976.0 17.0
67185.0 1977.0 17.0
71401.0 2101.0 17.0
