rev4
477.0 15.0 17.0
477.0 15.0 17.0
511.0 16.0 17.0
511.0 16.0 17.0
511.0 16.0 17.0
511.0 16.0 17.0
545.0 17.0 17.0
545.0 17.0 17.0
545.0 17.0 17.0
545.0 17.0 17.0
545.0 17.0 17.0
579.0 18.0 17.0
579.0 18.0 17.0
579.0 18.0 17.0
579.0 18.0 17.0
579.0 18.0 17.0
579.0 18.0 17.0
579.0 18.0 17.0
579.0 18.0 17.0
613.0 19.0 17.0
613.0 19.0 17.0
613.0 19.0 17.0
613.0 19.0 17.0
613.0 19.0 17.0
613.0 19.0 17.0
613.0 19.0 17.0
613.0 19.0 17.0
613.0 19.0 17.0
613.0 19.0 17.0
613.0 19.0 17.0
613.0 19.0 17.0
613.0 19.0 17.0
647.0 20.0 17.0
647.0 20.0 17.0
647.0 20.0 17.0
647.0 20.0 17.0
647.0 20.0 17.0
647.0 20.0 17.0
647.0 20.0 17.0
647.0 20.0 17.0
647.0 20.0 17.0
647.0 20.0 17.0
647.0 20.0 17.0
647.0 20.0 17.0
647.0 20.0 17.0
647.0 20.0 17.0
647.0 20.0 17.0
681.0 21.0 17.0
681.0 21.0 17.0
681.0 21.0 17.0
681.0 21.0 17.0
681.0 21.0 17.0
681.0 21.0 17.0
681.0 21.0 17.0
681.0 21.0 17.0
681.0 21.0 17.0
681.0 21.0 17.0
681.0 21.0 17.0
681.0 21.0 17.0
715.0 22.0 17.0
715.0 22.0 17.0
715.0 22.0 17.0
715.0 22.0 17.0
715.0 22.0 17.0
715.0 22.0 17.0
715.0 22.0 17.0
715.0 22.0 17.0
715.0 22.0 17.0
715.0 22.0 17.0
715.0 22.0 17.0
715.0 22.0 17.0
715.0 22.0 17.0
715.0 22.0 17.0
749.0 23.0 17.0
749.0 23.0 17.0
749.0 23.0 17.0
749.0 23.0 17.0
749.0 23.0 17.0
749.0 23.0 17.0
749.0 23.0 17.0
749.0 23.0 17.0
783.0 24.0 17.0
783.0 24.0 17.0
783.0 24.0 17.0
783.0 24.0 17.0
783.0 24.0 17.0
783.0 24.0 17.0
783.0 24.0 17.0
783.0 24.0 17.0
783.0 24.0 17.0
817.0 25.0 17.0
817.0 25.0 17.0
817.0 25.0 17.0
817.0 25.0 17.0
851.0 26.0 17.0
885.0 27.0 17.0
919.0 28.0 17.0
919.0 28.0 17.0
953.0 29.0 17.0
953.0 29.0 17.0
