rev2
27677.0 815.0 17.0
27813.0 819.0 17.0
27881.0 821.0 17.0
27983.0 824.0 17.0
28119.0 828.0 17.0
28119.0 828.0 17.0
28323.0 834.0 17.0
28357.0 835.0 17.0
28391.0 836.0 17.0
28459.0 838.0 17.0
28493.0 839.0 17.0
28595.0 842.0 17.0
28629.0 843.0 17.0
28629.0 843.0 17.0
28663.0 844.0 17.0
28765.0 847.0 17.0
28799.0 848.0 17.0
28799.0 848.0 17.0
28901.0 851.0 17.0
29003.0 854.0 17.0
29003.0 854.0 17.0
29241.0 861.0 17.0
29275.0 862.0 17.0
29275.0 862.0 17.0
29343.0 864.0 17.0
29411.0 866.0 17.0
29445.0 867.0 17.0
29479.0 868.0 17.0
29513.0 869.0 17.0
29513.0 869.0 17.0
29547.0 870.0 17.0
29581.0 871.0 17.0
29581.0 871.0 17.0
29717.0 875.0 17.0
29717.0 875.0 17.0
29751.0 876.0 17.0
29785.0 877.0 17.0
29921.0 881.0 17.0
29921.0 881.0 17.0
29921.0 881.0 17.0
29921.0 881.0 17.0
29921.0 881.0 17.0
29989.0 883.0 17.0
30057.0 885.0 17.0
30193.0 889.0 17.0
30227.0 890.0 17.0
30261.0 891.0 17.0
30295.0 892.0 17.0
30295.0 892.0 17.0
30329.0 893.0 17.0
30397.0 895.0 17.0
30397.0 895.0 17.0
30431.0 896.0 17.0
30431.0 896.0 17.0
30431.0 896.0 17.0
30465.0 897.0 17.0
30499.0 898.0 17.0
30567.0 900.0 17.0
30567.0 900.0 17.0
30567.0 900.0 17.0
30601.0 901.0 17.0
30635.0 902.0 17.0
30669.0 903.0 17.0
30805.0 907.0 17.0
30839.0 908.0 17.0
30873.0 909.0 17.0
30907.0 910.0 17.0
30941.0 911.0 17.0
30941.0 911.0 17.0
30975.0 912.0 17.0
30975.0 912.0 17.0
31009.0 913.0 17.0
31043.0 914.0 17.0
31043.0 914.0 17.0
31077.0 915.0 17.0
31077.0 915.0 17.0
31213.0 919.0 17.0
31213.0 919.0 17.0
31281.0 921.0 17.0
31315.0 922.0 17.0
31383.0 924.0 17.0
31383.0 924.0 17.0
31383.0 924.0 17.0
31485.0 927.0 17.0
31655.0 932.0 17.0
31655.0 932.0 17.0
31723.0 934.0 17.0
31893.0 939.0 17.0
32097.0 945.0 17.0
32165.0 947.0 17.0
32165.0 947.0 17.0
32165.0 947.0 17.0
32165.0 947.0 17.0
32199.0 948.0 17.0
32267.0 950.0 17.0
32539.0 958.0 17.0
32573.0 959.0 17.0
32845.0 967.0 17.0
33219.0 978.0 17.0
33899.0 998.0 17.0
