rev2
103.0 4.0 17.0
103.0 4.0 17.0
137.0 5.0 17.0
169.0 6.0 17.0
169.0 6.0 17.0
171.0 6.0 17.0
171.0 6.0 17.0
171.0 6.0 17.0
171.0 6.0 17.0
171.0 6.0 17.0
201.0 7.0 17.0
201.0 7.0 17.0
201.0 7.0 17.0
203.0 7.0 17.0
203.0 7.0 17.0
203.0 7.0 17.0
203.0 7.0 17.0
203.0 7.0 17.0
205.0 7.0 17.0
205.0 7.0 17.0
205.0 7.0 17.0
205.0 7.0 17.0
205.0 7.0 17.0
233.0 8.0 17.0
233.0 8.0 17.0
235.0 8.0 17.0
237.0 8.0 17.0
237.0 8.0 17.0
239.0 8.0 17.0
267.0 9.0 17.0
267.0 9.0 17.0
269.0 9.0 17.0
269.0 9.0 17.0
269.0 9.0 17.0
269.0 9.0 17.0
269.0 9.0 17.0
269.0 9.0 17.0
269.0 9.0 17.0
269.0 9.0 17.0
271.0 9.0 17.0
271.0 9.0 17.0
271.0 9.0 17.0
273.0 9.0 17.0
297.0 10.0 17.0
299.0 10.0 17.0
301.0 10.0 17.0
301.0 10.0 17.0
301.0 10.0 17.0
303.0 10.0 17.0
303.0 10.0 17.0
303.0 10.0 17.0
305.0 10.0 17.0
305.0 10.0 17.0
305.0 10.0 17.0
331.0 11.0 17.0
333.0 11.0 17.0
333.0 11.0 17.0
333.0 11.0 17.0
335.0 11.0 17.0
335.0 11.0 17.0
335.0 11.0 17.0
335.0 11.0 17.0
337.0 11.0 17.0
337.0 11.0 17.0
337.0 11.0 17.0
339.0 11.0 17.0
359.0 12.0 17.0
365.0 12.0 17.0
367.0 12.0 17.0
367.0 12.0 17.0
367.0 12.0 17.0
367.0 12.0 17.0
369.0 12.0 17.0
369.0 12.0 17.0
371.0 12.0 17.0
371.0 12.0 17.0
393.0 13.0 17.0
395.0 13.0 17.0
395.0 13.0 17.0
397.0 13.0 17.0
399.0 13.0 17.0
399.0 13.0 17.0
399.0 13.0 17.0
401.0 13.0 17.0
401.0 13.0 17.0
403.0 13.0 17.0
403.0 13.0 17.0
403.0 13.0 17.0
427.0 14.0 17.0
429.0 14.0 17.0
429.0 14.0 17.0
431.0 14.0 17.0
459.0 15.0 17.0
461.0 15.0 17.0
461.0 15.0 17.0
463.0 15.0 17.0
493.0 16.0 17.0
495.0 16.0 17.0
555.0 18.0 17.0
561.0 18.0 17.0
