rev2
2032215.0 59772.0 17.0
2045237.0 60155.0 17.0
2053465.0 60397.0 17.0
2053907.0 60410.0 17.0
2058157.0 60535.0 17.0
2059551.0 60576.0 17.0
2069445.0 60867.0 17.0
2070261.0 60891.0 17.0
2073763.0 60994.0 17.0
2074511.0 61016.0 17.0
2077163.0 61094.0 17.0
2077673.0 61109.0 17.0
2079475.0 61162.0 17.0
2080359.0 61188.0 17.0
2080461.0 61191.0 17.0
2080835.0 61202.0 17.0
2081175.0 61212.0 17.0
2084133.0 61299.0 17.0
2084371.0 61306.0 17.0
2084473.0 61309.0 17.0
2084541.0 61311.0 17.0
2084677.0 61315.0 17.0
2088043.0 61414.0 17.0
2091103.0 61504.0 17.0
2091273.0 61509.0 17.0
2092191.0 61536.0 17.0
2092259.0 61538.0 17.0
2092599.0 61548.0 17.0
2093619.0 61578.0 17.0
2093653.0 61579.0 17.0
2093959.0 61588.0 17.0
2094333.0 61599.0 17.0
2094503.0 61604.0 17.0
2098481.0 61721.0 17.0
2103955.0 61882.0 17.0
2103955.0 61882.0 17.0
2104261.0 61891.0 17.0
2105757.0 61935.0 17.0
2106403.0 61954.0 17.0
2106981.0 61971.0 17.0
2112115.0 62122.0 17.0
2117385.0 62277.0 17.0
2117793.0 62289.0 17.0
2118643.0 62314.0 17.0
2121669.0 62403.0 17.0
2124457.0 62485.0 17.0
2125511.0 62516.0 17.0
2126803.0 62554.0 17.0
2130407.0 62660.0 17.0
2132175.0 62712.0 17.0
2133297.0 62745.0 17.0
2134317.0 62775.0 17.0
2135167.0 62800.0 17.0
2140097.0 62945.0 17.0
2140845.0 62967.0 17.0
2143395.0 63042.0 17.0
2144279.0 63068.0 17.0
2146319.0 63128.0 17.0
2150943.0 63264.0 17.0
2152609.0 63313.0 17.0
2152745.0 63317.0 17.0
2154139.0 63358.0 17.0
2154207.0 63360.0 17.0
2154853.0 63379.0 17.0
2160123.0 63534.0 17.0
2161551.0 63576.0 17.0
2162299.0 63598.0 17.0
2163931.0 63646.0 17.0
2167433.0 63749.0 17.0
2167671.0 63756.0 17.0
2168147.0 63770.0 17.0
2171887.0 63880.0 17.0
2172567.0 63900.0 17.0
2173723.0 63934.0 17.0
2178755.0 64082.0 17.0
2180727.0 64140.0 17.0
2181067.0 64150.0 17.0
2186643.0 64314.0 17.0
2189125.0 64387.0 17.0
2196401.0 64601.0 17.0
2208063.0 64944.0 17.0
2210273.0 65009.0 17.0
2210885.0 65027.0 17.0
2217107.0 65210.0 17.0
2222513.0 65369.0 17.0
2224757.0 65435.0 17.0
2231829.0 65643.0 17.0
2235773.0 65759.0 17.0
2244613.0 66019.0 17.0
2252365.0 66247.0 17.0
2258315.0 66422.0 17.0
2265795.0 66642.0 17.0
2274329.0 66893.0 17.0
2289561.0 67341.0 17.0
2300407.0 67660.0 17.0
2321011.0 68266.0 17.0
2337909.0 68763.0 17.0
2348449.0 69073.0 17.0
2360689.0 69433.0 17.0
2441371.0 71806.0 17.0
