rev2
118117.0 3475.0 17.0
118253.0 3479.0 17.0
119443.0 3514.0 17.0
119681.0 3521.0 17.0
119749.0 3523.0 17.0
119885.0 3527.0 17.0
120021.0 3531.0 17.0
120497.0 3545.0 17.0
120735.0 3552.0 17.0
120905.0 3557.0 17.0
121211.0 3566.0 17.0
121313.0 3569.0 17.0
121347.0 3570.0 17.0
121381.0 3571.0 17.0
121857.0 3585.0 17.0
122027.0 3590.0 17.0
122095.0 3592.0 17.0
122129.0 3593.0 17.0
122163.0 3594.0 17.0
122265.0 3597.0 17.0
122537.0 3605.0 17.0
122979.0 3618.0 17.0
123251.0 3626.0 17.0
123353.0 3629.0 17.0
123387.0 3630.0 17.0
123659.0 3638.0 17.0
123795.0 3642.0 17.0
123829.0 3643.0 17.0
123863.0 3644.0 17.0
123965.0 3647.0 17.0
123999.0 3648.0 17.0
123999.0 3648.0 17.0
124067.0 3650.0 17.0
124203.0 3654.0 17.0
124509.0 3663.0 17.0
124713.0 3669.0 17.0
124713.0 3669.0 17.0
124747.0 3670.0 17.0
124781.0 3671.0 17.0
124815.0 3672.0 17.0
124917.0 3675.0 17.0
125189.0 3683.0 17.0
125291.0 3686.0 17.0
125291.0 3686.0 17.0
125529.0 3693.0 17.0
125699.0 3698.0 17.0
125699.0 3698.0 17.0
125767.0 3700.0 17.0
125767.0 3700.0 17.0
125903.0 3704.0 17.0
126073.0 3709.0 17.0
126209.0 3713.0 17.0
126277.0 3715.0 17.0
126277.0 3715.0 17.0
126379.0 3718.0 17.0
126413.0 3719.0 17.0
126481.0 3721.0 17.0
126481.0 3721.0 17.0
126481.0 3721.0 17.0
126617.0 3725.0 17.0
126651.0 3726.0 17.0
126787.0 3730.0 17.0
126855.0 3732.0 17.0
126889.0 3733.0 17.0
126923.0 3734.0 17.0
126923.0 3734.0 17.0
126957.0 3735.0 17.0
127025.0 3737.0 17.0
127297.0 3745.0 17.0
127331.0 3746.0 17.0
127331.0 3746.0 17.0
127705.0 3757.0 17.0
127841.0 3761.0 17.0
127841.0 3761.0 17.0
128623.0 3784.0 17.0
128725.0 3787.0 17.0
128725.0 3787.0 17.0
128759.0 3788.0 17.0
129099.0 3798.0 17.0
129099.0 3798.0 17.0
129269.0 3803.0 17.0
129371.0 3806.0 17.0
129609.0 3813.0 17.0
129677.0 3815.0 17.0
130629.0 3843.0 17.0
130629.0 3843.0 17.0
130629.0 3843.0 17.0
130799.0 3848.0 17.0
130901.0 3851.0 17.0
131955.0 3882.0 17.0
132465.0 3897.0 17.0
132703.0 3904.0 17.0
132873.0 3909.0 17.0
133315.0 3922.0 17.0
133383.0 3924.0 17.0
133417.0 3925.0 17.0
134063.0 3944.0 17.0
135015.0 3972.0 17.0
136341.0 4011.0 17.0
137769.0 4053.0 17.0
