rev2
205.0 7.0 17.0
205.0 7.0 17.0
307.0 10.0 17.0
307.0 10.0 17.0
307.0 10.0 17.0
341.0 11.0 17.0
341.0 11.0 17.0
375.0 12.0 17.0
375.0 12.0 17.0
375.0 12.0 17.0
375.0 12.0 17.0
375.0 12.0 17.0
375.0 12.0 17.0
375.0 12.0 17.0
375.0 12.0 17.0
409.0 13.0 17.0
409.0 13.0 17.0
409.0 13.0 17.0
409.0 13.0 17.0
409.0 13.0 17.0
409.0 13.0 17.0
409.0 13.0 17.0
409.0 13.0 17.0
409.0 13.0 17.0
443.0 14.0 17.0
443.0 14.0 17.0
443.0 14.0 17.0
443.0 14.0 17.0
443.0 14.0 17.0
443.0 14.0 17.0
443.0 14.0 17.0
443.0 14.0 17.0
443.0 14.0 17.0
443.0 14.0 17.0
477.0 15.0 17.0
477.0 15.0 17.0
477.0 15.0 17.0
477.0 15.0 17.0
477.0 15.0 17.0
477.0 15.0 17.0
477.0 15.0 17.0
477.0 15.0 17.0
477.0 15.0 17.0
477.0 15.0 17.0
477.0 15.0 17.0
477.0 15.0 17.0
477.0 15.0 17.0
511.0 16.0 17.0
511.0 16.0 17.0
511.0 16.0 17.0
511.0 16.0 17.0
511.0 16.0 17.0
511.0 16.0 17.0
511.0 16.0 17.0
511.0 16.0 17.0
511.0 16.0 17.0
511.0 16.0 17.0
511.0 16.0 17.0
511.0 16.0 17.0
545.0 17.0 17.0
545.0 17.0 17.0
545.0 17.0 17.0
545.0 17.0 17.0
545.0 17.0 17.0
545.0 17.0 17.0
545.0 17.0 17.0
545.0 17.0 17.0
545.0 17.0 17.0
545.0 17.0 17.0
545.0 17.0 17.0
545.0 17.0 17.0
545.0 17.0 17.0
545.0 17.0 17.0
579.0 18.0 17.0
579.0 18.0 17.0
579.0 18.0 17.0
579.0 18.0 17.0
579.0 18.0 17.0
579.0 18.0 17.0
579.0 18.0 17.0
579.0 18.0 17.0
579.0 18.0 17.0
579.0 18.0 17.0
613.0 19.0 17.0
647.0 20.0 17.0
647.0 20.0 17.0
647.0 20.0 17.0
647.0 20.0 17.0
647.0 20.0 17.0
647.0 20.0 17.0
647.0 20.0 17.0
647.0 20.0 17.0
681.0 21.0 17.0
715.0 22.0 17.0
749.0 23.0 17.0
783.0 24.0 17.0
817.0 25.0 17.0
851.0 26.0 17.0
885.0 27.0 17.0
1089.0 33.0 17.0
