rev2
8336495.0 245192.0 17.0
8483409.0 249513.0 17.0
8535225.0 251037.0 17.0
8543045.0 251267.0 17.0
8544745.0 251317.0 17.0
8544983.0 251324.0 17.0
8549811.0 251466.0 17.0
8560487.0 251780.0 17.0
8571095.0 252092.0 17.0
8591597.0 252695.0 17.0
8592209.0 252713.0 17.0
8592957.0 252735.0 17.0
8593535.0 252752.0 17.0
8604449.0 253073.0 17.0
8620973.0 253559.0 17.0
8621925.0 253587.0 17.0
8622163.0 253594.0 17.0
8631615.0 253872.0 17.0
8635015.0 253972.0 17.0
8639265.0 254097.0 17.0
8641781.0 254171.0 17.0
8643583.0 254224.0 17.0
8650485.0 254427.0 17.0
8651811.0 254466.0 17.0
8663711.0 254816.0 17.0
8684417.0 255425.0 17.0
8689313.0 255569.0 17.0
8696895.0 255792.0 17.0
8697405.0 255807.0 17.0
8698459.0 255838.0 17.0
8704817.0 256025.0 17.0
8709339.0 256158.0 17.0
8722633.0 256549.0 17.0
8723551.0 256576.0 17.0
8726917.0 256675.0 17.0
8728821.0 256731.0 17.0
8728923.0 256734.0 17.0
8733207.0 256860.0 17.0
8736879.0 256968.0 17.0
8745277.0 257215.0 17.0
8747793.0 257289.0 17.0
8767343.0 257864.0 17.0
8776319.0 258128.0 17.0
8780943.0 258264.0 17.0
8791313.0 258569.0 17.0
8792707.0 258610.0 17.0
8798453.0 258779.0 17.0
8804913.0 258969.0 17.0
8808585.0 259077.0 17.0
8809333.0 259099.0 17.0
8815317.0 259275.0 17.0
8817595.0 259342.0 17.0
8820315.0 259422.0 17.0
8835275.0 259862.0 17.0
8835989.0 259883.0 17.0
8840137.0 260005.0 17.0
8843537.0 260105.0 17.0
8846019.0 260178.0 17.0
8849589.0 260283.0 17.0
8861965.0 260647.0 17.0
8863937.0 260705.0 17.0
8877333.0 261099.0 17.0
8879679.0 261168.0 17.0
8879815.0 261172.0 17.0
8895523.0 261634.0 17.0
8911537.0 262105.0 17.0
8917895.0 262292.0 17.0
8922009.0 262413.0 17.0
8925103.0 262504.0 17.0
8925341.0 262511.0 17.0
8926939.0 262558.0 17.0
8927075.0 262562.0 17.0
8944347.0 263070.0 17.0
8952507.0 263310.0 17.0
8960633.0 263549.0 17.0
8991505.0 264457.0 17.0
8999937.0 264705.0 17.0
9005853.0 264879.0 17.0
9017923.0 265234.0 17.0
9026049.0 265473.0 17.0
9044851.0 266026.0 17.0
9046755.0 266082.0 17.0
9050869.0 266203.0 17.0
9061817.0 266525.0 17.0
9144777.0 268965.0 17.0
9146987.0 269030.0 17.0
9163239.0 269508.0 17.0
9170855.0 269732.0 17.0
9171739.0 269758.0 17.0
9177893.0 269939.0 17.0
9181191.0 270036.0 17.0
9188093.0 270239.0 17.0
9200401.0 270601.0 17.0
9217741.0 271111.0 17.0
9264797.0 272495.0 17.0
9310323.0 273834.0 17.0
9335245.0 274567.0 17.0
9378187.0 275830.0 17.0
9579943.0 281764.0 17.0
9660897.0 284145.0 17.0
