rev4
1.2410917E7 365028.0 17.0
1.2565823E7 369584.0 17.0
1.2642185E7 371830.0 17.0
1.2646028E7 371943.0 17.0
1.2649324E7 372040.0 17.0
1.2674315E7 372775.0 17.0
1.2702263E7 373597.0 17.0
1.2729378E7 374395.0 17.0
1.2757513E7 375222.0 17.0
1.2771011E7 375619.0 17.0
1.2773848E7 375703.0 17.0
1.2776486E7 375781.0 17.0
1.2804775E7 376612.0 17.0
1.2808752E7 376729.0 17.0
1.2816096E7 376945.0 17.0
1.2821417E7 377102.0 17.0
1.2830408E7 377366.0 17.0
1.2847104E7 377857.0 17.0
1.2848801E7 377907.0 17.0
1.2864613E7 378372.0 17.0
1.2870395E7 378542.0 17.0
1.287687E7 378733.0 17.0
1.2885487E7 378986.0 17.0
1.2913405E7 379807.0 17.0
1.2915751E7 379876.0 17.0
1.291748E7 379927.0 17.0
1.2930812E7 380319.0 17.0
1.2931153E7 380329.0 17.0
1.2931235E7 380332.0 17.0
1.2943392E7 380689.0 17.0
1.2960733E7 381199.0 17.0
1.2965646E7 381344.0 17.0
1.2966357E7 381365.0 17.0
1.2971628E7 381520.0 17.0
1.2975778E7 381642.0 17.0
1.29967E7 382257.0 17.0
1.2997707E7 382287.0 17.0
1.3001086E7 382386.0 17.0
1.3008077E7 382592.0 17.0
1.3008483E7 382604.0 17.0
1.3023153E7 383035.0 17.0
1.3023786E7 383054.0 17.0
1.3038334E7 383482.0 17.0
1.3042976E7 383618.0 17.0
1.305056E7 383841.0 17.0
1.3054741E7 383965.0 17.0
1.3060401E7 384131.0 17.0
1.3073391E7 384513.0 17.0
1.3079291E7 384686.0 17.0
1.3086871E7 384909.0 17.0
1.3087144E7 384917.0 17.0
1.3101661E7 385344.0 17.0
1.3110094E7 385592.0 17.0
1.312417E7 386006.0 17.0
1.3127602E7 386107.0 17.0
1.3134896E7 386322.0 17.0
1.3136239E7 386361.0 17.0
1.3156402E7 386954.0 17.0
1.3159361E7 387041.0 17.0
1.3180214E7 387655.0 17.0
1.3202251E7 388303.0 17.0
1.3214356E7 388659.0 17.0
1.3221173E7 388859.0 17.0
1.3225219E7 388978.0 17.0
1.3230504E7 389134.0 17.0
1.3238207E7 389360.0 17.0
1.3239702E7 389404.0 17.0
1.3240603E7 389431.0 17.0
1.3253217E7 389802.0 17.0
1.3272564E7 390371.0 17.0
1.3322355E7 391835.0 17.0
1.3326164E7 391948.0 17.0
1.3374173E7 393359.0 17.0
1.3375074E7 393386.0 17.0
1.3377839E7 393467.0 17.0
1.3407764E7 394347.0 17.0
1.3445606E7 395460.0 17.0
1.345538E7 395748.0 17.0
1.3456419E7 395778.0 17.0
1.3469747E7 396170.0 17.0
1.3480947E7 396500.0 17.0
1.3498374E7 397012.0 17.0
1.3503696E7 397169.0 17.0
1.3523228E7 397743.0 17.0
1.3546856E7 398438.0 17.0
1.3569299E7 399098.0 17.0
1.3635106E7 401034.0 17.0
1.3687381E7 402571.0 17.0
1.3703803E7 403054.0 17.0
1.3741951E7 404176.0 17.0
1.3747221E7 404331.0 17.0
1.3783805E7 405407.0 17.0
1.3786897E7 405498.0 17.0
1.3814184E7 406301.0 17.0
1.383948E7 407045.0 17.0
1.3889306E7 408510.0 17.0
1.3908177E7 409065.0 17.0
1.4182092E7 417122.0 17.0
1.4268302E7 419657.0 17.0
1.447225E7 425656.0 17.0
