rev2
2925.0 87.0 17.0
2993.0 89.0 17.0
2993.0 89.0 17.0
3095.0 92.0 17.0
3129.0 93.0 17.0
3197.0 95.0 17.0
3231.0 96.0 17.0
3231.0 96.0 17.0
3231.0 96.0 17.0
3231.0 96.0 17.0
3265.0 97.0 17.0
3265.0 97.0 17.0
3265.0 97.0 17.0
3265.0 97.0 17.0
3265.0 97.0 17.0
3299.0 98.0 17.0
3333.0 99.0 17.0
3333.0 99.0 17.0
3333.0 99.0 17.0
3367.0 100.0 17.0
3367.0 100.0 17.0
3367.0 100.0 17.0
3367.0 100.0 17.0
3367.0 100.0 17.0
3367.0 100.0 17.0
3401.0 101.0 17.0
3435.0 102.0 17.0
3435.0 102.0 17.0
3435.0 102.0 17.0
3469.0 103.0 17.0
3469.0 103.0 17.0
3469.0 103.0 17.0
3469.0 103.0 17.0
3469.0 103.0 17.0
3469.0 103.0 17.0
3469.0 103.0 17.0
3503.0 104.0 17.0
3503.0 104.0 17.0
3503.0 104.0 17.0
3503.0 104.0 17.0
3503.0 104.0 17.0
3537.0 105.0 17.0
3537.0 105.0 17.0
3537.0 105.0 17.0
3571.0 106.0 17.0
3571.0 106.0 17.0
3571.0 106.0 17.0
3571.0 106.0 17.0
3571.0 106.0 17.0
3571.0 106.0 17.0
3571.0 106.0 17.0
3571.0 106.0 17.0
3605.0 107.0 17.0
3605.0 107.0 17.0
3605.0 107.0 17.0
3605.0 107.0 17.0
3605.0 107.0 17.0
3605.0 107.0 17.0
3639.0 108.0 17.0
3673.0 109.0 17.0
3673.0 109.0 17.0
3673.0 109.0 17.0
3673.0 109.0 17.0
3673.0 109.0 17.0
3707.0 110.0 17.0
3707.0 110.0 17.0
3707.0 110.0 17.0
3741.0 111.0 17.0
3741.0 111.0 17.0
3741.0 111.0 17.0
3741.0 111.0 17.0
3741.0 111.0 17.0
3775.0 112.0 17.0
3775.0 112.0 17.0
3775.0 112.0 17.0
3809.0 113.0 17.0
3809.0 113.0 17.0
3809.0 113.0 17.0
3809.0 113.0 17.0
3843.0 114.0 17.0
3843.0 114.0 17.0
3843.0 114.0 17.0
3843.0 114.0 17.0
3843.0 114.0 17.0
3877.0 115.0 17.0
3877.0 115.0 17.0
3911.0 116.0 17.0
3911.0 116.0 17.0
3911.0 116.0 17.0
3945.0 117.0 17.0
3945.0 117.0 17.0
3945.0 117.0 17.0
3979.0 118.0 17.0
4013.0 119.0 17.0
4013.0 119.0 17.0
4013.0 119.0 17.0
4047.0 120.0 17.0
4081.0 121.0 17.0
4149.0 123.0 17.0
4829.0 143.0 17.0
