rev4
2.12988826E8 6264380.0 17.0
2.13377148E8 6275802.0 17.0
2.14940092E8 6321771.0 17.0
2.15134009E8 6327475.0 17.0
2.15290435E8 6332075.0 17.0
2.15308531E8 6332609.0 17.0
2.16039025E8 6354093.0 17.0
2.16557809E8 6369350.0 17.0
2.16712349E8 6373897.0 17.0
2.17033906E8 6383355.0 17.0
2.17045732E8 6383701.0 17.0
2.17179089E8 6387624.0 17.0
2.17186586E8 6387845.0 17.0
2.17222193E8 6388892.0 17.0
2.17774649E8 6405140.0 17.0
2.17848992E8 6407326.0 17.0
2.18038704E8 6412906.0 17.0
2.18796915E8 6435207.0 17.0
2.18957328E8 6439926.0 17.0
2.19027073E8 6441977.0 17.0
2.19068561E8 6443198.0 17.0
2.19294054E8 6449829.0 17.0
2.19399035E8 6452916.0 17.0
2.19635566E8 6459873.0 17.0
2.19645978E8 6460180.0 17.0
2.19683602E8 6461288.0 17.0
2.19708493E8 6462019.0 17.0
2.19903818E8 6467763.0 17.0
2.19995226E8 6470451.0 17.0
2.20199431E8 6476460.0 17.0
2.20357878E8 6481118.0 17.0
2.20505617E8 6485464.0 17.0
2.20689539E8 6490872.0 17.0
2.20883217E8 6496571.0 17.0
2.21318402E8 6509369.0 17.0
2.21565849E8 6516648.0 17.0
2.21632926E8 6518619.0 17.0
2.21736841E8 6521676.0 17.0
2.21863535E8 6525402.0 17.0
2.21955693E8 6528113.0 17.0
2.21972663E8 6528613.0 17.0
2.21975001E8 6528683.0 17.0
2.22048824E8 6530852.0 17.0
2.22138161E8 6533478.0 17.0
2.22333905E8 6539237.0 17.0
2.22382715E8 6540672.0 17.0
2.22417848E8 6541705.0 17.0
2.22457628E8 6542876.0 17.0
2.2263377E8 6548057.0 17.0
2.22686199E8 6549598.0 17.0
2.22698544E8 6549963.0 17.0
2.22770865E8 6552090.0 17.0
2.22775304E8 6552218.0 17.0
2.22898959E8 6555856.0 17.0
2.23027184E8 6559627.0 17.0
2.23038895E8 6559971.0 17.0
2.23175217E8 6563981.0 17.0
2.23351724E8 6569170.0 17.0
2.23353335E8 6569221.0 17.0
2.23570957E8 6575622.0 17.0
2.23772738E8 6581555.0 17.0
2.24029198E8 6589098.0 17.0
2.24719558E8 6609405.0 17.0
2.24858786E8 6613498.0 17.0
2.24885828E8 6614294.0 17.0
2.24903466E8 6614811.0 17.0
2.24974909E8 6616914.0 17.0
2.25068802E8 6619674.0 17.0
2.25211875E8 6623883.0 17.0
2.25247328E8 6624926.0 17.0
2.25421806E8 6630057.0 17.0
2.25439034E8 6630564.0 17.0
2.25583814E8 6634822.0 17.0
2.26845358E8 6671926.0 17.0
2.27940445E8 6704136.0 17.0
2.27981912E8 6705355.0 17.0
2.28240245E8 6712952.0 17.0
2.28349071E8 6716155.0 17.0
2.2843946E8 6718814.0 17.0
2.28557508E8 6722283.0 17.0
2.28626029E8 6724299.0 17.0
2.2889489E8 6732208.0 17.0
2.29613819E8 6753353.0 17.0
2.29896402E8 6761662.0 17.0
2.29999959E8 6764710.0 17.0
2.30362505E8 6775371.0 17.0
2.31097599E8 6796992.0 17.0
2.31314758E8 6803379.0 17.0
2.31427826E8 6806705.0 17.0
2.31822109E8 6818301.0 17.0
2.32106293E8 6826659.0 17.0
2.33527856E8 6868469.0 17.0
2.33846135E8 6877831.0 17.0
2.34042834E8 6883618.0 17.0
2.35207283E8 6917864.0 17.0
2.35279801E8 6919998.0 17.0
2.35607783E8 6929644.0 17.0
2.3741263E8 6982729.0 17.0
2.39265772E8 7037235.0 17.0
2.41616403E8 7106369.0 17.0
