rev2
491301.0 14451.0 17.0
493953.0 14529.0 17.0
495279.0 14568.0 17.0
495857.0 14585.0 17.0
499631.0 14696.0 17.0
500821.0 14731.0 17.0
500821.0 14731.0 17.0
502589.0 14783.0 17.0
503507.0 14810.0 17.0
503779.0 14818.0 17.0
504119.0 14828.0 17.0
504901.0 14851.0 17.0
505343.0 14864.0 17.0
505887.0 14880.0 17.0
506057.0 14885.0 17.0
506193.0 14889.0 17.0
506227.0 14890.0 17.0
506567.0 14900.0 17.0
507009.0 14913.0 17.0
508777.0 14965.0 17.0
508845.0 14967.0 17.0
510545.0 15017.0 17.0
510613.0 15019.0 17.0
510681.0 15021.0 17.0
511021.0 15031.0 17.0
511055.0 15032.0 17.0
511531.0 15046.0 17.0
511803.0 15054.0 17.0
512381.0 15071.0 17.0
512789.0 15083.0 17.0
512789.0 15083.0 17.0
513299.0 15098.0 17.0
514319.0 15128.0 17.0
514659.0 15138.0 17.0
514795.0 15142.0 17.0
515203.0 15154.0 17.0
516121.0 15181.0 17.0
516427.0 15190.0 17.0
516597.0 15195.0 17.0
517277.0 15215.0 17.0
517413.0 15219.0 17.0
517447.0 15220.0 17.0
517515.0 15222.0 17.0
517719.0 15228.0 17.0
518875.0 15262.0 17.0
518977.0 15265.0 17.0
519113.0 15269.0 17.0
519555.0 15282.0 17.0
519997.0 15295.0 17.0
520337.0 15305.0 17.0
522581.0 15371.0 17.0
523057.0 15385.0 17.0
523465.0 15397.0 17.0
523465.0 15397.0 17.0
524213.0 15419.0 17.0
524621.0 15431.0 17.0
524655.0 15432.0 17.0
524723.0 15434.0 17.0
525029.0 15443.0 17.0
526253.0 15479.0 17.0
526967.0 15500.0 17.0
527579.0 15518.0 17.0
527613.0 15519.0 17.0
527919.0 15528.0 17.0
528191.0 15536.0 17.0
528327.0 15540.0 17.0
528327.0 15540.0 17.0
529449.0 15573.0 17.0
529585.0 15577.0 17.0
529653.0 15579.0 17.0
529789.0 15583.0 17.0
533189.0 15683.0 17.0
533733.0 15699.0 17.0
534855.0 15732.0 17.0
535331.0 15746.0 17.0
535535.0 15752.0 17.0
535671.0 15756.0 17.0
536249.0 15773.0 17.0
537473.0 15809.0 17.0
537745.0 15817.0 17.0
537949.0 15823.0 17.0
538153.0 15829.0 17.0
540771.0 15906.0 17.0
542165.0 15947.0 17.0
542233.0 15949.0 17.0
542811.0 15966.0 17.0
543933.0 15999.0 17.0
545191.0 16036.0 17.0
545225.0 16037.0 17.0
547945.0 16117.0 17.0
550835.0 16202.0 17.0
551447.0 16220.0 17.0
553997.0 16295.0 17.0
554303.0 16304.0 17.0
554439.0 16308.0 17.0
555765.0 16347.0 17.0
556309.0 16363.0 17.0
572221.0 16831.0 17.0
574091.0 16886.0 17.0
575825.0 16937.0 17.0
