rev2
4139569.0 121753.0 17.0
4144023.0 121884.0 17.0
4157691.0 122286.0 17.0
4171019.0 122678.0 17.0
4172481.0 122721.0 17.0
4183463.0 123044.0 17.0
4214097.0 123945.0 17.0
4219945.0 124117.0 17.0
4220047.0 124120.0 17.0
4221713.0 124169.0 17.0
4222563.0 124194.0 17.0
4227765.0 124347.0 17.0
4237965.0 124647.0 17.0
4239971.0 124706.0 17.0
4244017.0 124825.0 17.0
4247383.0 124924.0 17.0
4255883.0 125174.0 17.0
4259283.0 125274.0 17.0
4265471.0 125456.0 17.0
4269279.0 125568.0 17.0
4274141.0 125711.0 17.0
4279343.0 125864.0 17.0
4280125.0 125887.0 17.0
4282879.0 125968.0 17.0
4290257.0 126185.0 17.0
4292603.0 126254.0 17.0
4294915.0 126322.0 17.0
4296105.0 126357.0 17.0
4297805.0 126407.0 17.0
4299029.0 126443.0 17.0
4299437.0 126455.0 17.0
4304061.0 126591.0 17.0
4304707.0 126610.0 17.0
4305557.0 126635.0 17.0
4309739.0 126758.0 17.0
4310283.0 126774.0 17.0
4310555.0 126782.0 17.0
4315281.0 126921.0 17.0
4317049.0 126973.0 17.0
4318001.0 127001.0 17.0
4320313.0 127069.0 17.0
4323577.0 127165.0 17.0
4324053.0 127179.0 17.0
4325753.0 127229.0 17.0
4326569.0 127253.0 17.0
4326875.0 127262.0 17.0
4331975.0 127412.0 17.0
4334253.0 127479.0 17.0
4337755.0 127582.0 17.0
4338809.0 127613.0 17.0
4343195.0 127742.0 17.0
4346459.0 127838.0 17.0
4348839.0 127908.0 17.0
4353735.0 128052.0 17.0
4357237.0 128155.0 17.0
4359583.0 128224.0 17.0
4363323.0 128334.0 17.0
4373625.0 128637.0 17.0
4374577.0 128665.0 17.0
4377875.0 128762.0 17.0
4382567.0 128900.0 17.0
4384641.0 128961.0 17.0
4394467.0 129250.0 17.0
4394671.0 129256.0 17.0
4394773.0 129259.0 17.0
4397085.0 129327.0 17.0
4402253.0 129479.0 17.0
4403239.0 129508.0 17.0
4409291.0 129686.0 17.0
4415173.0 129859.0 17.0
4415581.0 129871.0 17.0
4419729.0 129993.0 17.0
4431051.0 130326.0 17.0
4432411.0 130366.0 17.0
4432479.0 130368.0 17.0
4446317.0 130775.0 17.0
4449173.0 130859.0 17.0
4449309.0 130863.0 17.0
4465085.0 131327.0 17.0
4474877.0 131615.0 17.0
4475625.0 131637.0 17.0
4486403.0 131954.0 17.0
4488375.0 132012.0 17.0
4492115.0 132122.0 17.0
4493441.0 132161.0 17.0
4498813.0 132319.0 17.0
4501261.0 132391.0 17.0
4504695.0 132492.0 17.0
4520539.0 132958.0 17.0
4532847.0 133320.0 17.0
4533731.0 133346.0 17.0
4535397.0 133395.0 17.0
4547637.0 133755.0 17.0
4550833.0 133849.0 17.0
4560659.0 134138.0 17.0
4599249.0 135273.0 17.0
4634065.0 136297.0 17.0
4750685.0 139727.0 17.0
4779993.0 140589.0 17.0
4794545.0 141017.0 17.0
