rev2
243577.0 7165.0 17.0
243883.0 7174.0 17.0
243985.0 7177.0 17.0
244155.0 7182.0 17.0
244529.0 7193.0 17.0
244699.0 7198.0 17.0
244733.0 7199.0 17.0
244835.0 7202.0 17.0
245345.0 7217.0 17.0
245447.0 7220.0 17.0
245651.0 7226.0 17.0
245753.0 7229.0 17.0
245821.0 7231.0 17.0
245821.0 7231.0 17.0
246433.0 7249.0 17.0
246705.0 7257.0 17.0
246705.0 7257.0 17.0
246909.0 7263.0 17.0
248303.0 7304.0 17.0
248711.0 7316.0 17.0
248779.0 7318.0 17.0
248915.0 7322.0 17.0
249085.0 7327.0 17.0
249357.0 7335.0 17.0
249765.0 7347.0 17.0
249969.0 7353.0 17.0
250139.0 7358.0 17.0
250207.0 7360.0 17.0
250241.0 7361.0 17.0
250309.0 7363.0 17.0
250309.0 7363.0 17.0
250615.0 7372.0 17.0
250683.0 7374.0 17.0
250989.0 7383.0 17.0
251295.0 7392.0 17.0
251431.0 7396.0 17.0
251465.0 7397.0 17.0
251669.0 7403.0 17.0
251703.0 7404.0 17.0
251975.0 7412.0 17.0
252009.0 7413.0 17.0
252349.0 7423.0 17.0
252451.0 7426.0 17.0
252927.0 7440.0 17.0
253335.0 7452.0 17.0
253709.0 7463.0 17.0
253709.0 7463.0 17.0
253777.0 7465.0 17.0
254287.0 7480.0 17.0
254865.0 7497.0 17.0
255069.0 7503.0 17.0
255137.0 7505.0 17.0
255409.0 7513.0 17.0
255579.0 7518.0 17.0
255715.0 7522.0 17.0
255749.0 7523.0 17.0
256157.0 7535.0 17.0
256157.0 7535.0 17.0
256429.0 7543.0 17.0
256463.0 7544.0 17.0
256735.0 7552.0 17.0
256837.0 7555.0 17.0
256905.0 7557.0 17.0
257007.0 7560.0 17.0
257143.0 7564.0 17.0
257687.0 7580.0 17.0
258027.0 7590.0 17.0
258911.0 7616.0 17.0
259047.0 7620.0 17.0
259693.0 7639.0 17.0
259795.0 7642.0 17.0
261053.0 7679.0 17.0
261189.0 7683.0 17.0
261835.0 7702.0 17.0
261903.0 7704.0 17.0
261937.0 7705.0 17.0
262005.0 7707.0 17.0
262209.0 7713.0 17.0
262481.0 7721.0 17.0
264011.0 7766.0 17.0
264283.0 7774.0 17.0
264351.0 7776.0 17.0
264521.0 7781.0 17.0
264759.0 7788.0 17.0
265847.0 7820.0 17.0
265881.0 7821.0 17.0
266527.0 7840.0 17.0
266867.0 7850.0 17.0
267445.0 7867.0 17.0
267479.0 7868.0 17.0
268635.0 7902.0 17.0
269791.0 7936.0 17.0
270335.0 7952.0 17.0
270437.0 7955.0 17.0
270573.0 7959.0 17.0
270709.0 7963.0 17.0
270743.0 7964.0 17.0
274687.0 8080.0 17.0
280909.0 8263.0 17.0
287199.0 8448.0 17.0
