rev4
2.5702433E7 755955.0 17.0
2.5761168E7 757683.0 17.0
2.5770724E7 757964.0 17.0
2.5793265E7 758627.0 17.0
2.5844656E7 760138.0 17.0
2.589134E7 761512.0 17.0
2.5928496E7 762604.0 17.0
2.5947557E7 763165.0 17.0
2.595213E7 763299.0 17.0
2.596039E7 763542.0 17.0
2.5969625E7 763814.0 17.0
2.6022884E7 765380.0 17.0
2.6063788E7 766583.0 17.0
2.6098773E7 767612.0 17.0
2.6122911E7 768322.0 17.0
2.6125427E7 768396.0 17.0
2.6131447E7 768573.0 17.0
2.6151096E7 769152.0 17.0
2.6154465E7 769250.0 17.0
2.6169801E7 769701.0 17.0
2.6187615E7 770225.0 17.0
2.621626E7 771068.0 17.0
2.6246114E7 771946.0 17.0
2.6246981E7 771971.0 17.0
2.6248968E7 772030.0 17.0
2.6269455E7 772632.0 17.0
2.6270282E7 772657.0 17.0
2.6272543E7 772723.0 17.0
2.6279179E7 772918.0 17.0
2.6297912E7 773469.0 17.0
2.633298E7 774501.0 17.0
2.634211E7 774769.0 17.0
2.6351663E7 775050.0 17.0
2.6352668E7 775080.0 17.0
2.6365639E7 775461.0 17.0
2.6420799E7 777084.0 17.0
2.6443093E7 777739.0 17.0
2.6493276E7 779215.0 17.0
2.6495927E7 779293.0 17.0
2.6507038E7 779620.0 17.0
2.6532376E7 780365.0 17.0
2.6535228E7 780449.0 17.0
2.6560186E7 781183.0 17.0
2.6588811E7 782025.0 17.0
2.6620211E7 782949.0 17.0
2.6625127E7 783093.0 17.0
2.6636516E7 783428.0 17.0
2.6642889E7 783616.0 17.0
2.6664857E7 784262.0 17.0
2.666521E7 784272.0 17.0
2.6703868E7 785411.0 17.0
2.6726751E7 786082.0 17.0
2.6738532E7 786429.0 17.0
2.6743141E7 786564.0 17.0
2.6763523E7 787164.0 17.0
2.6768777E7 787318.0 17.0
2.6778213E7 787596.0 17.0
2.6805086E7 788386.0 17.0
2.6819912E7 788822.0 17.0
2.6839225E7 789390.0 17.0
2.6867269E7 790215.0 17.0
2.6942805E7 792437.0 17.0
2.695486E7 792791.0 17.0
2.6996084E7 794004.0 17.0
2.7021326E7 794746.0 17.0
2.7075354E7 796335.0 17.0
2.7085045E7 796620.0 17.0
2.7099497E7 797046.0 17.0
2.712412E7 797770.0 17.0
2.7146498E7 798428.0 17.0
2.7149918E7 798528.0 17.0
2.717222E7 799184.0 17.0
2.7183999E7 799531.0 17.0
2.7214104E7 800416.0 17.0
2.7223698E7 800698.0 17.0
2.7418754E7 806435.0 17.0
2.7445173E7 807212.0 17.0
2.7472336E7 808011.0 17.0
2.7502906E7 808910.0 17.0
2.7577196E7 811095.0 17.0
2.7584674E7 811315.0 17.0
2.7589266E7 811451.0 17.0
2.7590183E7 811477.0 17.0
2.7593345E7 811570.0 17.0
2.759749E7 811692.0 17.0
2.7616549E7 812253.0 17.0
2.7634036E7 812767.0 17.0
2.7715983E7 815177.0 17.0
2.7761307E7 816510.0 17.0
2.77746E7 816902.0 17.0
2.7978597E7 822902.0 17.0
2.8089489E7 826163.0 17.0
2.8186371E7 829012.0 17.0
2.8403327E7 835393.0 17.0
2.8538288E7 839363.0 17.0
2.8731715E7 845052.0 17.0
2.8905048E7 850150.0 17.0
2.9463194E7 866566.0 17.0
3.1067703E7 913757.0 17.0
3.1140833E7 915908.0 17.0
