rev4
917117.0 26975.0 17.0
920856.0 27085.0 17.0
923100.0 27151.0 17.0
924325.0 27187.0 17.0
928507.0 27310.0 17.0
929085.0 27327.0 17.0
930241.0 27361.0 17.0
930273.0 27362.0 17.0
931737.0 27405.0 17.0
933267.0 27450.0 17.0
933573.0 27459.0 17.0
934287.0 27480.0 17.0
943807.0 27760.0 17.0
944827.0 27790.0 17.0
945201.0 27801.0 17.0
947989.0 27883.0 17.0
952443.0 28014.0 17.0
954653.0 28079.0 17.0
955673.0 28109.0 17.0
955842.0 28114.0 17.0
956999.0 28148.0 17.0
957916.0 28175.0 17.0
958732.0 28199.0 17.0
960263.0 28244.0 17.0
964206.0 28360.0 17.0
964343.0 28364.0 17.0
965703.0 28404.0 17.0
966145.0 28417.0 17.0
971500.0 28575.0 17.0
972773.0 28612.0 17.0
972979.0 28618.0 17.0
973081.0 28621.0 17.0
973183.0 28624.0 17.0
973523.0 28634.0 17.0
974543.0 28664.0 17.0
980493.0 28839.0 17.0
980969.0 28853.0 17.0
982431.0 28896.0 17.0
982737.0 28905.0 17.0
984267.0 28950.0 17.0
984301.0 28951.0 17.0
987327.0 29040.0 17.0
987735.0 29052.0 17.0
987871.0 29056.0 17.0
988517.0 29075.0 17.0
990081.0 29121.0 17.0
990727.0 29140.0 17.0
990863.0 29144.0 17.0
991679.0 29168.0 17.0
992223.0 29184.0 17.0
992495.0 29192.0 17.0
993753.0 29229.0 17.0
994976.0 29265.0 17.0
996031.0 29296.0 17.0
999261.0 29391.0 17.0
999872.0 29409.0 17.0
1000145.0 29417.0 17.0
1000621.0 29431.0 17.0
1000689.0 29433.0 17.0
1000689.0 29433.0 17.0
1001845.0 29467.0 17.0
1004599.0 29548.0 17.0
1005313.0 29569.0 17.0
1005925.0 29587.0 17.0
1006433.0 29602.0 17.0
1006673.0 29609.0 17.0
1007114.0 29622.0 17.0
1007319.0 29628.0 17.0
1007659.0 29638.0 17.0
1010684.0 29727.0 17.0
1011569.0 29753.0 17.0
1015513.0 29869.0 17.0
1015751.0 29876.0 17.0
1016465.0 29897.0 17.0
1016669.0 29903.0 17.0
1022041.0 30061.0 17.0
1023401.0 30101.0 17.0
1024659.0 30138.0 17.0
1027583.0 30224.0 17.0
1027923.0 30234.0 17.0
1031119.0 30328.0 17.0
1034961.0 30441.0 17.0
1036525.0 30487.0 17.0
1038803.0 30554.0 17.0
1042305.0 30657.0 17.0
1045943.0 30764.0 17.0
1055021.0 31031.0 17.0
1060154.0 31182.0 17.0
1061515.0 31222.0 17.0
1062399.0 31248.0 17.0
1063419.0 31278.0 17.0
1076475.0 31662.0 17.0
1078786.0 31730.0 17.0
1081847.0 31820.0 17.0
1083649.0 31873.0 17.0
1102077.0 32415.0 17.0
1118737.0 32905.0 17.0
1144407.0 33660.0 17.0
1154062.0 33944.0 17.0
1181705.0 34757.0 17.0
