rev2
7787.0 230.0 17.0
7821.0 231.0 17.0
8467.0 250.0 17.0
8603.0 254.0 17.0
8671.0 256.0 17.0
8739.0 258.0 17.0
8807.0 260.0 17.0
8841.0 261.0 17.0
8875.0 262.0 17.0
8943.0 264.0 17.0
8977.0 265.0 17.0
9147.0 270.0 17.0
9181.0 271.0 17.0
9215.0 272.0 17.0
9215.0 272.0 17.0
9215.0 272.0 17.0
9215.0 272.0 17.0
9215.0 272.0 17.0
9317.0 275.0 17.0
9351.0 276.0 17.0
9385.0 277.0 17.0
9419.0 278.0 17.0
9453.0 279.0 17.0
9453.0 279.0 17.0
9589.0 283.0 17.0
9589.0 283.0 17.0
9657.0 285.0 17.0
9657.0 285.0 17.0
9691.0 286.0 17.0
9691.0 286.0 17.0
9725.0 287.0 17.0
9759.0 288.0 17.0
9759.0 288.0 17.0
9793.0 289.0 17.0
9793.0 289.0 17.0
9793.0 289.0 17.0
9793.0 289.0 17.0
9827.0 290.0 17.0
9861.0 291.0 17.0
9861.0 291.0 17.0
9861.0 291.0 17.0
9895.0 292.0 17.0
9929.0 293.0 17.0
9929.0 293.0 17.0
9963.0 294.0 17.0
9963.0 294.0 17.0
9963.0 294.0 17.0
9963.0 294.0 17.0
9997.0 295.0 17.0
10031.0 296.0 17.0
10031.0 296.0 17.0
10031.0 296.0 17.0
10065.0 297.0 17.0
10065.0 297.0 17.0
10099.0 298.0 17.0
10099.0 298.0 17.0
10099.0 298.0 17.0
10099.0 298.0 17.0
10133.0 299.0 17.0
10133.0 299.0 17.0
10167.0 300.0 17.0
10167.0 300.0 17.0
10167.0 300.0 17.0
10201.0 301.0 17.0
10235.0 302.0 17.0
10337.0 305.0 17.0
10371.0 306.0 17.0
10371.0 306.0 17.0
10541.0 311.0 17.0
10609.0 313.0 17.0
10643.0 314.0 17.0
10643.0 314.0 17.0
10677.0 315.0 17.0
10779.0 318.0 17.0
10779.0 318.0 17.0
10779.0 318.0 17.0
10813.0 319.0 17.0
10847.0 320.0 17.0
10881.0 321.0 17.0
10881.0 321.0 17.0
10915.0 322.0 17.0
10915.0 322.0 17.0
10915.0 322.0 17.0
10949.0 323.0 17.0
10949.0 323.0 17.0
10983.0 324.0 17.0
11017.0 325.0 17.0
11085.0 327.0 17.0
11085.0 327.0 17.0
11153.0 329.0 17.0
11255.0 332.0 17.0
11425.0 337.0 17.0
11459.0 338.0 17.0
11493.0 339.0 17.0
11833.0 349.0 17.0
12003.0 354.0 17.0
12105.0 357.0 17.0
12513.0 369.0 17.0
12547.0 370.0 17.0
12751.0 376.0 17.0
