rev2
5037033.0 148149.0 17.0
5067293.0 149039.0 17.0
5094119.0 149828.0 17.0
5123019.0 150678.0 17.0
5135429.0 151043.0 17.0
5166811.0 151966.0 17.0
5173509.0 152163.0 17.0
5186531.0 152546.0 17.0
5220429.0 153543.0 17.0
5239911.0 154116.0 17.0
5250723.0 154434.0 17.0
5256027.0 154590.0 17.0
5256775.0 154612.0 17.0
5257761.0 154641.0 17.0
5259903.0 154704.0 17.0
5261501.0 154751.0 17.0
5262045.0 154767.0 17.0
5286151.0 155476.0 17.0
5294855.0 155732.0 17.0
5296079.0 155768.0 17.0
5300023.0 155884.0 17.0
5302913.0 155969.0 17.0
5306007.0 156060.0 17.0
5307299.0 156098.0 17.0
5308047.0 156120.0 17.0
5308421.0 156131.0 17.0
5313147.0 156270.0 17.0
5314677.0 156315.0 17.0
5315085.0 156327.0 17.0
5316513.0 156369.0 17.0
5318451.0 156426.0 17.0
5320185.0 156477.0 17.0
5322837.0 156555.0 17.0
5333275.0 156862.0 17.0
5339803.0 157054.0 17.0
5349901.0 157351.0 17.0
5351839.0 157408.0 17.0
5364487.0 157780.0 17.0
5375503.0 158104.0 17.0
5379073.0 158209.0 17.0
5385227.0 158390.0 17.0
5388457.0 158485.0 17.0
5407463.0 159044.0 17.0
5414807.0 159260.0 17.0
5416269.0 159303.0 17.0
5418377.0 159365.0 17.0
5419329.0 159393.0 17.0
5430039.0 159708.0 17.0
5440205.0 160007.0 17.0
5443741.0 160111.0 17.0
5445713.0 160169.0 17.0
5449929.0 160293.0 17.0
5452343.0 160364.0 17.0
5456049.0 160473.0 17.0
5465841.0 160761.0 17.0
5466351.0 160776.0 17.0
5471519.0 160928.0 17.0
5475735.0 161052.0 17.0
5479237.0 161155.0 17.0
5504975.0 161912.0 17.0
5514495.0 162192.0 17.0
5524491.0 162486.0 17.0
5531461.0 162691.0 17.0
5533229.0 162743.0 17.0
5552099.0 163298.0 17.0
5557641.0 163461.0 17.0
5560633.0 163549.0 17.0
5567603.0 163754.0 17.0
5568895.0 163792.0 17.0
5570085.0 163827.0 17.0
5574981.0 163971.0 17.0
5575695.0 163992.0 17.0
5576171.0 164006.0 17.0
5579299.0 164098.0 17.0
5593409.0 164513.0 17.0
5597761.0 164641.0 17.0
5609763.0 164994.0 17.0
5612517.0 165075.0 17.0
5625709.0 165463.0 17.0
5648149.0 166123.0 17.0
5648625.0 166137.0 17.0
5663211.0 166566.0 17.0
5664639.0 166608.0 17.0
5673377.0 166865.0 17.0
5743043.0 168914.0 17.0
5744879.0 168968.0 17.0
5776635.0 169902.0 17.0
5778029.0 169943.0 17.0
5780035.0 170002.0 17.0
5796831.0 170496.0 17.0
5811043.0 170914.0 17.0
5841167.0 171800.0 17.0
5856807.0 172260.0 17.0
5912533.0 173899.0 17.0
5918279.0 174068.0 17.0
5937013.0 174619.0 17.0
5938339.0 174658.0 17.0
5979003.0 175854.0 17.0
6063629.0 178343.0 17.0
6353173.0 186859.0 17.0
