rev2
1.0281941E7 302411.0 17.0
1.0329541E7 303811.0 17.0
1.0434941E7 306911.0 17.0
1.0446501E7 307251.0 17.0
1.0448711E7 307316.0 17.0
1.0482881E7 308321.0 17.0
1.0487539E7 308458.0 17.0
1.0509095E7 309092.0 17.0
1.0533099E7 309798.0 17.0
1.0546733E7 310199.0 17.0
1.0550711E7 310316.0 17.0
1.0565943E7 310764.0 17.0
1.0614495E7 312192.0 17.0
1.0617997E7 312295.0 17.0
1.0628333E7 312599.0 17.0
1.0649039E7 313208.0 17.0
1.0658355E7 313482.0 17.0
1.0666923E7 313734.0 17.0
1.0669915E7 313822.0 17.0
1.0681339E7 314158.0 17.0
1.0684603E7 314254.0 17.0
1.0696231E7 314596.0 17.0
1.0697625E7 314637.0 17.0
1.0715169E7 315153.0 17.0
1.0773343E7 316864.0 17.0
1.0820637E7 318255.0 17.0
1.0838929E7 318793.0 17.0
1.0846103E7 319004.0 17.0
1.0865415E7 319572.0 17.0
1.0869801E7 319701.0 17.0
1.0888875E7 320262.0 17.0
1.0906691E7 320786.0 17.0
1.0909139E7 320858.0 17.0
1.0913525E7 320987.0 17.0
1.0935625E7 321637.0 17.0
1.0949463E7 322044.0 17.0
1.0958813E7 322319.0 17.0
1.0967245E7 322567.0 17.0
1.0970067E7 322650.0 17.0
1.0988495E7 323192.0 17.0
1.0995873E7 323409.0 17.0
1.0996791E7 323436.0 17.0
1.1003115E7 323622.0 17.0
1.1013043E7 323914.0 17.0
1.1015117E7 323975.0 17.0
1.1028989E7 324383.0 17.0
1.1030213E7 324419.0 17.0
1.1040005E7 324707.0 17.0
1.1042997E7 324795.0 17.0
1.1058977E7 325265.0 17.0
1.1071353E7 325629.0 17.0
1.1075739E7 325758.0 17.0
1.1094303E7 326304.0 17.0
1.1098757E7 326435.0 17.0
1.1103517E7 326575.0 17.0
1.1105591E7 326636.0 17.0
1.1109195E7 326742.0 17.0
1.1113411E7 326866.0 17.0
1.1113615E7 326872.0 17.0
1.1126365E7 327247.0 17.0
1.1173421E7 328631.0 17.0
1.1200621E7 329431.0 17.0
1.1204531E7 329546.0 17.0
1.1224523E7 330134.0 17.0
1.1232071E7 330356.0 17.0
1.1236457E7 330485.0 17.0
1.1246521E7 330781.0 17.0
1.1261515E7 331222.0 17.0
1.1267193E7 331389.0 17.0
1.1267907E7 331410.0 17.0
1.1269675E7 331462.0 17.0
1.1273551E7 331576.0 17.0
1.1281779E7 331818.0 17.0
1.1294291E7 332186.0 17.0
1.1335907E7 333410.0 17.0
1.1344475E7 333662.0 17.0
1.1372627E7 334490.0 17.0
1.1441749E7 336523.0 17.0
1.1450453E7 336779.0 17.0
1.1457321E7 336981.0 17.0
1.1459973E7 337059.0 17.0
1.1464529E7 337193.0 17.0
1.1485643E7 337814.0 17.0
1.1509749E7 338523.0 17.0
1.1556703E7 339904.0 17.0
1.1557417E7 339925.0 17.0
1.1561939E7 340058.0 17.0
1.1573669E7 340403.0 17.0
1.1575029E7 340443.0 17.0
1.1656561E7 342841.0 17.0
1.1675533E7 343399.0 17.0
1.1767197E7 346095.0 17.0
1.1918123E7 350534.0 17.0
1.2022503E7 353604.0 17.0
1.2075237E7 355155.0 17.0
1.2082921E7 355381.0 17.0
1.2166221E7 357831.0 17.0
1.2320751E7 362376.0 17.0
1.2457159E7 366388.0 17.0
1.2523255E7 368332.0 17.0
