rev2
149635.0 4402.0 17.0
150281.0 4421.0 17.0
151845.0 4467.0 17.0
152559.0 4488.0 17.0
152593.0 4489.0 17.0
153171.0 4506.0 17.0
153205.0 4507.0 17.0
153239.0 4508.0 17.0
154021.0 4531.0 17.0
155109.0 4563.0 17.0
155551.0 4576.0 17.0
155789.0 4583.0 17.0
156027.0 4590.0 17.0
156095.0 4592.0 17.0
156163.0 4594.0 17.0
156503.0 4604.0 17.0
157183.0 4624.0 17.0
157523.0 4634.0 17.0
157795.0 4642.0 17.0
157829.0 4643.0 17.0
157829.0 4643.0 17.0
158203.0 4654.0 17.0
158373.0 4659.0 17.0
158713.0 4669.0 17.0
158781.0 4671.0 17.0
158849.0 4673.0 17.0
159019.0 4678.0 17.0
159835.0 4702.0 17.0
160005.0 4707.0 17.0
160005.0 4707.0 17.0
160243.0 4714.0 17.0
160311.0 4716.0 17.0
160549.0 4723.0 17.0
160787.0 4730.0 17.0
160821.0 4731.0 17.0
161093.0 4739.0 17.0
161161.0 4741.0 17.0
161229.0 4743.0 17.0
161433.0 4749.0 17.0
161637.0 4755.0 17.0
161773.0 4759.0 17.0
161773.0 4759.0 17.0
162113.0 4769.0 17.0
162113.0 4769.0 17.0
162113.0 4769.0 17.0
162623.0 4784.0 17.0
163031.0 4796.0 17.0
163065.0 4797.0 17.0
163201.0 4801.0 17.0
163303.0 4804.0 17.0
163303.0 4804.0 17.0
163609.0 4813.0 17.0
163813.0 4819.0 17.0
163949.0 4823.0 17.0
164051.0 4826.0 17.0
164187.0 4830.0 17.0
164357.0 4835.0 17.0
164799.0 4848.0 17.0
164901.0 4851.0 17.0
165003.0 4854.0 17.0
165105.0 4857.0 17.0
165207.0 4860.0 17.0
165241.0 4861.0 17.0
165581.0 4871.0 17.0
165751.0 4876.0 17.0
165785.0 4877.0 17.0
166023.0 4884.0 17.0
166193.0 4889.0 17.0
166431.0 4896.0 17.0
166499.0 4898.0 17.0
166533.0 4899.0 17.0
166941.0 4911.0 17.0
166941.0 4911.0 17.0
167859.0 4938.0 17.0
168131.0 4946.0 17.0
168165.0 4947.0 17.0
168267.0 4950.0 17.0
168981.0 4971.0 17.0
169219.0 4978.0 17.0
170205.0 5007.0 17.0
171259.0 5038.0 17.0
172381.0 5071.0 17.0
174353.0 5129.0 17.0
174591.0 5136.0 17.0
174863.0 5144.0 17.0
174999.0 5148.0 17.0
177685.0 5227.0 17.0
177889.0 5233.0 17.0
178501.0 5251.0 17.0
179555.0 5282.0 17.0
179997.0 5295.0 17.0
180677.0 5315.0 17.0
181935.0 5352.0 17.0
183125.0 5387.0 17.0
184213.0 5419.0 17.0
185437.0 5455.0 17.0
186321.0 5481.0 17.0
190435.0 5602.0 17.0
193461.0 5691.0 17.0
194855.0 5732.0 17.0
