rev4
26861.0 791.0 17.0
27541.0 811.0 17.0
27677.0 815.0 17.0
27847.0 820.0 17.0
28391.0 836.0 17.0
28459.0 838.0 17.0
28561.0 841.0 17.0
28595.0 842.0 17.0
28629.0 843.0 17.0
28663.0 844.0 17.0
28663.0 844.0 17.0
28765.0 847.0 17.0
28901.0 851.0 17.0
29003.0 854.0 17.0
29037.0 855.0 17.0
29037.0 855.0 17.0
29071.0 856.0 17.0
29105.0 857.0 17.0
29139.0 858.0 17.0
29207.0 860.0 17.0
29377.0 865.0 17.0
29377.0 865.0 17.0
29411.0 866.0 17.0
29513.0 869.0 17.0
29547.0 870.0 17.0
29547.0 870.0 17.0
29547.0 870.0 17.0
29581.0 871.0 17.0
29581.0 871.0 17.0
29649.0 873.0 17.0
29649.0 873.0 17.0
29717.0 875.0 17.0
29717.0 875.0 17.0
29751.0 876.0 17.0
29785.0 877.0 17.0
29853.0 879.0 17.0
29955.0 882.0 17.0
29989.0 883.0 17.0
29989.0 883.0 17.0
29989.0 883.0 17.0
30057.0 885.0 17.0
30125.0 887.0 17.0
30125.0 887.0 17.0
30159.0 888.0 17.0
30159.0 888.0 17.0
30193.0 889.0 17.0
30227.0 890.0 17.0
30261.0 891.0 17.0
30295.0 892.0 17.0
30329.0 893.0 17.0
30329.0 893.0 17.0
30397.0 895.0 17.0
30397.0 895.0 17.0
30397.0 895.0 17.0
30431.0 896.0 17.0
30499.0 898.0 17.0
30601.0 901.0 17.0
30635.0 902.0 17.0
30703.0 904.0 17.0
30703.0 904.0 17.0
30703.0 904.0 17.0
30737.0 905.0 17.0
30737.0 905.0 17.0
30771.0 906.0 17.0
30805.0 907.0 17.0
30839.0 908.0 17.0
30873.0 909.0 17.0
31043.0 914.0 17.0
31179.0 918.0 17.0
31247.0 920.0 17.0
31519.0 928.0 17.0
31553.0 929.0 17.0
31553.0 929.0 17.0
31655.0 932.0 17.0
31791.0 936.0 17.0
31859.0 938.0 17.0
31927.0 940.0 17.0
32063.0 944.0 17.0
32131.0 946.0 17.0
32165.0 947.0 17.0
32233.0 949.0 17.0
32573.0 959.0 17.0
32675.0 962.0 17.0
32675.0 962.0 17.0
32811.0 966.0 17.0
32981.0 971.0 17.0
33083.0 974.0 17.0
33083.0 974.0 17.0
33117.0 975.0 17.0
33525.0 987.0 17.0
33593.0 989.0 17.0
33899.0 998.0 17.0
33967.0 1000.0 17.0
34001.0 1001.0 17.0
34239.0 1008.0 17.0
34511.0 1016.0 17.0
34511.0 1016.0 17.0
35667.0 1050.0 17.0
35769.0 1053.0 17.0
36075.0 1062.0 17.0
