rev2
307021.0 9031.0 17.0
307871.0 9056.0 17.0
308653.0 9079.0 17.0
309571.0 9106.0 17.0
311237.0 9155.0 17.0
313345.0 9217.0 17.0
313821.0 9231.0 17.0
314025.0 9237.0 17.0
314229.0 9243.0 17.0
315419.0 9278.0 17.0
315521.0 9281.0 17.0
315657.0 9285.0 17.0
315929.0 9293.0 17.0
316201.0 9301.0 17.0
316609.0 9313.0 17.0
318071.0 9356.0 17.0
318139.0 9358.0 17.0
318513.0 9369.0 17.0
319567.0 9400.0 17.0
319567.0 9400.0 17.0
320111.0 9416.0 17.0
320247.0 9420.0 17.0
320655.0 9432.0 17.0
321029.0 9443.0 17.0
321029.0 9443.0 17.0
321165.0 9447.0 17.0
321539.0 9458.0 17.0
323341.0 9511.0 17.0
323783.0 9524.0 17.0
323783.0 9524.0 17.0
324123.0 9534.0 17.0
326299.0 9598.0 17.0
327183.0 9624.0 17.0
327455.0 9632.0 17.0
327727.0 9640.0 17.0
328543.0 9664.0 17.0
329087.0 9680.0 17.0
330651.0 9726.0 17.0
330889.0 9733.0 17.0
331093.0 9739.0 17.0
331195.0 9742.0 17.0
331297.0 9745.0 17.0
331433.0 9749.0 17.0
331807.0 9760.0 17.0
331977.0 9765.0 17.0
332113.0 9769.0 17.0
332351.0 9776.0 17.0
332487.0 9780.0 17.0
332929.0 9793.0 17.0
332963.0 9794.0 17.0
332963.0 9794.0 17.0
332997.0 9795.0 17.0
333507.0 9810.0 17.0
333779.0 9818.0 17.0
333779.0 9818.0 17.0
333881.0 9821.0 17.0
334357.0 9835.0 17.0
334935.0 9852.0 17.0
336703.0 9904.0 17.0
337179.0 9918.0 17.0
337621.0 9931.0 17.0
337961.0 9941.0 17.0
338165.0 9947.0 17.0
338233.0 9949.0 17.0
338641.0 9961.0 17.0
339389.0 9983.0 17.0
339423.0 9984.0 17.0
340069.0 10003.0 17.0
340647.0 10020.0 17.0
341089.0 10033.0 17.0
341871.0 10056.0 17.0
343197.0 10095.0 17.0
343333.0 10099.0 17.0
343401.0 10101.0 17.0
343605.0 10107.0 17.0
344081.0 10121.0 17.0
346053.0 10179.0 17.0
347821.0 10231.0 17.0
348161.0 10241.0 17.0
348909.0 10263.0 17.0
349963.0 10294.0 17.0
350337.0 10305.0 17.0
351289.0 10333.0 17.0
352887.0 10380.0 17.0
354825.0 10437.0 17.0
355233.0 10449.0 17.0
356117.0 10475.0 17.0
357409.0 10513.0 17.0
360741.0 10611.0 17.0
361557.0 10635.0 17.0
362679.0 10668.0 17.0
364753.0 10729.0 17.0
365909.0 10763.0 17.0
367507.0 10810.0 17.0
367949.0 10823.0 17.0
369071.0 10856.0 17.0
373593.0 10989.0 17.0
379441.0 11161.0 17.0
387907.0 11410.0 17.0
397869.0 11703.0 17.0
