rev4
451725.0 13287.0 17.0
460054.0 13532.0 17.0
460735.0 13552.0 17.0
463387.0 13630.0 17.0
466481.0 13721.0 17.0
468453.0 13779.0 17.0
470391.0 13836.0 17.0
471411.0 13866.0 17.0
471649.0 13873.0 17.0
471819.0 13878.0 17.0
471819.0 13878.0 17.0
472873.0 13909.0 17.0
474097.0 13945.0 17.0
475661.0 13991.0 17.0
476171.0 14006.0 17.0
476613.0 14019.0 17.0
478381.0 14071.0 17.0
479095.0 14092.0 17.0
479231.0 14096.0 17.0
479401.0 14101.0 17.0
479911.0 14116.0 17.0
483549.0 14223.0 17.0
483855.0 14232.0 17.0
483889.0 14233.0 17.0
484909.0 14263.0 17.0
485725.0 14287.0 17.0
486575.0 14312.0 17.0
486608.0 14313.0 17.0
489261.0 14391.0 17.0
489567.0 14400.0 17.0
490281.0 14421.0 17.0
490348.0 14423.0 17.0
490383.0 14424.0 17.0
490451.0 14426.0 17.0
490995.0 14442.0 17.0
491165.0 14447.0 17.0
491437.0 14455.0 17.0
493001.0 14501.0 17.0
493137.0 14505.0 17.0
493647.0 14520.0 17.0
495176.0 14565.0 17.0
495687.0 14580.0 17.0
495789.0 14583.0 17.0
496843.0 14614.0 17.0
497285.0 14627.0 17.0
497285.0 14627.0 17.0
497999.0 14648.0 17.0
498441.0 14661.0 17.0
498577.0 14665.0 17.0
498645.0 14667.0 17.0
498951.0 14676.0 17.0
501025.0 14737.0 17.0
501161.0 14741.0 17.0
501331.0 14746.0 17.0
501637.0 14755.0 17.0
502079.0 14768.0 17.0
502113.0 14769.0 17.0
502521.0 14781.0 17.0
502861.0 14791.0 17.0
502895.0 14792.0 17.0
502997.0 14795.0 17.0
503031.0 14796.0 17.0
503337.0 14805.0 17.0
504595.0 14842.0 17.0
504901.0 14851.0 17.0
504935.0 14852.0 17.0
505411.0 14866.0 17.0
506771.0 14906.0 17.0
507587.0 14930.0 17.0
508097.0 14945.0 17.0
508641.0 14961.0 17.0
510375.0 15012.0 17.0
511157.0 15035.0 17.0
511667.0 15050.0 17.0
511735.0 15052.0 17.0
511769.0 15053.0 17.0
511803.0 15054.0 17.0
513841.0 15114.0 17.0
514115.0 15122.0 17.0
514965.0 15147.0 17.0
515985.0 15177.0 17.0
517413.0 15219.0 17.0
517617.0 15225.0 17.0
518059.0 15238.0 17.0
518705.0 15257.0 17.0
521255.0 15332.0 17.0
522241.0 15361.0 17.0
522717.0 15375.0 17.0
523567.0 15400.0 17.0
525199.0 15448.0 17.0
526525.0 15487.0 17.0
529857.0 15585.0 17.0
531251.0 15626.0 17.0
531897.0 15645.0 17.0
533291.0 15686.0 17.0
533664.0 15697.0 17.0
534243.0 15714.0 17.0
544919.0 16028.0 17.0
547605.0 16107.0 17.0
643825.0 18937.0 17.0
