rev2
17783.0 524.0 17.0
17783.0 524.0 17.0
18157.0 535.0 17.0
18259.0 538.0 17.0
18293.0 539.0 17.0
18361.0 541.0 17.0
18395.0 542.0 17.0
18497.0 545.0 17.0
18531.0 546.0 17.0
18565.0 547.0 17.0
18769.0 553.0 17.0
18769.0 553.0 17.0
18803.0 554.0 17.0
18837.0 555.0 17.0
18871.0 556.0 17.0
18871.0 556.0 17.0
18939.0 558.0 17.0
18973.0 559.0 17.0
19007.0 560.0 17.0
19075.0 562.0 17.0
19109.0 563.0 17.0
19143.0 564.0 17.0
19177.0 565.0 17.0
19177.0 565.0 17.0
19211.0 566.0 17.0
19279.0 568.0 17.0
19279.0 568.0 17.0
19313.0 569.0 17.0
19347.0 570.0 17.0
19415.0 572.0 17.0
19415.0 572.0 17.0
19483.0 574.0 17.0
19517.0 575.0 17.0
19517.0 575.0 17.0
19551.0 576.0 17.0
19551.0 576.0 17.0
19551.0 576.0 17.0
19585.0 577.0 17.0
19653.0 579.0 17.0
19687.0 580.0 17.0
19687.0 580.0 17.0
19721.0 581.0 17.0
19755.0 582.0 17.0
19755.0 582.0 17.0
19789.0 583.0 17.0
19789.0 583.0 17.0
19823.0 584.0 17.0
19823.0 584.0 17.0
19857.0 585.0 17.0
19891.0 586.0 17.0
19891.0 586.0 17.0
19925.0 587.0 17.0
19993.0 589.0 17.0
19993.0 589.0 17.0
20061.0 591.0 17.0
20061.0 591.0 17.0
20095.0 592.0 17.0
20095.0 592.0 17.0
20197.0 595.0 17.0
20231.0 596.0 17.0
20299.0 598.0 17.0
20435.0 602.0 17.0
20469.0 603.0 17.0
20469.0 603.0 17.0
20503.0 604.0 17.0
20537.0 605.0 17.0
20605.0 607.0 17.0
20639.0 608.0 17.0
20741.0 611.0 17.0
20809.0 613.0 17.0
20809.0 613.0 17.0
20809.0 613.0 17.0
20843.0 614.0 17.0
20979.0 618.0 17.0
21115.0 622.0 17.0
21285.0 627.0 17.0
21353.0 629.0 17.0
21421.0 631.0 17.0
21455.0 632.0 17.0
21523.0 634.0 17.0
21557.0 635.0 17.0
21965.0 647.0 17.0
22169.0 653.0 17.0
22203.0 654.0 17.0
22237.0 655.0 17.0
22407.0 660.0 17.0
22475.0 662.0 17.0
22577.0 665.0 17.0
22611.0 666.0 17.0
22713.0 669.0 17.0
22849.0 673.0 17.0
23053.0 679.0 17.0
23155.0 682.0 17.0
23291.0 686.0 17.0
23767.0 700.0 17.0
23801.0 701.0 17.0
23801.0 701.0 17.0
23835.0 702.0 17.0
24107.0 710.0 17.0
24447.0 720.0 17.0
