rev2
2509371.0 73806.0 17.0
2529193.0 74389.0 17.0
2548063.0 74944.0 17.0
2548505.0 74957.0 17.0
2559929.0 75293.0 17.0
2561595.0 75342.0 17.0
2562139.0 75358.0 17.0
2588659.0 76138.0 17.0
2592025.0 76237.0 17.0
2593521.0 76281.0 17.0
2597295.0 76392.0 17.0
2600049.0 76473.0 17.0
2601001.0 76501.0 17.0
2601987.0 76530.0 17.0
2602361.0 76541.0 17.0
2603449.0 76573.0 17.0
2606917.0 76675.0 17.0
2611269.0 76803.0 17.0
2611881.0 76821.0 17.0
2616199.0 76948.0 17.0
2618749.0 77023.0 17.0
2622217.0 77125.0 17.0
2624767.0 77200.0 17.0
2632315.0 77422.0 17.0
2635409.0 77513.0 17.0
2635409.0 77513.0 17.0
2638265.0 77597.0 17.0
2638537.0 77605.0 17.0
2638979.0 77618.0 17.0
2641359.0 77688.0 17.0
2641937.0 77705.0 17.0
2643807.0 77760.0 17.0
2646561.0 77841.0 17.0
2650981.0 77971.0 17.0
2651525.0 77987.0 17.0
2653667.0 78050.0 17.0
2653837.0 78055.0 17.0
2655673.0 78109.0 17.0
2656047.0 78120.0 17.0
2656659.0 78138.0 17.0
2657747.0 78170.0 17.0
2659719.0 78228.0 17.0
2666145.0 78417.0 17.0
2672095.0 78592.0 17.0
2677263.0 78744.0 17.0
2678997.0 78795.0 17.0
2681955.0 78882.0 17.0
2683247.0 78920.0 17.0
2683417.0 78925.0 17.0
2688449.0 79073.0 17.0
2694569.0 79253.0 17.0
2695113.0 79269.0 17.0
2695555.0 79282.0 17.0
2703953.0 79529.0 17.0
2705449.0 79573.0 17.0
2706299.0 79598.0 17.0
2708815.0 79672.0 17.0
2711263.0 79744.0 17.0
2716227.0 79890.0 17.0
2716805.0 79907.0 17.0
2726971.0 80206.0 17.0
2729623.0 80284.0 17.0
2736559.0 80488.0 17.0
2738225.0 80537.0 17.0
2738871.0 80556.0 17.0
2746759.0 80788.0 17.0
2747643.0 80814.0 17.0
2749275.0 80862.0 17.0
2753627.0 80990.0 17.0
2759781.0 81171.0 17.0
2766649.0 81373.0 17.0
2771035.0 81502.0 17.0
2773177.0 81565.0 17.0
2781881.0 81821.0 17.0
2782799.0 81848.0 17.0
2797657.0 82285.0 17.0
2814793.0 82789.0 17.0
2822307.0 83010.0 17.0
2824653.0 83079.0 17.0
2835975.0 83412.0 17.0
2839069.0 83503.0 17.0
2842877.0 83615.0 17.0
2844441.0 83661.0 17.0
2845597.0 83695.0 17.0
2847535.0 83752.0 17.0
2853825.0 83937.0 17.0
2854335.0 83952.0 17.0
2854913.0 83969.0 17.0
2886635.0 84902.0 17.0
2899623.0 85284.0 17.0
2904111.0 85416.0 17.0
2921349.0 85923.0 17.0
2922301.0 85951.0 17.0
2964359.0 87188.0 17.0
3001317.0 88275.0 17.0
3034637.0 89255.0 17.0
3058607.0 89960.0 17.0
3066087.0 90180.0 17.0
3069657.0 90285.0 17.0
3170535.0 93252.0 17.0
