rev2
2.0640721E7 607081.0 17.0
2.0912551E7 615076.0 17.0
2.0994457E7 617485.0 17.0
2.1003535E7 617752.0 17.0
2.1077043E7 619914.0 17.0
2.1101999E7 620648.0 17.0
2.1207943E7 623764.0 17.0
2.1225283E7 624274.0 17.0
2.1245037E7 624855.0 17.0
2.1266729E7 625493.0 17.0
2.1284919E7 626028.0 17.0
2.1300525E7 626487.0 17.0
2.1330411E7 627366.0 17.0
2.1345745E7 627817.0 17.0
2.1364275E7 628362.0 17.0
2.1392427E7 629190.0 17.0
2.1421089E7 630033.0 17.0
2.1449819E7 630878.0 17.0
2.1496739E7 632258.0 17.0
2.1517105E7 632857.0 17.0
2.1525809E7 633113.0 17.0
2.1531929E7 633293.0 17.0
2.1533731E7 633346.0 17.0
2.1544849E7 633673.0 17.0
2.1561373E7 634159.0 17.0
2.1586295E7 634892.0 17.0
2.1587723E7 634934.0 17.0
2.1589457E7 634985.0 17.0
2.1611387E7 635630.0 17.0
2.1613631E7 635696.0 17.0
2.1694721E7 638081.0 17.0
2.1699583E7 638224.0 17.0
2.1701011E7 638266.0 17.0
2.1708627E7 638490.0 17.0
2.1709001E7 638501.0 17.0
2.1713081E7 638621.0 17.0
2.1729027E7 639090.0 17.0
2.1754221E7 639831.0 17.0
2.1762653E7 640079.0 17.0
2.1768433E7 640249.0 17.0
2.1782169E7 640653.0 17.0
2.1804541E7 641311.0 17.0
2.1812293E7 641539.0 17.0
2.1817903E7 641704.0 17.0
2.1836535E7 642252.0 17.0
2.1851189E7 642683.0 17.0
2.1861525E7 642987.0 17.0
2.1866319E7 643128.0 17.0
2.1905215E7 644272.0 17.0
2.1914905E7 644557.0 17.0
2.1941731E7 645346.0 17.0
2.1963831E7 645996.0 17.0
2.1968761E7 646141.0 17.0
2.1974099E7 646298.0 17.0
2.1975969E7 646353.0 17.0
2.1980661E7 646491.0 17.0
2.1998443E7 647014.0 17.0
2.2001231E7 647096.0 17.0
2.2078887E7 649380.0 17.0
2.2099219E7 649978.0 17.0
2.2109351E7 650276.0 17.0
2.2164363E7 651894.0 17.0
2.2190203E7 652654.0 17.0
2.2223047E7 653620.0 17.0
2.2242631E7 654196.0 17.0
2.2277209E7 655213.0 17.0
2.2277753E7 655229.0 17.0
2.2285709E7 655463.0 17.0
2.2303933E7 655999.0 17.0
2.2328107E7 656710.0 17.0
2.2350003E7 657354.0 17.0
2.2396379E7 658718.0 17.0
2.2443979E7 660118.0 17.0
2.2487805E7 661407.0 17.0
2.2530951E7 662676.0 17.0
2.2551691E7 663286.0 17.0
2.2552779E7 663318.0 17.0
2.2576715E7 664022.0 17.0
2.2659845E7 666467.0 17.0
2.2707955E7 667882.0 17.0
2.2739439E7 668808.0 17.0
2.2761369E7 669453.0 17.0
2.2764735E7 669552.0 17.0
2.2838923E7 671734.0 17.0
2.2867211E7 672566.0 17.0
2.2887679E7 673168.0 17.0
2.2916443E7 674014.0 17.0
2.2922903E7 674204.0 17.0
2.3003857E7 676585.0 17.0
2.3184363E7 681894.0 17.0
2.3197827E7 682290.0 17.0
2.3252125E7 683887.0 17.0
2.3281127E7 684740.0 17.0
2.3310775E7 685612.0 17.0
2.3417909E7 688763.0 17.0
2.3439227E7 689390.0 17.0
2.3445313E7 689569.0 17.0
2.3669441E7 696161.0 17.0
2.4620795E7 724142.0 17.0
2.4654115E7 725122.0 17.0
