rev2
3741.0 111.0 17.0
4013.0 119.0 17.0
4047.0 120.0 17.0
4047.0 120.0 17.0
4149.0 123.0 17.0
4319.0 128.0 17.0
4319.0 128.0 17.0
4387.0 130.0 17.0
4387.0 130.0 17.0
4421.0 131.0 17.0
4455.0 132.0 17.0
4455.0 132.0 17.0
4455.0 132.0 17.0
4523.0 134.0 17.0
4523.0 134.0 17.0
4523.0 134.0 17.0
4523.0 134.0 17.0
4557.0 135.0 17.0
4557.0 135.0 17.0
4625.0 137.0 17.0
4625.0 137.0 17.0
4659.0 138.0 17.0
4693.0 139.0 17.0
4693.0 139.0 17.0
4761.0 141.0 17.0
4761.0 141.0 17.0
4761.0 141.0 17.0
4761.0 141.0 17.0
4761.0 141.0 17.0
4761.0 141.0 17.0
4761.0 141.0 17.0
4795.0 142.0 17.0
4795.0 142.0 17.0
4829.0 143.0 17.0
4829.0 143.0 17.0
4897.0 145.0 17.0
4897.0 145.0 17.0
4999.0 148.0 17.0
4999.0 148.0 17.0
4999.0 148.0 17.0
4999.0 148.0 17.0
5033.0 149.0 17.0
5067.0 150.0 17.0
5101.0 151.0 17.0
5101.0 151.0 17.0
5135.0 152.0 17.0
5169.0 153.0 17.0
5169.0 153.0 17.0
5203.0 154.0 17.0
5203.0 154.0 17.0
5203.0 154.0 17.0
5203.0 154.0 17.0
5203.0 154.0 17.0
5237.0 155.0 17.0
5237.0 155.0 17.0
5237.0 155.0 17.0
5271.0 156.0 17.0
5271.0 156.0 17.0
5271.0 156.0 17.0
5271.0 156.0 17.0
5305.0 157.0 17.0
5305.0 157.0 17.0
5339.0 158.0 17.0
5373.0 159.0 17.0
5407.0 160.0 17.0
5407.0 160.0 17.0
5407.0 160.0 17.0
5441.0 161.0 17.0
5509.0 163.0 17.0
5509.0 163.0 17.0
5509.0 163.0 17.0
5543.0 164.0 17.0
5543.0 164.0 17.0
5543.0 164.0 17.0
5577.0 165.0 17.0
5611.0 166.0 17.0
5611.0 166.0 17.0
5611.0 166.0 17.0
5645.0 167.0 17.0
5713.0 169.0 17.0
5781.0 171.0 17.0
5781.0 171.0 17.0
5781.0 171.0 17.0
5815.0 172.0 17.0
5849.0 173.0 17.0
5849.0 173.0 17.0
5917.0 175.0 17.0
5917.0 175.0 17.0
5951.0 176.0 17.0
5951.0 176.0 17.0
5951.0 176.0 17.0
5985.0 177.0 17.0
6019.0 178.0 17.0
6019.0 178.0 17.0
6291.0 186.0 17.0
6393.0 189.0 17.0
6631.0 196.0 17.0
6801.0 201.0 17.0
7141.0 211.0 17.0
7991.0 236.0 17.0
