rev4
55183.0 1624.0 17.0
55489.0 1633.0 17.0
55727.0 1640.0 17.0
56373.0 1659.0 17.0
57121.0 1681.0 17.0
57291.0 1686.0 17.0
57325.0 1687.0 17.0
57461.0 1691.0 17.0
57563.0 1694.0 17.0
57903.0 1704.0 17.0
57937.0 1705.0 17.0
58073.0 1709.0 17.0
58073.0 1709.0 17.0
58107.0 1710.0 17.0
58141.0 1711.0 17.0
58481.0 1721.0 17.0
58617.0 1725.0 17.0
58651.0 1726.0 17.0
58651.0 1726.0 17.0
58787.0 1730.0 17.0
58889.0 1733.0 17.0
58957.0 1735.0 17.0
59025.0 1737.0 17.0
59059.0 1738.0 17.0
59161.0 1741.0 17.0
59229.0 1743.0 17.0
59535.0 1752.0 17.0
59603.0 1754.0 17.0
59773.0 1759.0 17.0
59875.0 1762.0 17.0
59943.0 1764.0 17.0
60011.0 1766.0 17.0
60181.0 1771.0 17.0
60283.0 1774.0 17.0
60317.0 1775.0 17.0
60487.0 1780.0 17.0
60521.0 1781.0 17.0
60589.0 1783.0 17.0
60793.0 1789.0 17.0
60895.0 1792.0 17.0
60929.0 1793.0 17.0
61201.0 1801.0 17.0
61201.0 1801.0 17.0
61235.0 1802.0 17.0
61303.0 1804.0 17.0
61371.0 1806.0 17.0
61473.0 1809.0 17.0
61507.0 1810.0 17.0
61541.0 1811.0 17.0
61575.0 1812.0 17.0
61711.0 1816.0 17.0
61813.0 1819.0 17.0
61847.0 1820.0 17.0
62085.0 1827.0 17.0
62119.0 1828.0 17.0
62153.0 1829.0 17.0
62255.0 1832.0 17.0
62323.0 1834.0 17.0
62493.0 1839.0 17.0
62561.0 1841.0 17.0
62561.0 1841.0 17.0
62663.0 1844.0 17.0
62833.0 1849.0 17.0
62867.0 1850.0 17.0
62969.0 1853.0 17.0
62969.0 1853.0 17.0
63037.0 1855.0 17.0
63207.0 1860.0 17.0
63292.0 1863.0 17.0
63309.0 1863.0 17.0
63513.0 1869.0 17.0
63513.0 1869.0 17.0
63547.0 1870.0 17.0
63649.0 1873.0 17.0
63649.0 1873.0 17.0
63683.0 1874.0 17.0
63785.0 1877.0 17.0
63785.0 1877.0 17.0
63887.0 1880.0 17.0
63989.0 1883.0 17.0
64091.0 1886.0 17.0
64635.0 1902.0 17.0
64635.0 1902.0 17.0
64669.0 1903.0 17.0
64669.0 1903.0 17.0
64873.0 1909.0 17.0
64907.0 1910.0 17.0
64941.0 1911.0 17.0
65111.0 1916.0 17.0
65213.0 1919.0 17.0
65553.0 1929.0 17.0
65655.0 1932.0 17.0
65961.0 1941.0 17.0
66063.0 1944.0 17.0
66471.0 1956.0 17.0
66777.0 1965.0 17.0
66845.0 1967.0 17.0
67695.0 1992.0 17.0
74359.0 2188.0 17.0
85511.0 2516.0 17.0
