rev2
1769.0 53.0 17.0
1769.0 53.0 17.0
1837.0 55.0 17.0
1939.0 58.0 17.0
2007.0 60.0 17.0
2041.0 61.0 17.0
2041.0 61.0 17.0
2143.0 64.0 17.0
2143.0 64.0 17.0
2211.0 66.0 17.0
2245.0 67.0 17.0
2279.0 68.0 17.0
2279.0 68.0 17.0
2313.0 69.0 17.0
2313.0 69.0 17.0
2347.0 70.0 17.0
2347.0 70.0 17.0
2347.0 70.0 17.0
2381.0 71.0 17.0
2381.0 71.0 17.0
2381.0 71.0 17.0
2381.0 71.0 17.0
2415.0 72.0 17.0
2415.0 72.0 17.0
2415.0 72.0 17.0
2415.0 72.0 17.0
2449.0 73.0 17.0
2449.0 73.0 17.0
2449.0 73.0 17.0
2449.0 73.0 17.0
2483.0 74.0 17.0
2483.0 74.0 17.0
2483.0 74.0 17.0
2483.0 74.0 17.0
2517.0 75.0 17.0
2517.0 75.0 17.0
2517.0 75.0 17.0
2517.0 75.0 17.0
2551.0 76.0 17.0
2585.0 77.0 17.0
2585.0 77.0 17.0
2585.0 77.0 17.0
2653.0 79.0 17.0
2653.0 79.0 17.0
2687.0 80.0 17.0
2687.0 80.0 17.0
2687.0 80.0 17.0
2721.0 81.0 17.0
2721.0 81.0 17.0
2721.0 81.0 17.0
2721.0 81.0 17.0
2755.0 82.0 17.0
2755.0 82.0 17.0
2755.0 82.0 17.0
2755.0 82.0 17.0
2789.0 83.0 17.0
2789.0 83.0 17.0
2789.0 83.0 17.0
2789.0 83.0 17.0
2789.0 83.0 17.0
2823.0 84.0 17.0
2857.0 85.0 17.0
2857.0 85.0 17.0
2891.0 86.0 17.0
2891.0 86.0 17.0
2891.0 86.0 17.0
2891.0 86.0 17.0
2925.0 87.0 17.0
2925.0 87.0 17.0
2925.0 87.0 17.0
2925.0 87.0 17.0
2959.0 88.0 17.0
2959.0 88.0 17.0
2993.0 89.0 17.0
2993.0 89.0 17.0
3027.0 90.0 17.0
3061.0 91.0 17.0
3095.0 92.0 17.0
3095.0 92.0 17.0
3095.0 92.0 17.0
3095.0 92.0 17.0
3129.0 93.0 17.0
3129.0 93.0 17.0
3129.0 93.0 17.0
3129.0 93.0 17.0
3163.0 94.0 17.0
3265.0 97.0 17.0
3265.0 97.0 17.0
3333.0 99.0 17.0
3367.0 100.0 17.0
3367.0 100.0 17.0
3367.0 100.0 17.0
3435.0 102.0 17.0
3469.0 103.0 17.0
3503.0 104.0 17.0
3605.0 107.0 17.0
3673.0 109.0 17.0
3775.0 112.0 17.0
3843.0 114.0 17.0
3877.0 115.0 17.0
