rev4
2715714.0 194828.0 7.0
2730073.0 195848.0 7.0
2760359.0 198011.0 7.0
2809129.0 201514.0 7.0
2819090.0 202230.0 7.0
2839719.0 203690.0 7.0
2843583.0 203985.0 7.0
2847831.0 204264.0 7.0
2852128.0 204592.0 7.0
2853107.0 204680.0 7.0
2867259.0 205703.0 7.0
2888906.0 207256.0 7.0
2894777.0 207686.0 7.0
2898934.0 207980.0 7.0
2906342.0 208500.0 7.0
2911849.0 208917.0 7.0
2913028.0 208932.0 7.0
2915182.0 209155.0 7.0
2915503.0 209141.0 7.0
2923393.0 209712.0 7.0
2926589.0 209949.0 7.0
2937376.0 210719.0 7.0
2942463.0 211097.0 7.0
2954752.0 211959.0 7.0
2967248.0 212872.0 7.0
2975632.0 213396.0 7.0
2976752.0 213551.0 7.0
2984429.0 214100.0 7.0
2986882.0 214275.0 7.0
2995893.0 214900.0 7.0
2997701.0 215034.0 7.0
2998891.0 215131.0 7.0
2999090.0 215155.0 7.0
3004323.0 215534.0 7.0
3005997.0 215638.0 7.0
3006941.0 215703.0 7.0
3011227.0 216017.0 7.0
3022073.0 216756.0 7.0
3027234.0 217162.0 7.0
3027956.0 217215.0 7.0
3030744.0 217458.0 7.0
3036819.0 217872.0 7.0
3050978.0 218864.0 7.0
3052495.0 218977.0 7.0
3053159.0 219037.0 7.0
3055178.0 219163.0 7.0
3055602.0 219220.0 7.0
3057579.0 219328.0 7.0
3060324.0 219530.0 7.0
3063984.0 219844.0 7.0
3068117.0 220090.0 7.0
3068800.0 220147.0 7.0
3072471.0 220423.0 7.0
3077534.0 220747.0 7.0
3086186.0 221400.0 7.0
3105694.0 222798.0 7.0
3112966.0 223278.0 7.0
3117657.0 223670.0 7.0
3119614.0 223807.0 7.0
3122299.0 223997.0 7.0
3123289.0 224059.0 7.0
3126821.0 224292.0 7.0
3134170.0 224803.0 7.0
3149261.0 225924.0 7.0
3161092.0 226762.0 7.0
3166670.0 227176.0 7.0
3177459.0 227961.0 7.0
3188648.0 228751.0 7.0
3198570.0 229388.0 7.0
3202287.0 229735.0 7.0
3217902.0 230845.0 7.0
3233502.0 231941.0 7.0
3243160.0 232670.0 7.0
3248926.0 233073.0 7.0
3255668.0 233564.0 7.0
3262643.0 234083.0 7.0
3264915.0 234215.0 7.0
3267915.0 234468.0 7.0
3270554.0 234586.0 7.0
3276215.0 235031.0 7.0
3277709.0 235157.0 7.0
3282380.0 235431.0 7.0
3314060.0 237750.0 7.0
3344817.0 239935.0 7.0
3355412.0 240740.0 7.0
3374500.0 242087.0 7.0
3385177.0 242840.0 7.0
3392678.0 243368.0 7.0
3409136.0 244575.0 7.0
3409923.0 244594.0 7.0
3422759.0 245517.0 7.0
3433817.0 246334.0 7.0
3450477.0 247552.0 7.0
3545596.0 254329.0 7.0
3552689.0 254861.0 7.0
3584256.0 257100.0 7.0
3800264.0 272666.0 7.0
3920118.0 281240.0 7.0
3950354.0 283383.0 7.0
4180901.0 299930.0 7.0
