rev2
813.0 59.0 7.0
869.0 63.0 7.0
883.0 64.0 7.0
897.0 65.0 7.0
925.0 67.0 7.0
939.0 68.0 7.0
953.0 69.0 7.0
967.0 70.0 7.0
967.0 70.0 7.0
967.0 70.0 7.0
981.0 71.0 7.0
995.0 72.0 7.0
995.0 72.0 7.0
995.0 72.0 7.0
995.0 72.0 7.0
1009.0 73.0 7.0
1009.0 73.0 7.0
1009.0 73.0 7.0
1023.0 74.0 7.0
1037.0 75.0 7.0
1037.0 75.0 7.0
1037.0 75.0 7.0
1051.0 76.0 7.0
1051.0 76.0 7.0
1065.0 77.0 7.0
1065.0 77.0 7.0
1079.0 78.0 7.0
1107.0 80.0 7.0
1107.0 80.0 7.0
1121.0 81.0 7.0
1121.0 81.0 7.0
1121.0 81.0 7.0
1121.0 81.0 7.0
1121.0 81.0 7.0
1121.0 81.0 7.0
1121.0 81.0 7.0
1135.0 82.0 7.0
1135.0 82.0 7.0
1135.0 82.0 7.0
1163.0 84.0 7.0
1163.0 84.0 7.0
1163.0 84.0 7.0
1177.0 85.0 7.0
1177.0 85.0 7.0
1177.0 85.0 7.0
1177.0 85.0 7.0
1177.0 85.0 7.0
1177.0 85.0 7.0
1205.0 87.0 7.0
1205.0 87.0 7.0
1205.0 87.0 7.0
1219.0 88.0 7.0
1219.0 88.0 7.0
1219.0 88.0 7.0
1233.0 89.0 7.0
1233.0 89.0 7.0
1233.0 89.0 7.0
1247.0 90.0 7.0
1261.0 91.0 7.0
1275.0 92.0 7.0
1303.0 94.0 7.0
1303.0 94.0 7.0
1303.0 94.0 7.0
1303.0 94.0 7.0
1303.0 94.0 7.0
1317.0 95.0 7.0
1317.0 95.0 7.0
1317.0 95.0 7.0
1317.0 95.0 7.0
1317.0 95.0 7.0
1331.0 96.0 7.0
1331.0 96.0 7.0
1345.0 97.0 7.0
1345.0 97.0 7.0
1359.0 98.0 7.0
1373.0 99.0 7.0
1373.0 99.0 7.0
1387.0 100.0 7.0
1401.0 101.0 7.0
1415.0 102.0 7.0
1415.0 102.0 7.0
1415.0 102.0 7.0
1429.0 103.0 7.0
1429.0 103.0 7.0
1443.0 104.0 7.0
1457.0 105.0 7.0
1485.0 107.0 7.0
1499.0 108.0 7.0
1499.0 108.0 7.0
1513.0 109.0 7.0
1527.0 110.0 7.0
1569.0 113.0 7.0
1597.0 115.0 7.0
1611.0 116.0 7.0
1625.0 117.0 7.0
1625.0 117.0 7.0
1667.0 120.0 7.0
1709.0 123.0 7.0
1723.0 124.0 7.0
2045.0 147.0 7.0
