rev2
9423.0 674.0 7.0
9689.0 693.0 7.0
9717.0 695.0 7.0
9787.0 700.0 7.0
9913.0 709.0 7.0
9983.0 714.0 7.0
9983.0 714.0 7.0
10095.0 722.0 7.0
10193.0 729.0 7.0
10305.0 737.0 7.0
10361.0 741.0 7.0
10403.0 744.0 7.0
10431.0 746.0 7.0
10585.0 757.0 7.0
10585.0 757.0 7.0
10641.0 761.0 7.0
10683.0 764.0 7.0
10725.0 767.0 7.0
10725.0 767.0 7.0
10739.0 768.0 7.0
10767.0 770.0 7.0
10781.0 771.0 7.0
10781.0 771.0 7.0
10795.0 772.0 7.0
10809.0 773.0 7.0
10809.0 773.0 7.0
10823.0 774.0 7.0
10879.0 778.0 7.0
10935.0 782.0 7.0
10935.0 782.0 7.0
10977.0 785.0 7.0
10991.0 786.0 7.0
11005.0 787.0 7.0
11019.0 788.0 7.0
11019.0 788.0 7.0
11019.0 788.0 7.0
11033.0 789.0 7.0
11047.0 790.0 7.0
11061.0 791.0 7.0
11075.0 792.0 7.0
11103.0 794.0 7.0
11131.0 796.0 7.0
11187.0 800.0 7.0
11215.0 802.0 7.0
11215.0 802.0 7.0
11215.0 802.0 7.0
11243.0 804.0 7.0
11243.0 804.0 7.0
11257.0 805.0 7.0
11257.0 805.0 7.0
11257.0 805.0 7.0
11341.0 811.0 7.0
11425.0 817.0 7.0
11439.0 818.0 7.0
11453.0 819.0 7.0
11467.0 820.0 7.0
11523.0 824.0 7.0
11579.0 828.0 7.0
11593.0 829.0 7.0
11607.0 830.0 7.0
11677.0 835.0 7.0
11677.0 835.0 7.0
11775.0 842.0 7.0
11845.0 847.0 7.0
11859.0 848.0 7.0
11999.0 858.0 7.0
12027.0 860.0 7.0
12055.0 862.0 7.0
12055.0 862.0 7.0
12083.0 864.0 7.0
12265.0 877.0 7.0
12307.0 880.0 7.0
12363.0 884.0 7.0
12405.0 887.0 7.0
12461.0 891.0 7.0
12489.0 893.0 7.0
12531.0 896.0 7.0
12531.0 896.0 7.0
12601.0 901.0 7.0
12615.0 902.0 7.0
12615.0 902.0 7.0
12629.0 903.0 7.0
12713.0 909.0 7.0
12727.0 910.0 7.0
12797.0 915.0 7.0
12839.0 918.0 7.0
12965.0 927.0 7.0
13049.0 933.0 7.0
13063.0 934.0 7.0
13287.0 950.0 7.0
13455.0 962.0 7.0
13623.0 974.0 7.0
13763.0 984.0 7.0
13819.0 988.0 7.0
13861.0 991.0 7.0
13875.0 992.0 7.0
14155.0 1012.0 7.0
14561.0 1041.0 7.0
14855.0 1062.0 7.0
14897.0 1065.0 7.0
