rev2
1784665.0 127477.0 7.0
1838845.0 131347.0 7.0
1844361.0 131741.0 7.0
1861889.0 132993.0 7.0
1868525.0 133467.0 7.0
1874335.0 133882.0 7.0
1887957.0 134855.0 7.0
1893291.0 135236.0 7.0
1907753.0 136269.0 7.0
1914529.0 136753.0 7.0
1920941.0 137211.0 7.0
1923601.0 137401.0 7.0
1923881.0 137421.0 7.0
1931161.0 137941.0 7.0
1932911.0 138066.0 7.0
1949445.0 139247.0 7.0
1949683.0 139264.0 7.0
1955997.0 139715.0 7.0
1959357.0 139955.0 7.0
1962143.0 140154.0 7.0
1966861.0 140491.0 7.0
1967169.0 140513.0 7.0
1968583.0 140614.0 7.0
1978257.0 141305.0 7.0
1981295.0 141522.0 7.0
1981421.0 141531.0 7.0
1994539.0 142468.0 7.0
1994931.0 142496.0 7.0
1996695.0 142622.0 7.0
1997871.0 142706.0 7.0
2000321.0 142881.0 7.0
2007125.0 143367.0 7.0
2012837.0 143775.0 7.0
2013411.0 143816.0 7.0
2016491.0 144036.0 7.0
2020257.0 144305.0 7.0
2020887.0 144350.0 7.0
2021419.0 144388.0 7.0
2022973.0 144499.0 7.0
2024499.0 144608.0 7.0
2026515.0 144752.0 7.0
2028293.0 144879.0 7.0
2028909.0 144923.0 7.0
2031121.0 145081.0 7.0
2037477.0 145535.0 7.0
2042685.0 145907.0 7.0
2044631.0 146046.0 7.0
2047011.0 146216.0 7.0
2047403.0 146244.0 7.0
2050749.0 146483.0 7.0
2051995.0 146572.0 7.0
2054571.0 146756.0 7.0
2060507.0 147180.0 7.0
2065155.0 147512.0 7.0
2066681.0 147621.0 7.0
2068277.0 147735.0 7.0
2074451.0 148176.0 7.0
2079981.0 148571.0 7.0
2084657.0 148905.0 7.0
2091195.0 149372.0 7.0
2099385.0 149957.0 7.0
2100953.0 150069.0 7.0
2109437.0 150675.0 7.0
2114491.0 151036.0 7.0
2114967.0 151070.0 7.0
2115849.0 151133.0 7.0
2119559.0 151398.0 7.0
2125789.0 151843.0 7.0
2133083.0 152364.0 7.0
2138389.0 152743.0 7.0
2141357.0 152955.0 7.0
2151311.0 153666.0 7.0
2156001.0 154001.0 7.0
2159501.0 154251.0 7.0
2168755.0 154912.0 7.0
2172269.0 155163.0 7.0
2176931.0 155496.0 7.0
2178877.0 155635.0 7.0
2182741.0 155911.0 7.0
2182839.0 155918.0 7.0
2184365.0 156027.0 7.0
2185079.0 156078.0 7.0
2185317.0 156095.0 7.0
2192275.0 156592.0 7.0
2198421.0 157031.0 7.0
2200773.0 157199.0 7.0
2200801.0 157201.0 7.0
2208305.0 157737.0 7.0
2217363.0 158384.0 7.0
2235465.0 159677.0 7.0
2250067.0 160720.0 7.0
2297457.0 164105.0 7.0
2301041.0 164361.0 7.0
2330091.0 166436.0 7.0
2354535.0 168182.0 7.0
2377243.0 169804.0 7.0
2449637.0 174975.0 7.0
2452619.0 175188.0 7.0
2554707.0 182480.0 7.0
2819475.0 201392.0 7.0
