rev2
92247.0 6590.0 7.0
92275.0 6592.0 7.0
94683.0 6764.0 7.0
94865.0 6777.0 7.0
96223.0 6874.0 7.0
96293.0 6879.0 7.0
96825.0 6917.0 7.0
96853.0 6919.0 7.0
96923.0 6924.0 7.0
97441.0 6961.0 7.0
97609.0 6973.0 7.0
97637.0 6975.0 7.0
98295.0 7022.0 7.0
98477.0 7035.0 7.0
98687.0 7050.0 7.0
98729.0 7053.0 7.0
99149.0 7083.0 7.0
99541.0 7111.0 7.0
99821.0 7131.0 7.0
101011.0 7216.0 7.0
101067.0 7220.0 7.0
101123.0 7224.0 7.0
101137.0 7225.0 7.0
101249.0 7233.0 7.0
101879.0 7278.0 7.0
102019.0 7288.0 7.0
102033.0 7289.0 7.0
102173.0 7299.0 7.0
102733.0 7339.0 7.0
102985.0 7357.0 7.0
103237.0 7375.0 7.0
103307.0 7380.0 7.0
103419.0 7388.0 7.0
103433.0 7389.0 7.0
103545.0 7397.0 7.0
103587.0 7400.0 7.0
104175.0 7442.0 7.0
104861.0 7491.0 7.0
104875.0 7492.0 7.0
104931.0 7496.0 7.0
105099.0 7508.0 7.0
105365.0 7527.0 7.0
105365.0 7527.0 7.0
105421.0 7531.0 7.0
106149.0 7583.0 7.0
106177.0 7585.0 7.0
106667.0 7620.0 7.0
106751.0 7626.0 7.0
107185.0 7657.0 7.0
107493.0 7679.0 7.0
107745.0 7697.0 7.0
107801.0 7701.0 7.0
107871.0 7706.0 7.0
108067.0 7720.0 7.0
108095.0 7722.0 7.0
108179.0 7728.0 7.0
108277.0 7735.0 7.0
108375.0 7742.0 7.0
108683.0 7764.0 7.0
108879.0 7778.0 7.0
108977.0 7785.0 7.0
109061.0 7791.0 7.0
110517.0 7895.0 7.0
111091.0 7936.0 7.0
111749.0 7983.0 7.0
111931.0 7996.0 7.0
111973.0 7999.0 7.0
112211.0 8016.0 7.0
112225.0 8017.0 7.0
112701.0 8051.0 7.0
113135.0 8082.0 7.0
113373.0 8099.0 7.0
113485.0 8107.0 7.0
113597.0 8115.0 7.0
114381.0 8171.0 7.0
114871.0 8206.0 7.0
114955.0 8212.0 7.0
115305.0 8237.0 7.0
116369.0 8313.0 7.0
116481.0 8321.0 7.0
116537.0 8325.0 7.0
116733.0 8339.0 7.0
117993.0 8429.0 7.0
118119.0 8438.0 7.0
118147.0 8440.0 7.0
118651.0 8476.0 7.0
118973.0 8499.0 7.0
119407.0 8530.0 7.0
119603.0 8544.0 7.0
119715.0 8552.0 7.0
119995.0 8572.0 7.0
121199.0 8658.0 7.0
123019.0 8788.0 7.0
127149.0 9083.0 7.0
128255.0 9162.0 7.0
128423.0 9174.0 7.0
130061.0 9291.0 7.0
135647.0 9690.0 7.0
139497.0 9965.0 7.0
149325.0 10667.0 7.0
