rev2
3.4039363E7 2431384.0 7.0
3.4195365E7 2442527.0 7.0
3.5036387E7 2502600.0 7.0
3.5141289E7 2510093.0 7.0
3.5321763E7 2522984.0 7.0
3.5426763E7 2530484.0 7.0
3.5460727E7 2532910.0 7.0
3.5570123E7 2540724.0 7.0
3.5583759E7 2541698.0 7.0
3.5703067E7 2550220.0 7.0
3.5914061E7 2565291.0 7.0
3.5925009E7 2566073.0 7.0
3.5966127E7 2569010.0 7.0
3.5970775E7 2569342.0 7.0
3.6002821E7 2571631.0 7.0
3.6034419E7 2573888.0 7.0
3.6092239E7 2578018.0 7.0
3.6120729E7 2580053.0 7.0
3.6149821E7 2582131.0 7.0
3.6171507E7 2583680.0 7.0
3.6207207E7 2586230.0 7.0
3.6232911E7 2588066.0 7.0
3.6517769E7 2608413.0 7.0
3.6638729E7 2617053.0 7.0
3.6689969E7 2620713.0 7.0
3.6739235E7 2624232.0 7.0
3.6771561E7 2626541.0 7.0
3.6850269E7 2632163.0 7.0
3.6865879E7 2633278.0 7.0
3.6880915E7 2634352.0 7.0
3.6954583E7 2639614.0 7.0
3.7059905E7 2647137.0 7.0
3.7152837E7 2653775.0 7.0
3.7200563E7 2657184.0 7.0
3.7240113E7 2660009.0 7.0
3.7313725E7 2665267.0 7.0
3.7374121E7 2669581.0 7.0
3.7445731E7 2674696.0 7.0
3.7549611E7 2682116.0 7.0
3.7564031E7 2683146.0 7.0
3.7583169E7 2684513.0 7.0
3.7640513E7 2688609.0 7.0
3.7653407E7 2689530.0 7.0
3.7683115E7 2691652.0 7.0
3.7761823E7 2697274.0 7.0
3.7930747E7 2709340.0 7.0
3.7967245E7 2711947.0 7.0
3.7999977E7 2714285.0 7.0
3.8057909E7 2718423.0 7.0
3.8207625E7 2729117.0 7.0
3.8418115E7 2744152.0 7.0
3.8443595E7 2745972.0 7.0
3.8536331E7 2752596.0 7.0
3.8710659E7 2765048.0 7.0
3.8711009E7 2765073.0 7.0
3.8737189E7 2766943.0 7.0
3.8810773E7 2772199.0 7.0
3.9018043E7 2787004.0 7.0
3.9222779E7 2801628.0 7.0
3.9336501E7 2809751.0 7.0
3.9485223E7 2820374.0 7.0
3.9557715E7 2825552.0 7.0
3.9647119E7 2831938.0 7.0
3.9691485E7 2835107.0 7.0
3.9756067E7 2839720.0 7.0
3.9801777E7 2842985.0 7.0
3.9943429E7 2853103.0 7.0
3.9946789E7 2853343.0 7.0
4.0054981E7 2861071.0 7.0
4.0129755E7 2866412.0 7.0
4.0140493E7 2867179.0 7.0
4.0222435E7 2873032.0 7.0
4.0360083E7 2882864.0 7.0
4.0388531E7 2884896.0 7.0
4.0428711E7 2887766.0 7.0
4.0431119E7 2887938.0 7.0
4.0623129E7 2901653.0 7.0
4.0657079E7 2904078.0 7.0
4.0798283E7 2914164.0 7.0
4.0839877E7 2917135.0 7.0
4.1219067E7 2944220.0 7.0
4.1289613E7 2949259.0 7.0
4.1321169E7 2951513.0 7.0
4.1378317E7 2955595.0 7.0
4.1608631E7 2972046.0 7.0
4.1612033E7 2972289.0 7.0
4.1677945E7 2976997.0 7.0
4.1922483E7 2994464.0 7.0
4.2232359E7 3016598.0 7.0
4.2279987E7 3020000.0 7.0
4.2368579E7 3026328.0 7.0
4.2399421E7 3028531.0 7.0
4.2488167E7 3034870.0 7.0
4.2631863E7 3045134.0 7.0
4.2746845E7 3053347.0 7.0
4.3069839E7 3076418.0 7.0
4.3494557E7 3106755.0 7.0
4.5141055E7 3224362.0 7.0
4.6891111E7 3349366.0 7.0
4.8838805E7 3488487.0 7.0
