rev2
857585.0 61257.0 7.0
872999.0 62358.0 7.0
879551.0 62826.0 7.0
889169.0 63513.0 7.0
903869.0 64563.0 7.0
918317.0 65595.0 7.0
918611.0 65616.0 7.0
924589.0 66043.0 7.0
925513.0 66109.0 7.0
925849.0 66133.0 7.0
930581.0 66471.0 7.0
934291.0 66736.0 7.0
935915.0 66852.0 7.0
936909.0 66923.0 7.0
937679.0 66978.0 7.0
940395.0 67172.0 7.0
942313.0 67309.0 7.0
944455.0 67462.0 7.0
944819.0 67488.0 7.0
945015.0 67502.0 7.0
945729.0 67553.0 7.0
947927.0 67710.0 7.0
948375.0 67742.0 7.0
949691.0 67836.0 7.0
954955.0 68212.0 7.0
957909.0 68423.0 7.0
958021.0 68431.0 7.0
959323.0 68524.0 7.0
960387.0 68600.0 7.0
962529.0 68753.0 7.0
964167.0 68870.0 7.0
965315.0 68952.0 7.0
966351.0 69026.0 7.0
967135.0 69082.0 7.0
967247.0 69090.0 7.0
969333.0 69239.0 7.0
969893.0 69279.0 7.0
974359.0 69598.0 7.0
981541.0 70111.0 7.0
982381.0 70171.0 7.0
983067.0 70220.0 7.0
985055.0 70362.0 7.0
986119.0 70438.0 7.0
986637.0 70475.0 7.0
988037.0 70575.0 7.0
989731.0 70696.0 7.0
990053.0 70719.0 7.0
990851.0 70776.0 7.0
992209.0 70873.0 7.0
992601.0 70901.0 7.0
993469.0 70963.0 7.0
994827.0 71060.0 7.0
995765.0 71127.0 7.0
996591.0 71186.0 7.0
996619.0 71188.0 7.0
999195.0 71372.0 7.0
1002163.0 71584.0 7.0
1003591.0 71686.0 7.0
1007735.0 71982.0 7.0
1007819.0 71988.0 7.0
1011991.0 72286.0 7.0
1013153.0 72369.0 7.0
1015841.0 72561.0 7.0
1016779.0 72628.0 7.0
1017661.0 72691.0 7.0
1018207.0 72730.0 7.0
1019985.0 72857.0 7.0
1020713.0 72909.0 7.0
1020741.0 72911.0 7.0
1034223.0 73874.0 7.0
1037247.0 74090.0 7.0
1037499.0 74108.0 7.0
1037611.0 74116.0 7.0
1037639.0 74118.0 7.0
1039571.0 74256.0 7.0
1039585.0 74257.0 7.0
1040033.0 74289.0 7.0
1046599.0 74758.0 7.0
1047999.0 74858.0 7.0
1052591.0 75186.0 7.0
1055419.0 75388.0 7.0
1058541.0 75611.0 7.0
1059325.0 75667.0 7.0
1059605.0 75687.0 7.0
1060445.0 75747.0 7.0
1061929.0 75853.0 7.0
1067585.0 76257.0 7.0
1068201.0 76301.0 7.0
1069041.0 76361.0 7.0
1073073.0 76649.0 7.0
1074417.0 76745.0 7.0
1075327.0 76810.0 7.0
1096495.0 78322.0 7.0
1104587.0 78900.0 7.0
1108521.0 79181.0 7.0
1123697.0 80265.0 7.0
1173523.0 83824.0 7.0
1182903.0 84494.0 7.0
1191891.0 85136.0 7.0
1211883.0 86564.0 7.0
