rev4
43.0 4.0 7.0
57.0 5.0 7.0
57.0 5.0 7.0
57.0 5.0 7.0
57.0 5.0 7.0
57.0 5.0 7.0
64.0 6.0 7.0
71.0 6.0 7.0
71.0 6.0 7.0
71.0 6.0 7.0
71.0 6.0 7.0
71.0 6.0 7.0
71.0 6.0 7.0
71.0 6.0 7.0
71.0 6.0 7.0
71.0 6.0 7.0
71.0 6.0 7.0
71.0 6.0 7.0
71.0 6.0 7.0
71.0 6.0 7.0
71.0 6.0 7.0
71.0 6.0 7.0
71.0 6.0 7.0
71.0 6.0 7.0
71.0 6.0 7.0
71.0 6.0 7.0
71.0 6.0 7.0
71.0 6.0 7.0
71.0 6.0 7.0
71.0 6.0 7.0
71.0 6.0 7.0
85.0 7.0 7.0
85.0 7.0 7.0
85.0 7.0 7.0
85.0 7.0 7.0
85.0 7.0 7.0
85.0 7.0 7.0
85.0 7.0 7.0
85.0 7.0 7.0
85.0 7.0 7.0
85.0 7.0 7.0
85.0 7.0 7.0
85.0 7.0 7.0
85.0 7.0 7.0
85.0 7.0 7.0
85.0 7.0 7.0
85.0 7.0 7.0
85.0 7.0 7.0
85.0 7.0 7.0
98.0 8.0 7.0
99.0 8.0 7.0
99.0 8.0 7.0
99.0 8.0 7.0
99.0 8.0 7.0
99.0 8.0 7.0
99.0 8.0 7.0
99.0 8.0 7.0
99.0 8.0 7.0
99.0 8.0 7.0
99.0 8.0 7.0
99.0 8.0 7.0
99.0 8.0 7.0
112.0 9.0 7.0
113.0 9.0 7.0
113.0 9.0 7.0
113.0 9.0 7.0
113.0 9.0 7.0
113.0 9.0 7.0
113.0 9.0 7.0
113.0 9.0 7.0
113.0 9.0 7.0
113.0 9.0 7.0
113.0 9.0 7.0
113.0 9.0 7.0
113.0 9.0 7.0
113.0 9.0 7.0
113.0 9.0 7.0
113.0 9.0 7.0
113.0 9.0 7.0
113.0 9.0 7.0
113.0 9.0 7.0
113.0 9.0 7.0
113.0 9.0 7.0
127.0 10.0 7.0
127.0 10.0 7.0
127.0 10.0 7.0
127.0 10.0 7.0
127.0 10.0 7.0
127.0 10.0 7.0
127.0 10.0 7.0
127.0 10.0 7.0
127.0 10.0 7.0
127.0 10.0 7.0
141.0 11.0 7.0
141.0 11.0 7.0
141.0 11.0 7.0
155.0 12.0 7.0
155.0 12.0 7.0
169.0 13.0 7.0
169.0 13.0 7.0
