rev2
1.6528877E7 1180635.0 7.0
1.6952293E7 1210879.0 7.0
1.6974441E7 1212461.0 7.0
1.6977927E7 1212710.0 7.0
1.7004093E7 1214579.0 7.0
1.7040913E7 1217209.0 7.0
1.7055529E7 1218253.0 7.0
1.7127363E7 1223384.0 7.0
1.7212217E7 1229445.0 7.0
1.7291989E7 1235143.0 7.0
1.7395855E7 1242562.0 7.0
1.7431149E7 1245083.0 7.0
1.7449615E7 1246402.0 7.0
1.7449909E7 1246423.0 7.0
1.7457469E7 1246963.0 7.0
1.7461837E7 1247275.0 7.0
1.7465113E7 1247509.0 7.0
1.7492525E7 1249467.0 7.0
1.7496711E7 1249766.0 7.0
1.7590105E7 1256437.0 7.0
1.7613401E7 1258101.0 7.0
1.7673951E7 1262426.0 7.0
1.7712353E7 1265169.0 7.0
1.7719983E7 1265714.0 7.0
1.7748193E7 1267729.0 7.0
1.7761787E7 1268700.0 7.0
1.7793147E7 1270940.0 7.0
1.7821791E7 1272986.0 7.0
1.7828329E7 1273453.0 7.0
1.7828791E7 1273486.0 7.0
1.7845913E7 1274709.0 7.0
1.7906253E7 1279019.0 7.0
1.7913575E7 1279542.0 7.0
1.7927001E7 1280501.0 7.0
1.7991149E7 1285083.0 7.0
1.8017077E7 1286935.0 7.0
1.8035347E7 1288240.0 7.0
1.8077697E7 1291265.0 7.0
1.8087273E7 1291949.0 7.0
1.8116687E7 1294050.0 7.0
1.8123687E7 1294550.0 7.0
1.8134075E7 1295292.0 7.0
1.8136091E7 1295436.0 7.0
1.8158519E7 1297038.0 7.0
1.8175347E7 1298240.0 7.0
1.8177251E7 1298376.0 7.0
1.8237549E7 1302683.0 7.0
1.8237969E7 1302713.0 7.0
1.8240377E7 1302885.0 7.0
1.8289335E7 1306382.0 7.0
1.8305547E7 1307540.0 7.0
1.8308277E7 1307735.0 7.0
1.8314101E7 1308151.0 7.0
1.8361435E7 1311532.0 7.0
1.8361883E7 1311564.0 7.0
1.8387461E7 1313391.0 7.0
1.8393943E7 1313854.0 7.0
1.8407383E7 1314814.0 7.0
1.8413263E7 1315234.0 7.0
1.8474695E7 1319622.0 7.0
1.8476515E7 1319752.0 7.0
1.8482591E7 1320186.0 7.0
1.8583405E7 1327387.0 7.0
1.8695391E7 1335386.0 7.0
1.8739631E7 1338546.0 7.0
1.8761023E7 1340074.0 7.0
1.8788211E7 1342016.0 7.0
1.8789471E7 1342106.0 7.0
1.8802939E7 1343068.0 7.0
1.8804339E7 1343168.0 7.0
1.8805501E7 1343251.0 7.0
1.8981873E7 1355849.0 7.0
1.9044509E7 1360323.0 7.0
1.9073895E7 1362422.0 7.0
1.9092445E7 1363747.0 7.0
1.9094615E7 1363902.0 7.0
1.9197431E7 1371246.0 7.0
1.9275845E7 1376847.0 7.0
1.9297713E7 1378409.0 7.0
1.9305497E7 1378965.0 7.0
1.9341463E7 1381534.0 7.0
1.9349499E7 1382108.0 7.0
1.9405415E7 1386102.0 7.0
1.9440765E7 1388627.0 7.0
1.9545373E7 1396099.0 7.0
1.9594471E7 1399606.0 7.0
1.9606917E7 1400495.0 7.0
1.9646005E7 1403287.0 7.0
1.9904487E7 1421750.0 7.0
1.9962475E7 1425892.0 7.0
2.0117217E7 1436945.0 7.0
2.0133751E7 1438126.0 7.0
2.0304495E7 1450322.0 7.0
2.0347265E7 1453377.0 7.0
2.0446091E7 1460436.0 7.0
2.0961277E7 1497235.0 7.0
2.1137145E7 1509797.0 7.0
2.1338843E7 1524204.0 7.0
2.1625787E7 1544700.0 7.0
2.1673583E7 1548114.0 7.0
