rev2
7.0675613E7 5048259.0 7.0
7.2613031E7 5186646.0 7.0
7.3637859E7 5259848.0 7.0
7.3649745E7 5260697.0 7.0
7.4037965E7 5288427.0 7.0
7.4083451E7 5291676.0 7.0
7.4106131E7 5293296.0 7.0
7.4351215E7 5310802.0 7.0
7.4397415E7 5314102.0 7.0
7.4597825E7 5328417.0 7.0
7.4709027E7 5336360.0 7.0
7.4728305E7 5337737.0 7.0
7.4912615E7 5350902.0 7.0
7.5118205E7 5365587.0 7.0
7.5133829E7 5366703.0 7.0
7.5140535E7 5367182.0 7.0
7.5200399E7 5371458.0 7.0
7.5259325E7 5375667.0 7.0
7.5340147E7 5381440.0 7.0
7.5391163E7 5385084.0 7.0
7.6090995E7 5435072.0 7.0
7.6121067E7 5437220.0 7.0
7.6181365E7 5441527.0 7.0
7.6266471E7 5447606.0 7.0
7.6443809E7 5460273.0 7.0
7.6710705E7 5479337.0 7.0
7.6884291E7 5491736.0 7.0
7.6974409E7 5498173.0 7.0
7.7049967E7 5503570.0 7.0
7.7213809E7 5515273.0 7.0
7.7213823E7 5515274.0 7.0
7.7230651E7 5516476.0 7.0
7.7266155E7 5519012.0 7.0
7.7277607E7 5519830.0 7.0
7.7547275E7 5539092.0 7.0
7.7633739E7 5545268.0 7.0
7.7647361E7 5546241.0 7.0
7.7647543E7 5546254.0 7.0
7.7712643E7 5550904.0 7.0
7.7908965E7 5564927.0 7.0
7.7919185E7 5565657.0 7.0
7.8003605E7 5571687.0 7.0
7.8029239E7 5573518.0 7.0
7.8140707E7 5581480.0 7.0
7.8147217E7 5581945.0 7.0
7.8215985E7 5586857.0 7.0
7.8263837E7 5590275.0 7.0
7.8409773E7 5600699.0 7.0
7.8624001E7 5616001.0 7.0
7.8793821E7 5628131.0 7.0
7.8797993E7 5628429.0 7.0
7.8809557E7 5629255.0 7.0
7.8865557E7 5633255.0 7.0
7.9054557E7 5646755.0 7.0
7.9097537E7 5649825.0 7.0
7.9140167E7 5652870.0 7.0
7.9163071E7 5654506.0 7.0
7.9292963E7 5663784.0 7.0
7.9299697E7 5664265.0 7.0
7.9604897E7 5686065.0 7.0
7.9647583E7 5689114.0 7.0
7.9723477E7 5694535.0 7.0
7.9758995E7 5697072.0 7.0
7.9806875E7 5700492.0 7.0
7.9809367E7 5700670.0 7.0
7.9824249E7 5701733.0 7.0
8.0152087E7 5725150.0 7.0
8.0205203E7 5728944.0 7.0
8.0268091E7 5733436.0 7.0
8.0369017E7 5740645.0 7.0
8.0692039E7 5763718.0 7.0
8.1350795E7 5810772.0 7.0
8.1369919E7 5812138.0 7.0
8.1563105E7 5825937.0 7.0
8.1618475E7 5829892.0 7.0
8.1632209E7 5830873.0 7.0
8.2357115E7 5882652.0 7.0
8.2415985E7 5886857.0 7.0
8.2744495E7 5910322.0 7.0
8.3022549E7 5930183.0 7.0
8.3264007E7 5947430.0 7.0
8.3273541E7 5948111.0 7.0
8.3710551E7 5979326.0 7.0
8.3934131E7 5995296.0 7.0
8.4416837E7 6029775.0 7.0
8.5134869E7 6081063.0 7.0
8.5190015E7 6085002.0 7.0
8.5305319E7 6093238.0 7.0
8.5310205E7 6093587.0 7.0
8.5567063E7 6111934.0 7.0
8.6055845E7 6146847.0 7.0
8.7003393E7 6214529.0 7.0
8.8407173E7 6314799.0 7.0
8.9116707E7 6365480.0 7.0
8.9302851E7 6378776.0 7.0
8.9559177E7 6397085.0 7.0
8.9795651E7 6413976.0 7.0
9.0212025E7 6443717.0 7.0
9.0215441E7 6443961.0 7.0
9.0933655E7 6495262.0 7.0
