rev2
1709.0 123.0 7.0
1975.0 142.0 7.0
2003.0 144.0 7.0
2087.0 150.0 7.0
2115.0 152.0 7.0
2129.0 153.0 7.0
2185.0 157.0 7.0
2213.0 159.0 7.0
2227.0 160.0 7.0
2227.0 160.0 7.0
2241.0 161.0 7.0
2241.0 161.0 7.0
2255.0 162.0 7.0
2255.0 162.0 7.0
2283.0 164.0 7.0
2297.0 165.0 7.0
2297.0 165.0 7.0
2297.0 165.0 7.0
2297.0 165.0 7.0
2311.0 166.0 7.0
2311.0 166.0 7.0
2325.0 167.0 7.0
2339.0 168.0 7.0
2339.0 168.0 7.0
2353.0 169.0 7.0
2353.0 169.0 7.0
2353.0 169.0 7.0
2381.0 171.0 7.0
2381.0 171.0 7.0
2381.0 171.0 7.0
2395.0 172.0 7.0
2395.0 172.0 7.0
2423.0 174.0 7.0
2423.0 174.0 7.0
2437.0 175.0 7.0
2437.0 175.0 7.0
2437.0 175.0 7.0
2451.0 176.0 7.0
2451.0 176.0 7.0
2465.0 177.0 7.0
2465.0 177.0 7.0
2465.0 177.0 7.0
2479.0 178.0 7.0
2493.0 179.0 7.0
2493.0 179.0 7.0
2507.0 180.0 7.0
2507.0 180.0 7.0
2507.0 180.0 7.0
2535.0 182.0 7.0
2563.0 184.0 7.0
2563.0 184.0 7.0
2577.0 185.0 7.0
2577.0 185.0 7.0
2591.0 186.0 7.0
2605.0 187.0 7.0
2605.0 187.0 7.0
2619.0 188.0 7.0
2619.0 188.0 7.0
2619.0 188.0 7.0
2633.0 189.0 7.0
2661.0 191.0 7.0
2661.0 191.0 7.0
2675.0 192.0 7.0
2675.0 192.0 7.0
2703.0 194.0 7.0
2717.0 195.0 7.0
2717.0 195.0 7.0
2731.0 196.0 7.0
2745.0 197.0 7.0
2745.0 197.0 7.0
2745.0 197.0 7.0
2773.0 199.0 7.0
2773.0 199.0 7.0
2801.0 201.0 7.0
2801.0 201.0 7.0
2815.0 202.0 7.0
2829.0 203.0 7.0
2843.0 204.0 7.0
2843.0 204.0 7.0
2857.0 205.0 7.0
2885.0 207.0 7.0
2885.0 207.0 7.0
2899.0 208.0 7.0
2927.0 210.0 7.0
2941.0 211.0 7.0
2983.0 214.0 7.0
3039.0 218.0 7.0
3053.0 219.0 7.0
3067.0 220.0 7.0
3095.0 222.0 7.0
3137.0 225.0 7.0
3137.0 225.0 7.0
3137.0 225.0 7.0
3151.0 226.0 7.0
3151.0 226.0 7.0
3207.0 230.0 7.0
3221.0 231.0 7.0
3515.0 252.0 7.0
3823.0 274.0 7.0
4537.0 325.0 7.0
