rev4
113.0 9.0 7.0
120.0 10.0 7.0
127.0 10.0 7.0
127.0 10.0 7.0
134.0 11.0 7.0
141.0 11.0 7.0
141.0 11.0 7.0
141.0 11.0 7.0
141.0 11.0 7.0
141.0 11.0 7.0
141.0 11.0 7.0
154.0 12.0 7.0
155.0 12.0 7.0
155.0 12.0 7.0
155.0 12.0 7.0
155.0 12.0 7.0
155.0 12.0 7.0
155.0 12.0 7.0
162.0 13.0 7.0
162.0 13.0 7.0
169.0 13.0 7.0
169.0 13.0 7.0
169.0 13.0 7.0
169.0 13.0 7.0
169.0 13.0 7.0
169.0 13.0 7.0
169.0 13.0 7.0
169.0 13.0 7.0
169.0 13.0 7.0
176.0 14.0 7.0
182.0 14.0 7.0
182.0 14.0 7.0
183.0 14.0 7.0
183.0 14.0 7.0
183.0 14.0 7.0
183.0 14.0 7.0
183.0 14.0 7.0
183.0 14.0 7.0
183.0 14.0 7.0
183.0 14.0 7.0
183.0 14.0 7.0
183.0 14.0 7.0
183.0 14.0 7.0
183.0 14.0 7.0
183.0 14.0 7.0
197.0 15.0 7.0
197.0 15.0 7.0
197.0 15.0 7.0
197.0 15.0 7.0
197.0 15.0 7.0
197.0 15.0 7.0
197.0 15.0 7.0
197.0 15.0 7.0
197.0 15.0 7.0
197.0 15.0 7.0
197.0 15.0 7.0
197.0 15.0 7.0
197.0 15.0 7.0
197.0 15.0 7.0
197.0 15.0 7.0
204.0 16.0 7.0
209.0 16.0 7.0
210.0 16.0 7.0
210.0 16.0 7.0
211.0 16.0 7.0
211.0 16.0 7.0
211.0 16.0 7.0
211.0 16.0 7.0
211.0 16.0 7.0
217.0 17.0 7.0
224.0 17.0 7.0
224.0 17.0 7.0
225.0 17.0 7.0
225.0 17.0 7.0
225.0 17.0 7.0
225.0 17.0 7.0
225.0 17.0 7.0
225.0 17.0 7.0
225.0 17.0 7.0
239.0 18.0 7.0
239.0 18.0 7.0
239.0 18.0 7.0
239.0 18.0 7.0
239.0 18.0 7.0
239.0 18.0 7.0
252.0 19.0 7.0
253.0 19.0 7.0
253.0 19.0 7.0
267.0 20.0 7.0
267.0 20.0 7.0
281.0 21.0 7.0
281.0 21.0 7.0
281.0 21.0 7.0
281.0 21.0 7.0
309.0 23.0 7.0
309.0 23.0 7.0
323.0 24.0 7.0
323.0 24.0 7.0
337.0 25.0 7.0
365.0 27.0 7.0
