rev2
401591.0 28686.0 7.0
402921.0 28781.0 7.0
415661.0 29691.0 7.0
419665.0 29977.0 7.0
419903.0 29994.0 7.0
420687.0 30050.0 7.0
424537.0 30325.0 7.0
425349.0 30383.0 7.0
425503.0 30394.0 7.0
427883.0 30564.0 7.0
430991.0 30786.0 7.0
435611.0 31116.0 7.0
436535.0 31182.0 7.0
437193.0 31229.0 7.0
439657.0 31405.0 7.0
440973.0 31499.0 7.0
441029.0 31503.0 7.0
443675.0 31692.0 7.0
445257.0 31805.0 7.0
445439.0 31818.0 7.0
445733.0 31839.0 7.0
445747.0 31840.0 7.0
445761.0 31841.0 7.0
446475.0 31892.0 7.0
447343.0 31954.0 7.0
447679.0 31978.0 7.0
447917.0 31995.0 7.0
448099.0 32008.0 7.0
448449.0 32033.0 7.0
448841.0 32061.0 7.0
451319.0 32238.0 7.0
453293.0 32379.0 7.0
453391.0 32386.0 7.0
453937.0 32425.0 7.0
454385.0 32457.0 7.0
455631.0 32546.0 7.0
456653.0 32619.0 7.0
457031.0 32646.0 7.0
457073.0 32649.0 7.0
457969.0 32713.0 7.0
458487.0 32750.0 7.0
458515.0 32752.0 7.0
461553.0 32969.0 7.0
463345.0 33097.0 7.0
464633.0 33189.0 7.0
464927.0 33210.0 7.0
466187.0 33300.0 7.0
467083.0 33364.0 7.0
467447.0 33390.0 7.0
467811.0 33416.0 7.0
467867.0 33420.0 7.0
469253.0 33519.0 7.0
471101.0 33651.0 7.0
472179.0 33728.0 7.0
476225.0 34017.0 7.0
476323.0 34024.0 7.0
476897.0 34065.0 7.0
478521.0 34181.0 7.0
478535.0 34182.0 7.0
479109.0 34223.0 7.0
479515.0 34252.0 7.0
481909.0 34423.0 7.0
482119.0 34438.0 7.0
482469.0 34463.0 7.0
482679.0 34478.0 7.0
484065.0 34577.0 7.0
484527.0 34610.0 7.0
485521.0 34681.0 7.0
487845.0 34847.0 7.0
489553.0 34969.0 7.0
490953.0 35069.0 7.0
491695.0 35122.0 7.0
495629.0 35403.0 7.0
498695.0 35622.0 7.0
500193.0 35729.0 7.0
501803.0 35844.0 7.0
502027.0 35860.0 7.0
502097.0 35865.0 7.0
502293.0 35879.0 7.0
502363.0 35884.0 7.0
505947.0 36140.0 7.0
510567.0 36470.0 7.0
512709.0 36623.0 7.0
512723.0 36624.0 7.0
512877.0 36635.0 7.0
516097.0 36865.0 7.0
518631.0 37046.0 7.0
522635.0 37332.0 7.0
523643.0 37404.0 7.0
526065.0 37577.0 7.0
527325.0 37667.0 7.0
535053.0 38219.0 7.0
536999.0 38358.0 7.0
541689.0 38693.0 7.0
550537.0 39325.0 7.0
554975.0 39642.0 7.0
557201.0 39801.0 7.0
558531.0 39896.0 7.0
560393.0 40029.0 7.0
634495.0 45322.0 7.0
