rev2
1.49030309E8 1.0645023E7 7.0
1.50984639E8 1.0784618E7 7.0
1.51635653E8 1.0831119E7 7.0
1.52521167E8 1.089437E7 7.0
1.52693857E8 1.0906705E7 7.0
1.53134227E8 1.093816E7 7.0
1.53432581E8 1.0959471E7 7.0
1.54872635E8 1.1062332E7 7.0
1.54883163E8 1.1063084E7 7.0
1.55144683E8 1.1081764E7 7.0
1.55162995E8 1.1083072E7 7.0
1.55327453E8 1.1094819E7 7.0
1.55455231E8 1.1103946E7 7.0
1.55598213E8 1.1114159E7 7.0
1.55753641E8 1.1125261E7 7.0
1.56146999E8 1.1153358E7 7.0
1.56266391E8 1.1161886E7 7.0
1.56887501E8 1.1206251E7 7.0
1.57162741E8 1.1225911E7 7.0
1.57769599E8 1.1269258E7 7.0
1.58383947E8 1.131314E7 7.0
1.58625349E8 1.1330383E7 7.0
1.58633833E8 1.1330989E7 7.0
1.58694341E8 1.1335311E7 7.0
1.59202975E8 1.1371642E7 7.0
1.59813711E8 1.1415266E7 7.0
1.59897249E8 1.1421233E7 7.0
1.59948265E8 1.1424877E7 7.0
1.60461813E8 1.1461559E7 7.0
1.60535005E8 1.1466787E7 7.0
1.60901301E8 1.1492951E7 7.0
1.60950511E8 1.1496466E7 7.0
1.61271951E8 1.1519426E7 7.0
1.61272427E8 1.151946E7 7.0
1.61457311E8 1.1532666E7 7.0
1.61507627E8 1.153626E7 7.0
1.61750471E8 1.1553606E7 7.0
1.61828087E8 1.155915E7 7.0
1.62122955E8 1.1580212E7 7.0
1.62262437E8 1.1590175E7 7.0
1.63083271E8 1.1648806E7 7.0
1.63277969E8 1.1662713E7 7.0
1.63636439E8 1.1688318E7 7.0
1.63872801E8 1.1705201E7 7.0
1.63967539E8 1.1711968E7 7.0
1.64233637E8 1.1730975E7 7.0
1.64901647E8 1.177869E7 7.0
1.64910243E8 1.1779304E7 7.0
1.65809939E8 1.1843568E7 7.0
1.65921183E8 1.1851514E7 7.0
1.66420843E8 1.1887204E7 7.0
1.66553843E8 1.1896704E7 7.0
1.66744593E8 1.1910329E7 7.0
1.66771417E8 1.1912245E7 7.0
1.66791633E8 1.1913689E7 7.0
1.66886973E8 1.1920499E7 7.0
1.66927209E8 1.1923373E7 7.0
1.67169059E8 1.1940648E7 7.0
1.67185173E8 1.1941799E7 7.0
1.67485011E8 1.1963216E7 7.0
1.67521999E8 1.1965858E7 7.0
1.67716095E8 1.1979722E7 7.0
1.67925311E8 1.1994666E7 7.0
1.68946583E8 1.2067614E7 7.0
1.69329763E8 1.2094984E7 7.0
1.69674947E8 1.211964E7 7.0
1.70162973E8 1.2154499E7 7.0
1.70851703E8 1.2203694E7 7.0
1.71828147E8 1.227344E7 7.0
1.71920309E8 1.2280023E7 7.0
1.71972235E8 1.2283732E7 7.0
1.72456425E8 1.2318317E7 7.0
1.72772419E8 1.2340888E7 7.0
1.72878147E8 1.234844E7 7.0
1.73098059E8 1.2364148E7 7.0
1.73880757E8 1.2420055E7 7.0
1.73931437E8 1.2423675E7 7.0
1.74104043E8 1.2436004E7 7.0
1.74126401E8 1.2437601E7 7.0
1.74337297E8 1.2452665E7 7.0
1.77418823E8 1.2672774E7 7.0
1.77859851E8 1.2704276E7 7.0
1.77888537E8 1.2706325E7 7.0
1.78097697E8 1.2721265E7 7.0
1.78527987E8 1.2752E7 7.0
1.78759043E8 1.2768504E7 7.0
1.79592561E8 1.2828041E7 7.0
1.80520607E8 1.289433E7 7.0
1.80593421E8 1.2899531E7 7.0
1.80708305E8 1.2907737E7 7.0
1.80721255E8 1.2908662E7 7.0
1.84802101E8 1.3200151E7 7.0
1.85223123E8 1.3230224E7 7.0
1.85987033E8 1.3284789E7 7.0
1.87160275E8 1.3368592E7 7.0
1.87995207E8 1.342823E7 7.0
1.91492813E8 1.3678059E7 7.0
1.99160319E8 1.4225738E7 7.0
2.00300185E8 1.4307157E7 7.0
2.31735407E8 1.655253E7 7.0
