rev2
20063.0 1434.0 7.0
20511.0 1466.0 7.0
20525.0 1467.0 7.0
20637.0 1475.0 7.0
20847.0 1490.0 7.0
21127.0 1510.0 7.0
21253.0 1519.0 7.0
21309.0 1523.0 7.0
21449.0 1533.0 7.0
21645.0 1547.0 7.0
21659.0 1548.0 7.0
21687.0 1550.0 7.0
21715.0 1552.0 7.0
21729.0 1553.0 7.0
21785.0 1557.0 7.0
21911.0 1566.0 7.0
21925.0 1567.0 7.0
21981.0 1571.0 7.0
21981.0 1571.0 7.0
22023.0 1574.0 7.0
22065.0 1577.0 7.0
22149.0 1583.0 7.0
22163.0 1584.0 7.0
22247.0 1590.0 7.0
22303.0 1594.0 7.0
22331.0 1596.0 7.0
22457.0 1605.0 7.0
22513.0 1609.0 7.0
22555.0 1612.0 7.0
22737.0 1625.0 7.0
22793.0 1629.0 7.0
22891.0 1636.0 7.0
22989.0 1643.0 7.0
23199.0 1658.0 7.0
23227.0 1660.0 7.0
23255.0 1662.0 7.0
23339.0 1668.0 7.0
23381.0 1671.0 7.0
23395.0 1672.0 7.0
23409.0 1673.0 7.0
23409.0 1673.0 7.0
23437.0 1675.0 7.0
23507.0 1680.0 7.0
23661.0 1691.0 7.0
23675.0 1692.0 7.0
23731.0 1696.0 7.0
23787.0 1700.0 7.0
23815.0 1702.0 7.0
23885.0 1707.0 7.0
23899.0 1708.0 7.0
24039.0 1718.0 7.0
24151.0 1726.0 7.0
24207.0 1730.0 7.0
24249.0 1733.0 7.0
24249.0 1733.0 7.0
24361.0 1741.0 7.0
24459.0 1748.0 7.0
24501.0 1751.0 7.0
24599.0 1758.0 7.0
24683.0 1764.0 7.0
24725.0 1767.0 7.0
24795.0 1772.0 7.0
24907.0 1780.0 7.0
24935.0 1782.0 7.0
24963.0 1784.0 7.0
24977.0 1785.0 7.0
25019.0 1788.0 7.0
25159.0 1798.0 7.0
25201.0 1801.0 7.0
25285.0 1807.0 7.0
25313.0 1809.0 7.0
25327.0 1810.0 7.0
25369.0 1813.0 7.0
25523.0 1824.0 7.0
25565.0 1827.0 7.0
25565.0 1827.0 7.0
25593.0 1829.0 7.0
25607.0 1830.0 7.0
25635.0 1832.0 7.0
25943.0 1854.0 7.0
26055.0 1862.0 7.0
26321.0 1881.0 7.0
26559.0 1898.0 7.0
26587.0 1900.0 7.0
26643.0 1904.0 7.0
26881.0 1921.0 7.0
27091.0 1936.0 7.0
27371.0 1956.0 7.0
27469.0 1963.0 7.0
27609.0 1973.0 7.0
27973.0 1999.0 7.0
28015.0 2002.0 7.0
28253.0 2019.0 7.0
28323.0 2024.0 7.0
29275.0 2092.0 7.0
29415.0 2102.0 7.0
29457.0 2105.0 7.0
30451.0 2176.0 7.0
32229.0 2303.0 7.0
33139.0 2368.0 7.0
