rev2
323.0 24.0 7.0
351.0 26.0 7.0
379.0 28.0 7.0
379.0 28.0 7.0
393.0 29.0 7.0
393.0 29.0 7.0
393.0 29.0 7.0
407.0 30.0 7.0
421.0 31.0 7.0
421.0 31.0 7.0
421.0 31.0 7.0
435.0 32.0 7.0
435.0 32.0 7.0
463.0 34.0 7.0
463.0 34.0 7.0
463.0 34.0 7.0
477.0 35.0 7.0
477.0 35.0 7.0
477.0 35.0 7.0
477.0 35.0 7.0
477.0 35.0 7.0
477.0 35.0 7.0
477.0 35.0 7.0
477.0 35.0 7.0
477.0 35.0 7.0
477.0 35.0 7.0
491.0 36.0 7.0
505.0 37.0 7.0
505.0 37.0 7.0
505.0 37.0 7.0
519.0 38.0 7.0
519.0 38.0 7.0
519.0 38.0 7.0
519.0 38.0 7.0
519.0 38.0 7.0
519.0 38.0 7.0
519.0 38.0 7.0
519.0 38.0 7.0
519.0 38.0 7.0
519.0 38.0 7.0
533.0 39.0 7.0
533.0 39.0 7.0
533.0 39.0 7.0
533.0 39.0 7.0
547.0 40.0 7.0
547.0 40.0 7.0
547.0 40.0 7.0
547.0 40.0 7.0
547.0 40.0 7.0
547.0 40.0 7.0
547.0 40.0 7.0
561.0 41.0 7.0
561.0 41.0 7.0
561.0 41.0 7.0
561.0 41.0 7.0
575.0 42.0 7.0
575.0 42.0 7.0
575.0 42.0 7.0
575.0 42.0 7.0
575.0 42.0 7.0
575.0 42.0 7.0
575.0 42.0 7.0
589.0 43.0 7.0
589.0 43.0 7.0
589.0 43.0 7.0
589.0 43.0 7.0
589.0 43.0 7.0
603.0 44.0 7.0
603.0 44.0 7.0
617.0 45.0 7.0
617.0 45.0 7.0
617.0 45.0 7.0
617.0 45.0 7.0
631.0 46.0 7.0
659.0 48.0 7.0
659.0 48.0 7.0
659.0 48.0 7.0
659.0 48.0 7.0
659.0 48.0 7.0
673.0 49.0 7.0
673.0 49.0 7.0
687.0 50.0 7.0
687.0 50.0 7.0
701.0 51.0 7.0
715.0 52.0 7.0
715.0 52.0 7.0
743.0 54.0 7.0
743.0 54.0 7.0
743.0 54.0 7.0
743.0 54.0 7.0
757.0 55.0 7.0
757.0 55.0 7.0
771.0 56.0 7.0
785.0 57.0 7.0
785.0 57.0 7.0
799.0 58.0 7.0
813.0 59.0 7.0
827.0 60.0 7.0
1079.0 78.0 7.0
1079.0 78.0 7.0
