rev4
2980.0 214.0 7.0
3023.0 217.0 7.0
3205.0 230.0 7.0
3222.0 232.0 7.0
3226.0 232.0 7.0
3258.0 235.0 7.0
3287.0 236.0 7.0
3290.0 237.0 7.0
3328.0 239.0 7.0
3365.0 242.0 7.0
3366.0 242.0 7.0
3385.0 244.0 7.0
3395.0 244.0 7.0
3406.0 246.0 7.0
3428.0 247.0 7.0
3434.0 248.0 7.0
3439.0 247.0 7.0
3455.0 249.0 7.0
3495.0 253.0 7.0
3495.0 252.0 7.0
3499.0 251.0 7.0
3503.0 252.0 7.0
3504.0 252.0 7.0
3511.0 254.0 7.0
3517.0 253.0 7.0
3579.0 257.0 7.0
3590.0 259.0 7.0
3594.0 260.0 7.0
3630.0 262.0 7.0
3637.0 262.0 7.0
3640.0 261.0 7.0
3645.0 262.0 7.0
3660.0 264.0 7.0
3663.0 263.0 7.0
3671.0 264.0 7.0
3672.0 265.0 7.0
3689.0 266.0 7.0
3693.0 265.0 7.0
3717.0 267.0 7.0
3722.0 269.0 7.0
3723.0 269.0 7.0
3724.0 268.0 7.0
3743.0 270.0 7.0
3749.0 269.0 7.0
3755.0 270.0 7.0
3759.0 271.0 7.0
3776.0 272.0 7.0
3815.0 274.0 7.0
3825.0 275.0 7.0
3829.0 276.0 7.0
3841.0 276.0 7.0
3855.0 277.0 7.0
3858.0 277.0 7.0
3874.0 278.0 7.0
3884.0 279.0 7.0
3909.0 282.0 7.0
3911.0 281.0 7.0
3919.0 282.0 7.0
3955.0 284.0 7.0
3969.0 285.0 7.0
3990.0 286.0 7.0
4012.0 288.0 7.0
4024.0 289.0 7.0
4042.0 290.0 7.0
4043.0 291.0 7.0
4043.0 291.0 7.0
4078.0 294.0 7.0
4138.0 297.0 7.0
4148.0 298.0 7.0
4149.0 299.0 7.0
4175.0 300.0 7.0
4176.0 300.0 7.0
4189.0 302.0 7.0
4189.0 301.0 7.0
4242.0 305.0 7.0
4281.0 307.0 7.0
4288.0 309.0 7.0
4295.0 310.0 7.0
4389.0 316.0 7.0
4393.0 317.0 7.0
4431.0 319.0 7.0
4435.0 319.0 7.0
4456.0 321.0 7.0
4473.0 321.0 7.0
4507.0 325.0 7.0
4543.0 326.0 7.0
4553.0 327.0 7.0
4576.0 330.0 7.0
4589.0 329.0 7.0
4625.0 332.0 7.0
4702.0 339.0 7.0
4703.0 338.0 7.0
4778.0 344.0 7.0
4786.0 344.0 7.0
4869.0 352.0 7.0
4884.0 351.0 7.0
4924.0 355.0 7.0
5214.0 377.0 7.0
5499.0 397.0 7.0
6186.0 444.0 7.0
