rev4
2.21904778E8 1.5918943E7 7.0
2.21993886E8 1.5925438E7 7.0
2.22108938E8 1.5933735E7 7.0
2.22427923E8 1.5956526E7 7.0
2.23242513E8 1.6014919E7 7.0
2.25282498E8 1.616095E7 7.0
2.25785847E8 1.6197561E7 7.0
2.25826097E8 1.6200458E7 7.0
2.26189754E8 1.6226007E7 7.0
2.26761482E8 1.6267595E7 7.0
2.27194579E8 1.6298259E7 7.0
2.27389535E8 1.631235E7 7.0
2.27554012E8 1.6324166E7 7.0
2.27781586E8 1.6340555E7 7.0
2.28550214E8 1.6395622E7 7.0
2.28851145E8 1.6417229E7 7.0
2.28926949E8 1.6422526E7 7.0
2.29161348E8 1.6439615E7 7.0
2.2994962E8 1.6496194E7 7.0
2.30038546E8 1.6502557E7 7.0
2.30837641E8 1.6559801E7 7.0
2.32302897E8 1.6664944E7 7.0
2.32457108E8 1.667598E7 7.0
2.3267517E8 1.6691779E7 7.0
2.32919018E8 1.6709202E7 7.0
2.33217545E8 1.6730288E7 7.0
2.33688187E8 1.6764065E7 7.0
2.33744608E8 1.676835E7 7.0
2.34257827E8 1.6804977E7 7.0
2.34272221E8 1.6806161E7 7.0
2.35341203E8 1.6882628E7 7.0
2.35575912E8 1.6899892E7 7.0
2.36691839E8 1.6979756E7 7.0
2.36779309E8 1.6985993E7 7.0
2.36802913E8 1.6987735E7 7.0
2.37286389E8 1.7022411E7 7.0
2.37564166E8 1.7042287E7 7.0
2.37632912E8 1.704739E7 7.0
2.37635164E8 1.704759E7 7.0
2.37664905E8 1.7049826E7 7.0
2.37782006E8 1.7058078E7 7.0
2.37894032E8 1.7066113E7 7.0
2.38131361E8 1.7083052E7 7.0
2.38212159E8 1.7088853E7 7.0
2.38346132E8 1.7098516E7 7.0
2.39654972E8 1.7192211E7 7.0
2.40062755E8 1.7221522E7 7.0
2.40080196E8 1.7222791E7 7.0
2.40516763E8 1.7254105E7 7.0
2.4070385E8 1.7267329E7 7.0
2.41080108E8 1.7294464E7 7.0
2.41278293E8 1.7308738E7 7.0
2.41676884E8 1.7337545E7 7.0
2.4249273E8 1.7396129E7 7.0
2.4263674E8 1.740607E7 7.0
2.43233298E8 1.7449093E7 7.0
2.43872554E8 1.7495039E7 7.0
2.44888718E8 1.7567874E7 7.0
2.4621119E8 1.7662985E7 7.0
2.46275646E8 1.7667713E7 7.0
2.46381357E8 1.7675136E7 7.0
2.46531537E8 1.7685593E7 7.0
2.46628848E8 1.7692771E7 7.0
2.46722981E8 1.7699049E7 7.0
2.46939402E8 1.7714498E7 7.0
2.47470555E8 1.775311E7 7.0
2.47513308E8 1.7756057E7 7.0
2.47718749E8 1.7771002E7 7.0
2.48510281E8 1.7827423E7 7.0
2.4859685E8 1.7834011E7 7.0
2.49119357E8 1.7871346E7 7.0
2.5052282E8 1.7971741E7 7.0
2.50739234E8 1.7987321E7 7.0
2.51089755E8 1.8012653E7 7.0
2.51578323E8 1.8047469E7 7.0
2.51970419E8 1.8075848E7 7.0
2.52413821E8 1.8107866E7 7.0
2.52535616E8 1.8116198E7 7.0
2.52686262E8 1.8127338E7 7.0
2.53289956E8 1.8170335E7 7.0
2.53455482E8 1.8182151E7 7.0
2.53773592E8 1.8205028E7 7.0
2.54444497E8 1.8253371E7 7.0
2.55110355E8 1.8300864E7 7.0
2.55398859E8 1.8321742E7 7.0
2.55972787E8 1.836313E7 7.0
2.56239889E8 1.8382158E7 7.0
2.56669364E8 1.8413088E7 7.0
2.5775944E8 1.8490996E7 7.0
2.59284464E8 1.8600403E7 7.0
2.60635929E8 1.86974E7 7.0
2.62007646E8 1.8795488E7 7.0
2.65656274E8 1.9057855E7 7.0
2.69259617E8 1.9316118E7 7.0
2.69835627E8 1.9356998E7 7.0
2.71686848E8 1.9490043E7 7.0
2.73623698E8 1.9629371E7 7.0
2.74076439E8 1.9661638E7 7.0
2.75918952E8 1.9793782E7 7.0
2.77960431E8 1.9940011E7 7.0
