rev2
189715.0 13552.0 7.0
194181.0 13871.0 7.0
195735.0 13982.0 7.0
196253.0 14019.0 7.0
196911.0 14066.0 7.0
197275.0 14092.0 7.0
197513.0 14109.0 7.0
200243.0 14304.0 7.0
202371.0 14456.0 7.0
202553.0 14469.0 7.0
204051.0 14576.0 7.0
204457.0 14605.0 7.0
205143.0 14654.0 7.0
205689.0 14693.0 7.0
207523.0 14824.0 7.0
207705.0 14837.0 7.0
207817.0 14845.0 7.0
209399.0 14958.0 7.0
210211.0 15016.0 7.0
210295.0 15022.0 7.0
211415.0 15102.0 7.0
211443.0 15104.0 7.0
211639.0 15118.0 7.0
211737.0 15125.0 7.0
211891.0 15136.0 7.0
213193.0 15229.0 7.0
213361.0 15241.0 7.0
214229.0 15303.0 7.0
215041.0 15361.0 7.0
215223.0 15374.0 7.0
215601.0 15401.0 7.0
216133.0 15439.0 7.0
216441.0 15461.0 7.0
216553.0 15469.0 7.0
216637.0 15475.0 7.0
216693.0 15479.0 7.0
217547.0 15540.0 7.0
217575.0 15542.0 7.0
217673.0 15549.0 7.0
217729.0 15553.0 7.0
217995.0 15572.0 7.0
219311.0 15666.0 7.0
219493.0 15679.0 7.0
219647.0 15690.0 7.0
219759.0 15698.0 7.0
221831.0 15846.0 7.0
222517.0 15895.0 7.0
223077.0 15935.0 7.0
224855.0 16062.0 7.0
225373.0 16099.0 7.0
225807.0 16130.0 7.0
225821.0 16131.0 7.0
226311.0 16166.0 7.0
226353.0 16169.0 7.0
226717.0 16195.0 7.0
226759.0 16198.0 7.0
226787.0 16200.0 7.0
228047.0 16290.0 7.0
228187.0 16300.0 7.0
228201.0 16301.0 7.0
228313.0 16309.0 7.0
229209.0 16373.0 7.0
229377.0 16385.0 7.0
229391.0 16386.0 7.0
230203.0 16444.0 7.0
230259.0 16448.0 7.0
230483.0 16464.0 7.0
230525.0 16467.0 7.0
231169.0 16513.0 7.0
231365.0 16527.0 7.0
231561.0 16541.0 7.0
232485.0 16607.0 7.0
232765.0 16627.0 7.0
233409.0 16673.0 7.0
235817.0 16845.0 7.0
236181.0 16871.0 7.0
236237.0 16875.0 7.0
238477.0 17035.0 7.0
238687.0 17050.0 7.0
238967.0 17070.0 7.0
241053.0 17219.0 7.0
241291.0 17236.0 7.0
243237.0 17375.0 7.0
243531.0 17396.0 7.0
243587.0 17400.0 7.0
244315.0 17452.0 7.0
244679.0 17478.0 7.0
245393.0 17529.0 7.0
248655.0 17762.0 7.0
252267.0 18020.0 7.0
253779.0 18128.0 7.0
254437.0 18175.0 7.0
255641.0 18261.0 7.0
260275.0 18592.0 7.0
262221.0 18731.0 7.0
269081.0 19221.0 7.0
271839.0 19418.0 7.0
284187.0 20300.0 7.0
293063.0 20934.0 7.0
324983.0 23214.0 7.0
