rev2
42561.0 3041.0 7.0
43261.0 3091.0 7.0
44423.0 3174.0 7.0
45319.0 3238.0 7.0
45949.0 3283.0 7.0
46033.0 3289.0 7.0
46243.0 3304.0 7.0
46355.0 3312.0 7.0
46607.0 3330.0 7.0
46635.0 3332.0 7.0
46775.0 3342.0 7.0
46789.0 3343.0 7.0
46901.0 3351.0 7.0
46971.0 3356.0 7.0
47041.0 3361.0 7.0
47083.0 3364.0 7.0
47461.0 3391.0 7.0
47489.0 3393.0 7.0
47531.0 3396.0 7.0
47699.0 3408.0 7.0
47797.0 3415.0 7.0
47937.0 3425.0 7.0
47965.0 3427.0 7.0
48077.0 3435.0 7.0
48147.0 3440.0 7.0
48175.0 3442.0 7.0
48231.0 3446.0 7.0
48231.0 3446.0 7.0
48301.0 3451.0 7.0
48609.0 3473.0 7.0
48735.0 3482.0 7.0
48749.0 3483.0 7.0
48805.0 3487.0 7.0
48833.0 3489.0 7.0
48903.0 3494.0 7.0
48931.0 3496.0 7.0
49057.0 3505.0 7.0
49267.0 3520.0 7.0
49421.0 3531.0 7.0
49435.0 3532.0 7.0
49463.0 3534.0 7.0
49519.0 3538.0 7.0
49617.0 3545.0 7.0
49631.0 3546.0 7.0
49911.0 3566.0 7.0
49981.0 3571.0 7.0
50009.0 3573.0 7.0
50037.0 3575.0 7.0
50135.0 3582.0 7.0
50177.0 3585.0 7.0
50177.0 3585.0 7.0
50233.0 3589.0 7.0
50359.0 3598.0 7.0
50387.0 3600.0 7.0
50709.0 3623.0 7.0
50961.0 3641.0 7.0
51325.0 3667.0 7.0
51535.0 3682.0 7.0
51633.0 3689.0 7.0
51759.0 3698.0 7.0
51871.0 3706.0 7.0
51955.0 3712.0 7.0
52319.0 3738.0 7.0
52851.0 3776.0 7.0
53075.0 3792.0 7.0
53075.0 3792.0 7.0
53145.0 3797.0 7.0
53243.0 3804.0 7.0
53285.0 3807.0 7.0
53299.0 3808.0 7.0
53439.0 3818.0 7.0
53481.0 3821.0 7.0
53495.0 3822.0 7.0
53509.0 3823.0 7.0
54013.0 3859.0 7.0
54195.0 3872.0 7.0
54209.0 3873.0 7.0
54335.0 3882.0 7.0
54377.0 3885.0 7.0
54741.0 3911.0 7.0
54755.0 3912.0 7.0
54909.0 3923.0 7.0
54923.0 3924.0 7.0
55399.0 3958.0 7.0
56043.0 4004.0 7.0
56113.0 4009.0 7.0
56155.0 4012.0 7.0
56337.0 4025.0 7.0
56603.0 4044.0 7.0
56995.0 4072.0 7.0
57149.0 4083.0 7.0
57569.0 4113.0 7.0
58157.0 4155.0 7.0
58549.0 4183.0 7.0
58829.0 4203.0 7.0
59095.0 4222.0 7.0
59235.0 4232.0 7.0
59305.0 4237.0 7.0
60173.0 4299.0 7.0
62847.0 4490.0 7.0
