rev2
1.7590399E7 1256458.0 7.0
1.7600115E7 1257152.0 7.0
1.7630775E7 1259342.0 7.0
1.7644159E7 1260298.0 7.0
1.8162845E7 1297347.0 7.0
1.8221673E7 1301549.0 7.0
1.8533033E7 1323789.0 7.0
1.8555937E7 1325425.0 7.0
1.8591231E7 1327946.0 7.0
1.8601661E7 1328691.0 7.0
1.8611993E7 1329429.0 7.0
1.8681545E7 1334397.0 7.0
1.8708019E7 1336288.0 7.0
1.8803849E7 1343133.0 7.0
1.8925243E7 1351804.0 7.0
1.8925873E7 1351849.0 7.0
1.9015333E7 1358239.0 7.0
1.9058621E7 1361331.0 7.0
1.9069597E7 1362115.0 7.0
1.9080321E7 1362881.0 7.0
1.9082603E7 1363044.0 7.0
1.9093971E7 1363856.0 7.0
1.9140325E7 1367167.0 7.0
1.9169039E7 1369218.0 7.0
1.9179329E7 1369953.0 7.0
1.9202639E7 1371618.0 7.0
1.9222659E7 1373048.0 7.0
1.9231129E7 1373653.0 7.0
1.9257225E7 1375517.0 7.0
1.9288767E7 1377770.0 7.0
1.9306757E7 1379055.0 7.0
1.9317229E7 1379803.0 7.0
1.9324915E7 1380352.0 7.0
1.9345929E7 1381853.0 7.0
1.9387425E7 1384817.0 7.0
1.9412919E7 1386638.0 7.0
1.9424497E7 1387465.0 7.0
1.9436915E7 1388352.0 7.0
1.9482359E7 1391598.0 7.0
1.9523603E7 1394544.0 7.0
1.9558645E7 1397047.0 7.0
1.9631459E7 1402248.0 7.0
1.9653873E7 1403849.0 7.0
1.9712463E7 1408034.0 7.0
1.9723901E7 1408851.0 7.0
1.9729795E7 1409272.0 7.0
1.9838057E7 1417005.0 7.0
1.9860723E7 1418624.0 7.0
1.9883991E7 1420286.0 7.0
1.9906727E7 1421910.0 7.0
1.9914105E7 1422437.0 7.0
1.9916163E7 1422584.0 7.0
1.9996299E7 1428308.0 7.0
2.0027813E7 1430559.0 7.0
2.0054329E7 1432453.0 7.0
2.0090631E7 1435046.0 7.0
2.0173735E7 1440982.0 7.0
2.0183787E7 1441700.0 7.0
2.0185047E7 1441790.0 7.0
2.0197227E7 1442660.0 7.0
2.0202631E7 1443046.0 7.0
2.0218633E7 1444189.0 7.0
2.0220243E7 1444304.0 7.0
2.0250917E7 1446495.0 7.0
2.0283775E7 1448842.0 7.0
2.0359081E7 1454221.0 7.0
2.0416495E7 1458322.0 7.0
2.0439469E7 1459963.0 7.0
2.0458005E7 1461287.0 7.0
2.0500705E7 1464337.0 7.0
2.0596647E7 1471190.0 7.0
2.0606769E7 1471913.0 7.0
2.0629197E7 1473515.0 7.0
2.0774699E7 1483908.0 7.0
2.0852385E7 1489457.0 7.0
2.0862983E7 1490214.0 7.0
2.0867183E7 1490514.0 7.0
2.0991587E7 1499400.0 7.0
2.1033615E7 1502402.0 7.0
2.1064653E7 1504619.0 7.0
2.1100311E7 1507166.0 7.0
2.1131251E7 1509376.0 7.0
2.1169639E7 1512118.0 7.0
2.1192599E7 1513758.0 7.0
2.1320657E7 1522905.0 7.0
2.1398497E7 1528465.0 7.0
2.1477695E7 1534122.0 7.0
2.1746943E7 1553354.0 7.0
2.1758073E7 1554149.0 7.0
2.1863717E7 1561695.0 7.0
2.1887251E7 1563376.0 7.0
2.2172823E7 1583774.0 7.0
2.2263879E7 1590278.0 7.0
2.2371945E7 1597997.0 7.0
2.2431921E7 1602281.0 7.0
2.2611793E7 1615129.0 7.0
2.2638337E7 1617025.0 7.0
2.2904925E7 1636067.0 7.0
2.3349481E7 1667821.0 7.0
2.4190671E7 1727906.0 7.0
