rev2
217827.0 15560.0 7.0
221019.0 15788.0 7.0
226129.0 16153.0 7.0
228859.0 16348.0 7.0
232331.0 16596.0 7.0
234851.0 16776.0 7.0
235705.0 16837.0 7.0
236657.0 16905.0 7.0
236769.0 16913.0 7.0
236853.0 16919.0 7.0
236965.0 16927.0 7.0
237259.0 16948.0 7.0
237329.0 16953.0 7.0
238169.0 17013.0 7.0
238729.0 17053.0 7.0
239009.0 17073.0 7.0
239177.0 17085.0 7.0
240017.0 17145.0 7.0
240661.0 17191.0 7.0
242383.0 17314.0 7.0
242397.0 17315.0 7.0
242845.0 17347.0 7.0
243307.0 17380.0 7.0
244427.0 17460.0 7.0
244791.0 17486.0 7.0
244819.0 17488.0 7.0
245967.0 17570.0 7.0
245981.0 17571.0 7.0
246023.0 17574.0 7.0
246625.0 17617.0 7.0
247423.0 17674.0 7.0
248487.0 17750.0 7.0
248697.0 17765.0 7.0
249985.0 17857.0 7.0
250237.0 17875.0 7.0
251735.0 17982.0 7.0
252015.0 18002.0 7.0
252421.0 18031.0 7.0
252771.0 18056.0 7.0
252785.0 18057.0 7.0
254045.0 18147.0 7.0
254059.0 18148.0 7.0
255137.0 18225.0 7.0
255795.0 18272.0 7.0
258329.0 18453.0 7.0
258651.0 18476.0 7.0
258791.0 18486.0 7.0
259267.0 18520.0 7.0
259687.0 18550.0 7.0
260597.0 18615.0 7.0
260765.0 18627.0 7.0
261143.0 18654.0 7.0
262501.0 18751.0 7.0
262613.0 18759.0 7.0
263397.0 18815.0 7.0
263439.0 18818.0 7.0
264251.0 18876.0 7.0
264447.0 18890.0 7.0
264503.0 18894.0 7.0
265245.0 18947.0 7.0
266099.0 19008.0 7.0
267695.0 19122.0 7.0
268731.0 19196.0 7.0
268857.0 19205.0 7.0
268899.0 19208.0 7.0
269235.0 19232.0 7.0
269529.0 19253.0 7.0
269557.0 19255.0 7.0
269865.0 19277.0 7.0
270565.0 19327.0 7.0
270901.0 19351.0 7.0
270929.0 19353.0 7.0
271097.0 19365.0 7.0
271335.0 19382.0 7.0
272903.0 19494.0 7.0
273085.0 19507.0 7.0
273575.0 19542.0 7.0
273645.0 19547.0 7.0
276935.0 19782.0 7.0
277425.0 19817.0 7.0
277775.0 19842.0 7.0
278391.0 19886.0 7.0
280491.0 20036.0 7.0
283277.0 20235.0 7.0
284467.0 20320.0 7.0
285405.0 20387.0 7.0
286665.0 20477.0 7.0
287407.0 20530.0 7.0
288331.0 20596.0 7.0
290109.0 20723.0 7.0
291355.0 20812.0 7.0
292027.0 20860.0 7.0
295387.0 21100.0 7.0
296017.0 21145.0 7.0
298705.0 21337.0 7.0
310577.0 22185.0 7.0
315799.0 22558.0 7.0
318305.0 22737.0 7.0
326509.0 23323.0 7.0
327223.0 23374.0 7.0
