rev2
4232131.0 302296.0 7.0
4240041.0 302861.0 7.0
4245739.0 303268.0 7.0
4269175.0 304942.0 7.0
4297819.0 306988.0 7.0
4313555.0 308112.0 7.0
4315123.0 308224.0 7.0
4319491.0 308536.0 7.0
4331741.0 309411.0 7.0
4339763.0 309984.0 7.0
4375127.0 312510.0 7.0
4384157.0 313155.0 7.0
4400999.0 314358.0 7.0
4405129.0 314653.0 7.0
4423889.0 315993.0 7.0
4425779.0 316128.0 7.0
4433199.0 316658.0 7.0
4435005.0 316787.0 7.0
4437651.0 316976.0 7.0
4444525.0 317467.0 7.0
4456215.0 318302.0 7.0
4470299.0 319308.0 7.0
4479679.0 319978.0 7.0
4488891.0 320636.0 7.0
4489619.0 320688.0 7.0
4489955.0 320712.0 7.0
4508085.0 322007.0 7.0
4510633.0 322189.0 7.0
4512257.0 322305.0 7.0
4515351.0 322526.0 7.0
4535105.0 323937.0 7.0
4538535.0 324182.0 7.0
4541461.0 324391.0 7.0
4556889.0 325493.0 7.0
4560977.0 325785.0 7.0
4563707.0 325980.0 7.0
4564981.0 326071.0 7.0
4594143.0 328154.0 7.0
4604853.0 328919.0 7.0
4609669.0 329263.0 7.0
4611713.0 329409.0 7.0
4617761.0 329841.0 7.0
4617985.0 329857.0 7.0
4624957.0 330355.0 7.0
4632811.0 330916.0 7.0
4652411.0 332316.0 7.0
4661161.0 332941.0 7.0
4661609.0 332973.0 7.0
4668343.0 333454.0 7.0
4670205.0 333587.0 7.0
4683015.0 334502.0 7.0
4689301.0 334951.0 7.0
4691317.0 335095.0 7.0
4702755.0 335912.0 7.0
4707249.0 336233.0 7.0
4742627.0 338760.0 7.0
4744461.0 338891.0 7.0
4747891.0 339136.0 7.0
4777879.0 341278.0 7.0
4779727.0 341410.0 7.0
4801833.0 342989.0 7.0
4804857.0 343205.0 7.0
4816015.0 344002.0 7.0
4818927.0 344210.0 7.0
4827817.0 344845.0 7.0
4831163.0 345084.0 7.0
4835321.0 345381.0 7.0
4872057.0 348005.0 7.0
4877517.0 348395.0 7.0
4883355.0 348812.0 7.0
4901765.0 350127.0 7.0
4912041.0 350861.0 7.0
4923731.0 351696.0 7.0
4926069.0 351863.0 7.0
4936163.0 352584.0 7.0
4943835.0 353132.0 7.0
4976721.0 355481.0 7.0
4978429.0 355603.0 7.0
4980487.0 355750.0 7.0
5009509.0 357823.0 7.0
5024027.0 358860.0 7.0
5061155.0 361512.0 7.0
5065467.0 361820.0 7.0
5092977.0 363785.0 7.0
5111471.0 365106.0 7.0
5119787.0 365700.0 7.0
5130399.0 366458.0 7.0
5147325.0 367667.0 7.0
5184579.0 370328.0 7.0
5239249.0 374233.0 7.0
5293247.0 378090.0 7.0
5318027.0 379860.0 7.0
5426989.0 387643.0 7.0
5570909.0 397923.0 7.0
5627119.0 401938.0 7.0
5671737.0 405125.0 7.0
5712183.0 408014.0 7.0
5744537.0 410325.0 7.0
6016487.0 429750.0 7.0
6548627.0 467760.0 7.0
