rev4
340453.0 24422.0 7.0
345235.0 24767.0 7.0
346242.0 24848.0 7.0
346907.0 24893.0 7.0
348248.0 24979.0 7.0
348513.0 24999.0 7.0
349309.0 25054.0 7.0
350827.0 25169.0 7.0
351142.0 25193.0 7.0
351336.0 25206.0 7.0
352245.0 25269.0 7.0
352321.0 25289.0 7.0
355745.0 25530.0 7.0
356407.0 25576.0 7.0
357665.0 25656.0 7.0
358417.0 25722.0 7.0
359724.0 25817.0 7.0
360193.0 25838.0 7.0
360410.0 25864.0 7.0
360430.0 25867.0 7.0
360590.0 25871.0 7.0
361423.0 25929.0 7.0
361437.0 25932.0 7.0
361691.0 25938.0 7.0
362891.0 26027.0 7.0
362971.0 26047.0 7.0
363603.0 26087.0 7.0
364965.0 26182.0 7.0
365344.0 26206.0 7.0
365901.0 26248.0 7.0
366164.0 26259.0 7.0
367774.0 26387.0 7.0
367945.0 26394.0 7.0
367997.0 26394.0 7.0
368255.0 26413.0 7.0
368330.0 26428.0 7.0
368333.0 26427.0 7.0
369050.0 26474.0 7.0
369159.0 26494.0 7.0
369907.0 26544.0 7.0
371194.0 26625.0 7.0
371803.0 26682.0 7.0
373355.0 26789.0 7.0
374973.0 26901.0 7.0
375576.0 26957.0 7.0
376133.0 26996.0 7.0
376205.0 26986.0 7.0
377063.0 27048.0 7.0
377872.0 27108.0 7.0
378018.0 27109.0 7.0
378162.0 27116.0 7.0
378362.0 27138.0 7.0
380908.0 27318.0 7.0
380915.0 27341.0 7.0
381934.0 27405.0 7.0
382165.0 27425.0 7.0
382602.0 27448.0 7.0
386483.0 27733.0 7.0
387209.0 27779.0 7.0
387363.0 27793.0 7.0
387948.0 27828.0 7.0
388194.0 27851.0 7.0
388980.0 27901.0 7.0
390616.0 28033.0 7.0
391220.0 28071.0 7.0
391858.0 28116.0 7.0
392082.0 28108.0 7.0
392152.0 28138.0 7.0
393312.0 28214.0 7.0
395972.0 28409.0 7.0
398464.0 28597.0 7.0
400372.0 28740.0 7.0
401407.0 28791.0 7.0
404016.0 28987.0 7.0
404620.0 29026.0 7.0
404641.0 29034.0 7.0
408052.0 29267.0 7.0
409181.0 29359.0 7.0
409565.0 29387.0 7.0
410517.0 29442.0 7.0
412340.0 29582.0 7.0
413548.0 29666.0 7.0
416217.0 29855.0 7.0
416563.0 29894.0 7.0
417117.0 29922.0 7.0
418312.0 30000.0 7.0
419085.0 30070.0 7.0
421924.0 30267.0 7.0
422040.0 30285.0 7.0
423700.0 30407.0 7.0
425188.0 30500.0 7.0
427091.0 30640.0 7.0
429490.0 30808.0 7.0
430136.0 30854.0 7.0
435083.0 31209.0 7.0
448216.0 32167.0 7.0
459462.0 32954.0 7.0
465579.0 33395.0 7.0
467137.0 33508.0 7.0
471831.0 33853.0 7.0
