rev4
709600.0 50913.0 7.0
710977.0 51013.0 7.0
711384.0 51036.0 7.0
719717.0 51619.0 7.0
720010.0 51671.0 7.0
722881.0 51837.0 7.0
726653.0 52135.0 7.0
726744.0 52134.0 7.0
727082.0 52157.0 7.0
728785.0 52303.0 7.0
730354.0 52378.0 7.0
730480.0 52412.0 7.0
733045.0 52586.0 7.0
733323.0 52611.0 7.0
741583.0 53196.0 7.0
742432.0 53260.0 7.0
743978.0 53371.0 7.0
744070.0 53367.0 7.0
744246.0 53391.0 7.0
744463.0 53402.0 7.0
745278.0 53472.0 7.0
745414.0 53468.0 7.0
745436.0 53491.0 7.0
746262.0 53541.0 7.0
746439.0 53549.0 7.0
748337.0 53676.0 7.0
749591.0 53789.0 7.0
751888.0 53950.0 7.0
752747.0 53997.0 7.0
757231.0 54333.0 7.0
757998.0 54395.0 7.0
758440.0 54397.0 7.0
759944.0 54531.0 7.0
761974.0 54664.0 7.0
763479.0 54759.0 7.0
767410.0 55055.0 7.0
769924.0 55232.0 7.0
771439.0 55347.0 7.0
776693.0 55726.0 7.0
776937.0 55736.0 7.0
777650.0 55805.0 7.0
777816.0 55798.0 7.0
779114.0 55890.0 7.0
781900.0 56082.0 7.0
783458.0 56199.0 7.0
783735.0 56216.0 7.0
784351.0 56261.0 7.0
785340.0 56339.0 7.0
790792.0 56718.0 7.0
790960.0 56754.0 7.0
792534.0 56862.0 7.0
793168.0 56915.0 7.0
793359.0 56897.0 7.0
793898.0 56967.0 7.0
793900.0 56972.0 7.0
794402.0 57012.0 7.0
794465.0 57007.0 7.0
795522.0 57067.0 7.0
795542.0 57075.0 7.0
800509.0 57424.0 7.0
801081.0 57488.0 7.0
802663.0 57569.0 7.0
805028.0 57745.0 7.0
805910.0 57817.0 7.0
806935.0 57894.0 7.0
808909.0 58029.0 7.0
810090.0 58110.0 7.0
811006.0 58187.0 7.0
811549.0 58194.0 7.0
812271.0 58275.0 7.0
815623.0 58501.0 7.0
817382.0 58627.0 7.0
817842.0 58680.0 7.0
819812.0 58814.0 7.0
821298.0 58921.0 7.0
823199.0 59048.0 7.0
824936.0 59178.0 7.0
827701.0 59367.0 7.0
828019.0 59409.0 7.0
829224.0 59487.0 7.0
830474.0 59588.0 7.0
834001.0 59825.0 7.0
836556.0 60036.0 7.0
837798.0 60110.0 7.0
841780.0 60391.0 7.0
841998.0 60404.0 7.0
842151.0 60406.0 7.0
854476.0 61299.0 7.0
860500.0 61725.0 7.0
861282.0 61773.0 7.0
861346.0 61789.0 7.0
866736.0 62206.0 7.0
871790.0 62550.0 7.0
873682.0 62682.0 7.0
875629.0 62826.0 7.0
886665.0 63597.0 7.0
894480.0 64184.0 7.0
900697.0 64616.0 7.0
916860.0 65787.0 7.0
991813.0 71150.0 7.0
