rev2
1093.0 79.0 7.0
1177.0 85.0 7.0
1247.0 90.0 7.0
1261.0 91.0 7.0
1303.0 94.0 7.0
1317.0 95.0 7.0
1317.0 95.0 7.0
1317.0 95.0 7.0
1317.0 95.0 7.0
1317.0 95.0 7.0
1331.0 96.0 7.0
1331.0 96.0 7.0
1331.0 96.0 7.0
1359.0 98.0 7.0
1359.0 98.0 7.0
1373.0 99.0 7.0
1387.0 100.0 7.0
1415.0 102.0 7.0
1415.0 102.0 7.0
1415.0 102.0 7.0
1429.0 103.0 7.0
1443.0 104.0 7.0
1443.0 104.0 7.0
1471.0 106.0 7.0
1471.0 106.0 7.0
1471.0 106.0 7.0
1485.0 107.0 7.0
1499.0 108.0 7.0
1499.0 108.0 7.0
1499.0 108.0 7.0
1513.0 109.0 7.0
1513.0 109.0 7.0
1513.0 109.0 7.0
1513.0 109.0 7.0
1541.0 111.0 7.0
1541.0 111.0 7.0
1555.0 112.0 7.0
1555.0 112.0 7.0
1555.0 112.0 7.0
1569.0 113.0 7.0
1583.0 114.0 7.0
1611.0 116.0 7.0
1625.0 117.0 7.0
1639.0 118.0 7.0
1639.0 118.0 7.0
1653.0 119.0 7.0
1653.0 119.0 7.0
1653.0 119.0 7.0
1681.0 121.0 7.0
1681.0 121.0 7.0
1681.0 121.0 7.0
1681.0 121.0 7.0
1695.0 122.0 7.0
1695.0 122.0 7.0
1695.0 122.0 7.0
1709.0 123.0 7.0
1709.0 123.0 7.0
1723.0 124.0 7.0
1737.0 125.0 7.0
1765.0 127.0 7.0
1779.0 128.0 7.0
1779.0 128.0 7.0
1793.0 129.0 7.0
1793.0 129.0 7.0
1807.0 130.0 7.0
1807.0 130.0 7.0
1821.0 131.0 7.0
1821.0 131.0 7.0
1821.0 131.0 7.0
1835.0 132.0 7.0
1835.0 132.0 7.0
1849.0 133.0 7.0
1849.0 133.0 7.0
1863.0 134.0 7.0
1891.0 136.0 7.0
1947.0 140.0 7.0
1961.0 141.0 7.0
1975.0 142.0 7.0
1975.0 142.0 7.0
1989.0 143.0 7.0
2003.0 144.0 7.0
2059.0 148.0 7.0
2101.0 151.0 7.0
2101.0 151.0 7.0
2101.0 151.0 7.0
2115.0 152.0 7.0
2157.0 155.0 7.0
2157.0 155.0 7.0
2157.0 155.0 7.0
2199.0 158.0 7.0
2269.0 163.0 7.0
2297.0 165.0 7.0
2297.0 165.0 7.0
2311.0 166.0 7.0
2367.0 170.0 7.0
2507.0 180.0 7.0
2563.0 184.0 7.0
2591.0 186.0 7.0
2871.0 206.0 7.0
4103.0 294.0 7.0
