rev4
77278.0 5545.0 7.0
78916.0 5662.0 7.0
80720.0 5787.0 7.0
81021.0 5810.0 7.0
81132.0 5814.0 7.0
81385.0 5845.0 7.0
81486.0 5849.0 7.0
81569.0 5848.0 7.0
81704.0 5864.0 7.0
81774.0 5865.0 7.0
82022.0 5887.0 7.0
82048.0 5889.0 7.0
82201.0 5899.0 7.0
82423.0 5915.0 7.0
82521.0 5918.0 7.0
83373.0 5981.0 7.0
83556.0 5988.0 7.0
83626.0 6000.0 7.0
83706.0 6011.0 7.0
83715.0 6003.0 7.0
84195.0 6043.0 7.0
84556.0 6062.0 7.0
84855.0 6087.0 7.0
85108.0 6109.0 7.0
85224.0 6114.0 7.0
85569.0 6141.0 7.0
85693.0 6157.0 7.0
85710.0 6152.0 7.0
85770.0 6154.0 7.0
85787.0 6151.0 7.0
86148.0 6182.0 7.0
86180.0 6182.0 7.0
86264.0 6197.0 7.0
86325.0 6193.0 7.0
86344.0 6203.0 7.0
86450.0 6200.0 7.0
86492.0 6209.0 7.0
86557.0 6208.0 7.0
86645.0 6214.0 7.0
87295.0 6258.0 7.0
87428.0 6276.0 7.0
87506.0 6275.0 7.0
87552.0 6280.0 7.0
88025.0 6310.0 7.0
88355.0 6336.0 7.0
88525.0 6354.0 7.0
88678.0 6358.0 7.0
88789.0 6372.0 7.0
88808.0 6369.0 7.0
88893.0 6374.0 7.0
89046.0 6392.0 7.0
89344.0 6406.0 7.0
89374.0 6409.0 7.0
89524.0 6427.0 7.0
89528.0 6426.0 7.0
89551.0 6425.0 7.0
89627.0 6430.0 7.0
90153.0 6479.0 7.0
90191.0 6471.0 7.0
90477.0 6494.0 7.0
90551.0 6504.0 7.0
90819.0 6513.0 7.0
90964.0 6529.0 7.0
90985.0 6528.0 7.0
91221.0 6540.0 7.0
91719.0 6581.0 7.0
91794.0 6588.0 7.0
92183.0 6613.0 7.0
92242.0 6619.0 7.0
92796.0 6660.0 7.0
92859.0 6661.0 7.0
92953.0 6669.0 7.0
93103.0 6678.0 7.0
94904.0 6818.0 7.0
95513.0 6853.0 7.0
95588.0 6853.0 7.0
95609.0 6867.0 7.0
96146.0 6897.0 7.0
96307.0 6906.0 7.0
96758.0 6940.0 7.0
96993.0 6960.0 7.0
97266.0 6978.0 7.0
97556.0 7001.0 7.0
98396.0 7069.0 7.0
98867.0 7090.0 7.0
99745.0 7153.0 7.0
100720.0 7225.0 7.0
100984.0 7242.0 7.0
101207.0 7256.0 7.0
101919.0 7313.0 7.0
101964.0 7315.0 7.0
102765.0 7373.0 7.0
103638.0 7439.0 7.0
104758.0 7522.0 7.0
104884.0 7524.0 7.0
104921.0 7532.0 7.0
106500.0 7636.0 7.0
107071.0 7686.0 7.0
111968.0 8030.0 7.0
112970.0 8104.0 7.0
