rev2
5405.0 387.0 7.0
5475.0 392.0 7.0
5573.0 399.0 7.0
5601.0 401.0 7.0
5657.0 405.0 7.0
5727.0 410.0 7.0
5755.0 412.0 7.0
5797.0 415.0 7.0
5811.0 416.0 7.0
5923.0 424.0 7.0
5937.0 425.0 7.0
5993.0 429.0 7.0
6007.0 430.0 7.0
6007.0 430.0 7.0
6035.0 432.0 7.0
6161.0 441.0 7.0
6175.0 442.0 7.0
6203.0 444.0 7.0
6203.0 444.0 7.0
6231.0 446.0 7.0
6245.0 447.0 7.0
6259.0 448.0 7.0
6329.0 453.0 7.0
6357.0 455.0 7.0
6385.0 457.0 7.0
6385.0 457.0 7.0
6399.0 458.0 7.0
6399.0 458.0 7.0
6413.0 459.0 7.0
6441.0 461.0 7.0
6455.0 462.0 7.0
6455.0 462.0 7.0
6483.0 464.0 7.0
6497.0 465.0 7.0
6497.0 465.0 7.0
6511.0 466.0 7.0
6525.0 467.0 7.0
6609.0 473.0 7.0
6609.0 473.0 7.0
6623.0 474.0 7.0
6665.0 477.0 7.0
6707.0 480.0 7.0
6721.0 481.0 7.0
6819.0 488.0 7.0
6833.0 489.0 7.0
6875.0 492.0 7.0
6917.0 495.0 7.0
6959.0 498.0 7.0
6973.0 499.0 7.0
6973.0 499.0 7.0
6987.0 500.0 7.0
7001.0 501.0 7.0
7015.0 502.0 7.0
7015.0 502.0 7.0
7029.0 503.0 7.0
7057.0 505.0 7.0
7057.0 505.0 7.0
7099.0 508.0 7.0
7141.0 511.0 7.0
7169.0 513.0 7.0
7197.0 515.0 7.0
7211.0 516.0 7.0
7253.0 519.0 7.0
7253.0 519.0 7.0
7281.0 521.0 7.0
7281.0 521.0 7.0
7295.0 522.0 7.0
7323.0 524.0 7.0
7351.0 526.0 7.0
7449.0 533.0 7.0
7491.0 536.0 7.0
7519.0 538.0 7.0
7547.0 540.0 7.0
7547.0 540.0 7.0
7561.0 541.0 7.0
7575.0 542.0 7.0
7575.0 542.0 7.0
7589.0 543.0 7.0
7687.0 550.0 7.0
7729.0 553.0 7.0
7813.0 559.0 7.0
7911.0 566.0 7.0
7953.0 569.0 7.0
8037.0 575.0 7.0
8051.0 576.0 7.0
8051.0 576.0 7.0
8051.0 576.0 7.0
8093.0 579.0 7.0
8191.0 586.0 7.0
8233.0 589.0 7.0
8387.0 600.0 7.0
8401.0 601.0 7.0
8443.0 604.0 7.0
8457.0 605.0 7.0
8485.0 607.0 7.0
8681.0 621.0 7.0
9675.0 692.0 7.0
9731.0 696.0 7.0
9983.0 714.0 7.0
12069.0 863.0 7.0
