rev4
18250.0 1311.0 7.0
18495.0 1327.0 7.0
18620.0 1337.0 7.0
18648.0 1338.0 7.0
18675.0 1340.0 7.0
18937.0 1359.0 7.0
19137.0 1374.0 7.0
19214.0 1380.0 7.0
19253.0 1381.0 7.0
19268.0 1383.0 7.0
19270.0 1383.0 7.0
19319.0 1387.0 7.0
19428.0 1394.0 7.0
19482.0 1395.0 7.0
19543.0 1401.0 7.0
19565.0 1402.0 7.0
19570.0 1405.0 7.0
19677.0 1413.0 7.0
19744.0 1419.0 7.0
19776.0 1419.0 7.0
19837.0 1424.0 7.0
19950.0 1434.0 7.0
19979.0 1432.0 7.0
20028.0 1437.0 7.0
20062.0 1441.0 7.0
20167.0 1449.0 7.0
20167.0 1448.0 7.0
20215.0 1451.0 7.0
20322.0 1460.0 7.0
20340.0 1458.0 7.0
20369.0 1463.0 7.0
20469.0 1468.0 7.0
20707.0 1486.0 7.0
20709.0 1486.0 7.0
20847.0 1499.0 7.0
20860.0 1497.0 7.0
21085.0 1515.0 7.0
21106.0 1514.0 7.0
21155.0 1517.0 7.0
21157.0 1517.0 7.0
21222.0 1522.0 7.0
21324.0 1528.0 7.0
21358.0 1534.0 7.0
21409.0 1535.0 7.0
21414.0 1534.0 7.0
21414.0 1540.0 7.0
21694.0 1555.0 7.0
21711.0 1557.0 7.0
21745.0 1561.0 7.0
21827.0 1565.0 7.0
21833.0 1565.0 7.0
21949.0 1576.0 7.0
22000.0 1577.0 7.0
22038.0 1581.0 7.0
22053.0 1581.0 7.0
22079.0 1584.0 7.0
22122.0 1586.0 7.0
22300.0 1602.0 7.0
22314.0 1604.0 7.0
22397.0 1607.0 7.0
22468.0 1612.0 7.0
22491.0 1617.0 7.0
22505.0 1615.0 7.0
22508.0 1617.0 7.0
22578.0 1625.0 7.0
22653.0 1624.0 7.0
22787.0 1634.0 7.0
22849.0 1637.0 7.0
22852.0 1642.0 7.0
22867.0 1642.0 7.0
22926.0 1645.0 7.0
22943.0 1646.0 7.0
23085.0 1658.0 7.0
23113.0 1659.0 7.0
23144.0 1661.0 7.0
23152.0 1663.0 7.0
23164.0 1664.0 7.0
23215.0 1668.0 7.0
23377.0 1677.0 7.0
23411.0 1681.0 7.0
23474.0 1685.0 7.0
23673.0 1699.0 7.0
23701.0 1702.0 7.0
23879.0 1713.0 7.0
23917.0 1715.0 7.0
23939.0 1717.0 7.0
24012.0 1723.0 7.0
24017.0 1725.0 7.0
24360.0 1748.0 7.0
24556.0 1760.0 7.0
24773.0 1777.0 7.0
24925.0 1788.0 7.0
25027.0 1796.0 7.0
25406.0 1824.0 7.0
25835.0 1855.0 7.0
26096.0 1871.0 7.0
26669.0 1913.0 7.0
27067.0 1941.0 7.0
27400.0 1966.0 7.0
29104.0 2091.0 7.0
