rev4
1401323.0 100529.0 7.0
1454749.0 104360.0 7.0
1455417.0 104413.0 7.0
1455490.0 104431.0 7.0
1465472.0 105134.0 7.0
1468573.0 105371.0 7.0
1477485.0 105972.0 7.0
1477841.0 106049.0 7.0
1477891.0 106016.0 7.0
1482760.0 106369.0 7.0
1487186.0 106696.0 7.0
1489451.0 106806.0 7.0
1491694.0 107015.0 7.0
1491704.0 106989.0 7.0
1497423.0 107411.0 7.0
1498061.0 107477.0 7.0
1504190.0 107895.0 7.0
1506079.0 108037.0 7.0
1513868.0 108628.0 7.0
1520511.0 109092.0 7.0
1523806.0 109311.0 7.0
1524558.0 109371.0 7.0
1537139.0 110260.0 7.0
1537867.0 110328.0 7.0
1537888.0 110341.0 7.0
1538790.0 110385.0 7.0
1540087.0 110475.0 7.0
1540346.0 110503.0 7.0
1542930.0 110684.0 7.0
1543153.0 110707.0 7.0
1544532.0 110812.0 7.0
1544836.0 110867.0 7.0
1547832.0 111010.0 7.0
1555265.0 111579.0 7.0
1558341.0 111793.0 7.0
1561913.0 112034.0 7.0
1563408.0 112157.0 7.0
1567140.0 112417.0 7.0
1567586.0 112449.0 7.0
1571919.0 112774.0 7.0
1574173.0 112937.0 7.0
1580223.0 113356.0 7.0
1585490.0 113719.0 7.0
1598231.0 114652.0 7.0
1604335.0 115095.0 7.0
1610673.0 115545.0 7.0
1613744.0 115778.0 7.0
1622006.0 116373.0 7.0
1626961.0 116719.0 7.0
1629621.0 116908.0 7.0
1632108.0 117102.0 7.0
1634768.0 117252.0 7.0
1637510.0 117496.0 7.0
1637796.0 117489.0 7.0
1638275.0 117559.0 7.0
1641613.0 117763.0 7.0
1650241.0 118400.0 7.0
1652524.0 118558.0 7.0
1655777.0 118803.0 7.0
1665601.0 119479.0 7.0
1669028.0 119729.0 7.0
1669907.0 119800.0 7.0
1673926.0 120097.0 7.0
1674031.0 120056.0 7.0
1674648.0 120136.0 7.0
1678007.0 120373.0 7.0
1679352.0 120468.0 7.0
1679869.0 120507.0 7.0
1691674.0 121361.0 7.0
1692303.0 121390.0 7.0
1693641.0 121490.0 7.0
1697186.0 121756.0 7.0
1702502.0 122117.0 7.0
1703113.0 122180.0 7.0
1705824.0 122372.0 7.0
1709685.0 122656.0 7.0
1713980.0 122956.0 7.0
1718742.0 123313.0 7.0
1724283.0 123709.0 7.0
1724289.0 123707.0 7.0
1725768.0 123812.0 7.0
1727101.0 123878.0 7.0
1728876.0 124023.0 7.0
1741376.0 124953.0 7.0
1743265.0 125081.0 7.0
1750576.0 125575.0 7.0
1778487.0 127566.0 7.0
1787004.0 128189.0 7.0
1789681.0 128373.0 7.0
1799419.0 129084.0 7.0
1807492.0 129686.0 7.0
1813827.0 130117.0 7.0
1817537.0 130373.0 7.0
1824527.0 130905.0 7.0
1836047.0 131726.0 7.0
1846749.0 132505.0 7.0
1850084.0 132745.0 7.0
1865245.0 133809.0 7.0
1903831.0 136622.0 7.0
1956526.0 140353.0 7.0
