rev4
36057.0 2588.0 7.0
36852.0 2641.0 7.0
37392.0 2684.0 7.0
37773.0 2711.0 7.0
38084.0 2728.0 7.0
38462.0 2760.0 7.0
38484.0 2759.0 7.0
38510.0 2764.0 7.0
39114.0 2806.0 7.0
39237.0 2819.0 7.0
39321.0 2824.0 7.0
39502.0 2836.0 7.0
39512.0 2834.0 7.0
39671.0 2847.0 7.0
40321.0 2892.0 7.0
40449.0 2902.0 7.0
40527.0 2909.0 7.0
40579.0 2912.0 7.0
40601.0 2908.0 7.0
41015.0 2944.0 7.0
41044.0 2944.0 7.0
41176.0 2956.0 7.0
41182.0 2953.0 7.0
41226.0 2959.0 7.0
41253.0 2960.0 7.0
41308.0 2966.0 7.0
41361.0 2967.0 7.0
41401.0 2971.0 7.0
41484.0 2978.0 7.0
41504.0 2982.0 7.0
41669.0 2987.0 7.0
41704.0 2994.0 7.0
41826.0 3000.0 7.0
41826.0 3002.0 7.0
42282.0 3034.0 7.0
42294.0 3036.0 7.0
42330.0 3038.0 7.0
42345.0 3039.0 7.0
42364.0 3043.0 7.0
42395.0 3046.0 7.0
42551.0 3056.0 7.0
42806.0 3069.0 7.0
42825.0 3070.0 7.0
42908.0 3083.0 7.0
42927.0 3080.0 7.0
43082.0 3089.0 7.0
43175.0 3096.0 7.0
43198.0 3099.0 7.0
43292.0 3106.0 7.0
43331.0 3107.0 7.0
43373.0 3112.0 7.0
43459.0 3118.0 7.0
43495.0 3121.0 7.0
43541.0 3125.0 7.0
43707.0 3132.0 7.0
43709.0 3138.0 7.0
44055.0 3160.0 7.0
44567.0 3199.0 7.0
44645.0 3199.0 7.0
44908.0 3220.0 7.0
44926.0 3224.0 7.0
45001.0 3229.0 7.0
45059.0 3231.0 7.0
45143.0 3237.0 7.0
45287.0 3248.0 7.0
45297.0 3251.0 7.0
45308.0 3250.0 7.0
45324.0 3253.0 7.0
45395.0 3254.0 7.0
45792.0 3289.0 7.0
45825.0 3289.0 7.0
46173.0 3313.0 7.0
46473.0 3341.0 7.0
46708.0 3349.0 7.0
47037.0 3376.0 7.0
47040.0 3378.0 7.0
47045.0 3376.0 7.0
47062.0 3380.0 7.0
47181.0 3384.0 7.0
47352.0 3399.0 7.0
47536.0 3413.0 7.0
47833.0 3429.0 7.0
47947.0 3443.0 7.0
48145.0 3454.0 7.0
48584.0 3487.0 7.0
48895.0 3509.0 7.0
49278.0 3536.0 7.0
49422.0 3544.0 7.0
49535.0 3556.0 7.0
49609.0 3559.0 7.0
49655.0 3566.0 7.0
49865.0 3578.0 7.0
50075.0 3592.0 7.0
51235.0 3676.0 7.0
51511.0 3700.0 7.0
51678.0 3708.0 7.0
52858.0 3791.0 7.0
55938.0 4012.0 7.0
56559.0 4059.0 7.0
57055.0 4096.0 7.0
