rev4
8055.0 579.0 7.0
8549.0 616.0 7.0
8570.0 616.0 7.0
8628.0 621.0 7.0
8729.0 627.0 7.0
8744.0 628.0 7.0
8802.0 633.0 7.0
8837.0 635.0 7.0
8999.0 646.0 7.0
9072.0 650.0 7.0
9101.0 653.0 7.0
9165.0 658.0 7.0
9168.0 660.0 7.0
9174.0 658.0 7.0
9201.0 661.0 7.0
9216.0 663.0 7.0
9257.0 665.0 7.0
9389.0 675.0 7.0
9411.0 677.0 7.0
9555.0 687.0 7.0
9557.0 686.0 7.0
9629.0 691.0 7.0
9659.0 694.0 7.0
9670.0 694.0 7.0
9719.0 699.0 7.0
9724.0 699.0 7.0
9731.0 699.0 7.0
9732.0 698.0 7.0
9734.0 699.0 7.0
9758.0 700.0 7.0
9805.0 705.0 7.0
9841.0 706.0 7.0
9847.0 709.0 7.0
9847.0 709.0 7.0
9869.0 710.0 7.0
9872.0 710.0 7.0
9873.0 711.0 7.0
9882.0 710.0 7.0
9904.0 711.0 7.0
9921.0 714.0 7.0
9999.0 718.0 7.0
10063.0 721.0 7.0
10090.0 725.0 7.0
10109.0 726.0 7.0
10118.0 726.0 7.0
10123.0 728.0 7.0
10193.0 733.0 7.0
10221.0 734.0 7.0
10224.0 734.0 7.0
10238.0 735.0 7.0
10283.0 737.0 7.0
10410.0 748.0 7.0
10417.0 747.0 7.0
10469.0 751.0 7.0
10473.0 753.0 7.0
10503.0 754.0 7.0
10567.0 760.0 7.0
10608.0 762.0 7.0
10627.0 762.0 7.0
10661.0 765.0 7.0
10702.0 768.0 7.0
10720.0 771.0 7.0
10734.0 771.0 7.0
10800.0 775.0 7.0
10818.0 776.0 7.0
10852.0 780.0 7.0
10960.0 785.0 7.0
10992.0 790.0 7.0
10994.0 791.0 7.0
11048.0 793.0 7.0
11055.0 795.0 7.0
11058.0 792.0 7.0
11108.0 799.0 7.0
11133.0 801.0 7.0
11171.0 801.0 7.0
11174.0 802.0 7.0
11221.0 805.0 7.0
11250.0 810.0 7.0
11257.0 809.0 7.0
11281.0 810.0 7.0
11309.0 811.0 7.0
11409.0 819.0 7.0
11415.0 820.0 7.0
11427.0 820.0 7.0
11639.0 836.0 7.0
11715.0 840.0 7.0
11727.0 840.0 7.0
11875.0 852.0 7.0
11898.0 854.0 7.0
12001.0 861.0 7.0
12201.0 875.0 7.0
12264.0 883.0 7.0
12542.0 903.0 7.0
12807.0 920.0 7.0
12834.0 921.0 7.0
13155.0 946.0 7.0
13333.0 957.0 7.0
13889.0 998.0 7.0
14514.0 1044.0 7.0
14982.0 1076.0 7.0
