rev2
2367.0 170.0 7.0
2563.0 184.0 7.0
2633.0 189.0 7.0
2661.0 191.0 7.0
2717.0 195.0 7.0
2801.0 201.0 7.0
2829.0 203.0 7.0
2843.0 204.0 7.0
2871.0 206.0 7.0
2871.0 206.0 7.0
2899.0 208.0 7.0
2899.0 208.0 7.0
2955.0 212.0 7.0
2955.0 212.0 7.0
2983.0 214.0 7.0
2997.0 215.0 7.0
3011.0 216.0 7.0
3011.0 216.0 7.0
3039.0 218.0 7.0
3067.0 220.0 7.0
3081.0 221.0 7.0
3095.0 222.0 7.0
3109.0 223.0 7.0
3109.0 223.0 7.0
3109.0 223.0 7.0
3123.0 224.0 7.0
3193.0 229.0 7.0
3193.0 229.0 7.0
3221.0 231.0 7.0
3221.0 231.0 7.0
3221.0 231.0 7.0
3221.0 231.0 7.0
3249.0 233.0 7.0
3277.0 235.0 7.0
3305.0 237.0 7.0
3305.0 237.0 7.0
3319.0 238.0 7.0
3333.0 239.0 7.0
3333.0 239.0 7.0
3347.0 240.0 7.0
3361.0 241.0 7.0
3375.0 242.0 7.0
3375.0 242.0 7.0
3389.0 243.0 7.0
3389.0 243.0 7.0
3389.0 243.0 7.0
3389.0 243.0 7.0
3417.0 245.0 7.0
3417.0 245.0 7.0
3431.0 246.0 7.0
3487.0 250.0 7.0
3487.0 250.0 7.0
3501.0 251.0 7.0
3501.0 251.0 7.0
3529.0 253.0 7.0
3543.0 254.0 7.0
3543.0 254.0 7.0
3571.0 256.0 7.0
3571.0 256.0 7.0
3585.0 257.0 7.0
3585.0 257.0 7.0
3585.0 257.0 7.0
3641.0 261.0 7.0
3655.0 262.0 7.0
3655.0 262.0 7.0
3683.0 264.0 7.0
3683.0 264.0 7.0
3683.0 264.0 7.0
3711.0 266.0 7.0
3725.0 267.0 7.0
3725.0 267.0 7.0
3725.0 267.0 7.0
3739.0 268.0 7.0
3753.0 269.0 7.0
3753.0 269.0 7.0
3767.0 270.0 7.0
3767.0 270.0 7.0
3795.0 272.0 7.0
3795.0 272.0 7.0
3823.0 274.0 7.0
3837.0 275.0 7.0
3865.0 277.0 7.0
3907.0 280.0 7.0
3921.0 281.0 7.0
3949.0 283.0 7.0
3963.0 284.0 7.0
4005.0 287.0 7.0
4117.0 295.0 7.0
4173.0 299.0 7.0
4173.0 299.0 7.0
4187.0 300.0 7.0
4243.0 304.0 7.0
4313.0 309.0 7.0
4327.0 310.0 7.0
4453.0 319.0 7.0
4621.0 331.0 7.0
4677.0 335.0 7.0
4789.0 343.0 7.0
5027.0 360.0 7.0
7001.0 501.0 7.0
