rev4
6029531.0 432536.0 7.0
6099417.0 437622.0 7.0
6116961.0 438836.0 7.0
6247108.0 448155.0 7.0
6275269.0 450125.0 7.0
6320739.0 453453.0 7.0
6325186.0 453765.0 7.0
6361885.0 456368.0 7.0
6364411.0 456586.0 7.0
6366067.0 456701.0 7.0
6390550.0 458449.0 7.0
6420744.0 460606.0 7.0
6460688.0 463488.0 7.0
6504947.0 466648.0 7.0
6506979.0 466791.0 7.0
6514337.0 467381.0 7.0
6522678.0 467913.0 7.0
6526310.0 468152.0 7.0
6547722.0 469711.0 7.0
6563888.0 470888.0 7.0
6586881.0 472537.0 7.0
6590662.0 472773.0 7.0
6618788.0 474901.0 7.0
6643052.0 476540.0 7.0
6649963.0 477032.0 7.0
6654189.0 477348.0 7.0
6686852.0 479662.0 7.0
6688983.0 479886.0 7.0
6707615.0 481214.0 7.0
6712353.0 481534.0 7.0
6717061.0 481901.0 7.0
6726240.0 482519.0 7.0
6733693.0 483090.0 7.0
6735188.0 483147.0 7.0
6742465.0 483690.0 7.0
6762428.0 485136.0 7.0
6793358.0 487334.0 7.0
6794834.0 487434.0 7.0
6801979.0 487958.0 7.0
6807619.0 488330.0 7.0
6823418.0 489491.0 7.0
6844647.0 491055.0 7.0
6846405.0 491146.0 7.0
6862915.0 492335.0 7.0
6876028.0 493277.0 7.0
6896529.0 494743.0 7.0
6901659.0 495112.0 7.0
6904047.0 495310.0 7.0
6917282.0 496219.0 7.0
6932716.0 497332.0 7.0
6935822.0 497592.0 7.0
6941694.0 497986.0 7.0
6995771.0 501856.0 7.0
6995857.0 501835.0 7.0
6998870.0 502072.0 7.0
7000530.0 502213.0 7.0
7005460.0 502591.0 7.0
7008399.0 502782.0 7.0
7011046.0 502913.0 7.0
7011330.0 503000.0 7.0
7024227.0 503925.0 7.0
7024387.0 503888.0 7.0
7027085.0 504090.0 7.0
7032252.0 504514.0 7.0
7040459.0 505048.0 7.0
7042446.0 505234.0 7.0
7066986.0 506921.0 7.0
7082196.0 508072.0 7.0
7086518.0 508400.0 7.0
7104918.0 509670.0 7.0
7231675.0 518823.0 7.0
7233377.0 518873.0 7.0
7248131.0 519967.0 7.0
7275578.0 521939.0 7.0
7283706.0 522489.0 7.0
7290102.0 522940.0 7.0
7317100.0 524926.0 7.0
7317508.0 524928.0 7.0
7363926.0 528270.0 7.0
7390847.0 530149.0 7.0
7449113.0 534389.0 7.0
7482634.0 536793.0 7.0
7489676.0 537256.0 7.0
7552932.0 541852.0 7.0
7563359.0 542575.0 7.0
7608386.0 545799.0 7.0
7666241.0 549958.0 7.0
7668530.0 550064.0 7.0
7684781.0 551270.0 7.0
7716550.0 553593.0 7.0
7736628.0 555020.0 7.0
7816478.0 560682.0 7.0
7863326.0 564028.0 7.0
7937944.0 569457.0 7.0
8084531.0 580042.0 7.0
8129018.0 583160.0 7.0
8218348.0 589618.0 7.0
8248410.0 591727.0 7.0
8437077.0 605261.0 7.0
9315730.0 668311.0 7.0
