rev2
2181.0 110.0 10.0
2181.0 110.0 10.0
2301.0 116.0 10.0
2321.0 117.0 10.0
2321.0 117.0 10.0
2381.0 120.0 10.0
2381.0 120.0 10.0
2421.0 122.0 10.0
2421.0 122.0 10.0
2441.0 123.0 10.0
2441.0 123.0 10.0
2461.0 124.0 10.0
2461.0 124.0 10.0
2461.0 124.0 10.0
2461.0 124.0 10.0
2481.0 125.0 10.0
2481.0 125.0 10.0
2501.0 126.0 10.0
2501.0 126.0 10.0
2501.0 126.0 10.0
2521.0 127.0 10.0
2521.0 127.0 10.0
2541.0 128.0 10.0
2541.0 128.0 10.0
2561.0 129.0 10.0
2561.0 129.0 10.0
2561.0 129.0 10.0
2581.0 130.0 10.0
2581.0 130.0 10.0
2621.0 132.0 10.0
2641.0 133.0 10.0
2661.0 134.0 10.0
2661.0 134.0 10.0
2681.0 135.0 10.0
2681.0 135.0 10.0
2681.0 135.0 10.0
2701.0 136.0 10.0
2701.0 136.0 10.0
2701.0 136.0 10.0
2701.0 136.0 10.0
2701.0 136.0 10.0
2701.0 136.0 10.0
2701.0 136.0 10.0
2701.0 136.0 10.0
2701.0 136.0 10.0
2721.0 137.0 10.0
2721.0 137.0 10.0
2721.0 137.0 10.0
2721.0 137.0 10.0
2741.0 138.0 10.0
2761.0 139.0 10.0
2761.0 139.0 10.0
2781.0 140.0 10.0
2801.0 141.0 10.0
2801.0 141.0 10.0
2801.0 141.0 10.0
2801.0 141.0 10.0
2801.0 141.0 10.0
2821.0 142.0 10.0
2821.0 142.0 10.0
2841.0 143.0 10.0
2861.0 144.0 10.0
2861.0 144.0 10.0
2881.0 145.0 10.0
2881.0 145.0 10.0
2881.0 145.0 10.0
2881.0 145.0 10.0
2901.0 146.0 10.0
2901.0 146.0 10.0
2921.0 147.0 10.0
2921.0 147.0 10.0
2921.0 147.0 10.0
2941.0 148.0 10.0
2961.0 149.0 10.0
3001.0 151.0 10.0
3001.0 151.0 10.0
3021.0 152.0 10.0
3021.0 152.0 10.0
3021.0 152.0 10.0
3041.0 153.0 10.0
3061.0 154.0 10.0
3061.0 154.0 10.0
3061.0 154.0 10.0
3081.0 155.0 10.0
3101.0 156.0 10.0
3101.0 156.0 10.0
3121.0 157.0 10.0
3141.0 158.0 10.0
3181.0 160.0 10.0
3221.0 162.0 10.0
3241.0 163.0 10.0
3301.0 166.0 10.0
3321.0 167.0 10.0
3321.0 167.0 10.0
3361.0 169.0 10.0
3421.0 172.0 10.0
3441.0 173.0 10.0
3501.0 176.0 10.0
3721.0 187.0 10.0
3781.0 190.0 10.0
