rev2
3661061.0 183054.0 10.0
3678441.0 183923.0 10.0
3696621.0 184832.0 10.0
3711481.0 185575.0 10.0
3726061.0 186304.0 10.0
3732961.0 186649.0 10.0
3733161.0 186659.0 10.0
3763561.0 188179.0 10.0
3771581.0 188580.0 10.0
3780021.0 189002.0 10.0
3780661.0 189034.0 10.0
3785521.0 189277.0 10.0
3793181.0 189660.0 10.0
3798781.0 189940.0 10.0
3813701.0 190686.0 10.0
3829681.0 191485.0 10.0
3833541.0 191678.0 10.0
3860421.0 193022.0 10.0
3865021.0 193252.0 10.0
3865741.0 193288.0 10.0
3869061.0 193454.0 10.0
3874781.0 193740.0 10.0
3875101.0 193756.0 10.0
3878601.0 193931.0 10.0
3880041.0 194003.0 10.0
3892041.0 194603.0 10.0
3898981.0 194950.0 10.0
3899761.0 194989.0 10.0
3900321.0 195017.0 10.0
3900681.0 195035.0 10.0
3901021.0 195052.0 10.0
3903761.0 195189.0 10.0
3921141.0 196058.0 10.0
3927501.0 196376.0 10.0
3935001.0 196751.0 10.0
3935181.0 196760.0 10.0
3940801.0 197041.0 10.0
3944841.0 197243.0 10.0
3950321.0 197517.0 10.0
3958921.0 197947.0 10.0
3961621.0 198082.0 10.0
3966801.0 198341.0 10.0
3966861.0 198344.0 10.0
3967341.0 198368.0 10.0
3968941.0 198448.0 10.0
3978461.0 198924.0 10.0
3984581.0 199230.0 10.0
3992281.0 199615.0 10.0
4000661.0 200034.0 10.0
4012921.0 200647.0 10.0
4017741.0 200888.0 10.0
4019021.0 200952.0 10.0
4025441.0 201273.0 10.0
4032481.0 201625.0 10.0
4035581.0 201780.0 10.0
4038241.0 201913.0 10.0
4046101.0 202306.0 10.0
4053621.0 202682.0 10.0
4055641.0 202783.0 10.0
4056601.0 202831.0 10.0
4057441.0 202873.0 10.0
4060241.0 203013.0 10.0
4063801.0 203191.0 10.0
4064601.0 203231.0 10.0
4069221.0 203462.0 10.0
4072861.0 203644.0 10.0
4080541.0 204028.0 10.0
4084621.0 204232.0 10.0
4085281.0 204265.0 10.0
4100421.0 205022.0 10.0
4106241.0 205313.0 10.0
4128421.0 206422.0 10.0
4129641.0 206483.0 10.0
4132101.0 206606.0 10.0
4132741.0 206638.0 10.0
4157381.0 207870.0 10.0
4167661.0 208384.0 10.0
4188921.0 209447.0 10.0
4189581.0 209480.0 10.0
4193841.0 209693.0 10.0
4203521.0 210177.0 10.0
4217761.0 210889.0 10.0
4229301.0 211466.0 10.0
4239921.0 211997.0 10.0
4284341.0 214218.0 10.0
4289061.0 214454.0 10.0
4291441.0 214573.0 10.0
4296801.0 214841.0 10.0
4322001.0 216101.0 10.0
4337181.0 216860.0 10.0
4345501.0 217276.0 10.0
4358081.0 217905.0 10.0
4362121.0 218107.0 10.0
4369341.0 218468.0 10.0
4461461.0 223074.0 10.0
4488301.0 224416.0 10.0
4500581.0 225030.0 10.0
4548581.0 227430.0 10.0
4587001.0 229351.0 10.0
4648481.0 232425.0 10.0
