rev2
2.80341541E8 1.4017078E7 10.0
2.82040581E8 1.410203E7 10.0
2.82731341E8 1.4136568E7 10.0
2.83273421E8 1.4163672E7 10.0
2.84067201E8 1.4203361E7 10.0
2.84420881E8 1.4221045E7 10.0
2.85393061E8 1.4269654E7 10.0
2.87638981E8 1.438195E7 10.0
2.88003241E8 1.4400163E7 10.0
2.88224781E8 1.441124E7 10.0
2.89013261E8 1.4450664E7 10.0
2.89429081E8 1.4471455E7 10.0
2.90103241E8 1.4505163E7 10.0
2.90435121E8 1.4521757E7 10.0
2.90519501E8 1.4525976E7 10.0
2.90886681E8 1.4544335E7 10.0
2.91157141E8 1.4557858E7 10.0
2.91833741E8 1.4591688E7 10.0
2.92494401E8 1.4624721E7 10.0
2.93279861E8 1.4663994E7 10.0
2.93781501E8 1.4689076E7 10.0
2.93785961E8 1.4689299E7 10.0
2.93871721E8 1.4693587E7 10.0
2.94236341E8 1.4711818E7 10.0
2.94464321E8 1.4723217E7 10.0
2.94758641E8 1.4737933E7 10.0
2.95018181E8 1.475091E7 10.0
2.96681941E8 1.4834098E7 10.0
2.96781421E8 1.4839072E7 10.0
2.97148001E8 1.4857401E7 10.0
2.97615121E8 1.4880757E7 10.0
2.98175681E8 1.4908785E7 10.0
2.98618621E8 1.4930932E7 10.0
2.98639161E8 1.4931959E7 10.0
2.99362881E8 1.4968145E7 10.0
2.99529901E8 1.4976496E7 10.0
2.99931901E8 1.4996596E7 10.0
3.00055781E8 1.500279E7 10.0
3.00103321E8 1.5005167E7 10.0
3.01828781E8 1.509144E7 10.0
3.01973221E8 1.5098662E7 10.0
3.02036641E8 1.5101833E7 10.0
3.02320421E8 1.5116022E7 10.0
3.02548921E8 1.5127447E7 10.0
3.02668601E8 1.5133431E7 10.0
3.02836521E8 1.5141827E7 10.0
3.02856601E8 1.5142831E7 10.0
3.03561141E8 1.5178058E7 10.0
3.03647481E8 1.5182375E7 10.0
3.03736141E8 1.5186808E7 10.0
3.03924781E8 1.519624E7 10.0
3.04141521E8 1.5207077E7 10.0
3.04383281E8 1.5219165E7 10.0
3.05019461E8 1.5250974E7 10.0
3.05266041E8 1.5263303E7 10.0
3.05814861E8 1.5290744E7 10.0
3.05948821E8 1.5297442E7 10.0
3.06212741E8 1.5310638E7 10.0
3.07631561E8 1.5381579E7 10.0
3.07787341E8 1.5389368E7 10.0
3.07943301E8 1.5397166E7 10.0
3.08266261E8 1.5413314E7 10.0
3.08286661E8 1.5414334E7 10.0
3.09385661E8 1.5469284E7 10.0
3.09643041E8 1.5482153E7 10.0
3.09787781E8 1.548939E7 10.0
3.10091981E8 1.55046E7 10.0
3.10400461E8 1.5520024E7 10.0
3.10698721E8 1.5534937E7 10.0
3.10883381E8 1.554417E7 10.0
3.11368061E8 1.5568404E7 10.0
3.11750461E8 1.5587524E7 10.0
3.12777981E8 1.56389E7 10.0
3.13828281E8 1.5691415E7 10.0
3.13928941E8 1.5696448E7 10.0
3.15940201E8 1.5797011E7 10.0
3.15981141E8 1.5799058E7 10.0
3.17830021E8 1.5891502E7 10.0
3.17867901E8 1.5893396E7 10.0
3.17871261E8 1.5893564E7 10.0
3.17966021E8 1.5898302E7 10.0
3.18904361E8 1.5945219E7 10.0
3.19602201E8 1.5980111E7 10.0
3.20036141E8 1.6001808E7 10.0
3.21204801E8 1.6060241E7 10.0
3.22152701E8 1.6107636E7 10.0
3.26986741E8 1.6349338E7 10.0
3.27262741E8 1.6363138E7 10.0
3.27409181E8 1.637046E7 10.0
3.29240921E8 1.6462047E7 10.0
3.31452121E8 1.6572607E7 10.0
3.33568301E8 1.6678416E7 10.0
3.34903661E8 1.6745184E7 10.0
3.35071101E8 1.6753556E7 10.0
3.35142501E8 1.6757126E7 10.0
3.35800101E8 1.6790006E7 10.0
3.38374861E8 1.6918744E7 10.0
3.39749861E8 1.6987494E7 10.0
3.55672341E8 1.7783618E7 10.0
3.60810121E8 1.8040507E7 10.0
