rev4
61.0 4.0 10.0
61.0 4.0 10.0
61.0 4.0 10.0
61.0 4.0 10.0
81.0 5.0 10.0
81.0 5.0 10.0
81.0 5.0 10.0
81.0 5.0 10.0
81.0 5.0 10.0
81.0 5.0 10.0
81.0 5.0 10.0
81.0 5.0 10.0
81.0 5.0 10.0
81.0 5.0 10.0
81.0 5.0 10.0
81.0 5.0 10.0
81.0 5.0 10.0
81.0 5.0 10.0
81.0 5.0 10.0
81.0 5.0 10.0
81.0 5.0 10.0
101.0 6.0 10.0
101.0 6.0 10.0
101.0 6.0 10.0
101.0 6.0 10.0
101.0 6.0 10.0
101.0 6.0 10.0
101.0 6.0 10.0
101.0 6.0 10.0
101.0 6.0 10.0
101.0 6.0 10.0
101.0 6.0 10.0
101.0 6.0 10.0
101.0 6.0 10.0
101.0 6.0 10.0
101.0 6.0 10.0
101.0 6.0 10.0
101.0 6.0 10.0
101.0 6.0 10.0
101.0 6.0 10.0
101.0 6.0 10.0
101.0 6.0 10.0
101.0 6.0 10.0
101.0 6.0 10.0
101.0 6.0 10.0
121.0 7.0 10.0
121.0 7.0 10.0
121.0 7.0 10.0
121.0 7.0 10.0
121.0 7.0 10.0
121.0 7.0 10.0
121.0 7.0 10.0
121.0 7.0 10.0
121.0 7.0 10.0
121.0 7.0 10.0
121.0 7.0 10.0
121.0 7.0 10.0
121.0 7.0 10.0
121.0 7.0 10.0
121.0 7.0 10.0
121.0 7.0 10.0
121.0 7.0 10.0
121.0 7.0 10.0
141.0 8.0 10.0
141.0 8.0 10.0
141.0 8.0 10.0
141.0 8.0 10.0
141.0 8.0 10.0
141.0 8.0 10.0
141.0 8.0 10.0
141.0 8.0 10.0
141.0 8.0 10.0
141.0 8.0 10.0
141.0 8.0 10.0
141.0 8.0 10.0
141.0 8.0 10.0
141.0 8.0 10.0
161.0 9.0 10.0
161.0 9.0 10.0
161.0 9.0 10.0
161.0 9.0 10.0
161.0 9.0 10.0
161.0 9.0 10.0
161.0 9.0 10.0
161.0 9.0 10.0
161.0 9.0 10.0
161.0 9.0 10.0
181.0 10.0 10.0
181.0 10.0 10.0
201.0 11.0 10.0
201.0 11.0 10.0
201.0 11.0 10.0
201.0 11.0 10.0
221.0 12.0 10.0
241.0 13.0 10.0
241.0 13.0 10.0
241.0 13.0 10.0
261.0 14.0 10.0
281.0 15.0 10.0
281.0 15.0 10.0
