rev2
4701.0 236.0 10.0
4921.0 247.0 10.0
4961.0 249.0 10.0
5021.0 252.0 10.0
5041.0 253.0 10.0
5101.0 256.0 10.0
5101.0 256.0 10.0
5101.0 256.0 10.0
5121.0 257.0 10.0
5141.0 258.0 10.0
5161.0 259.0 10.0
5181.0 260.0 10.0
5201.0 261.0 10.0
5241.0 263.0 10.0
5241.0 263.0 10.0
5241.0 263.0 10.0
5281.0 265.0 10.0
5301.0 266.0 10.0
5381.0 270.0 10.0
5421.0 272.0 10.0
5421.0 272.0 10.0
5441.0 273.0 10.0
5441.0 273.0 10.0
5441.0 273.0 10.0
5441.0 273.0 10.0
5461.0 274.0 10.0
5481.0 275.0 10.0
5481.0 275.0 10.0
5501.0 276.0 10.0
5501.0 276.0 10.0
5501.0 276.0 10.0
5501.0 276.0 10.0
5521.0 277.0 10.0
5521.0 277.0 10.0
5521.0 277.0 10.0
5541.0 278.0 10.0
5541.0 278.0 10.0
5541.0 278.0 10.0
5561.0 279.0 10.0
5561.0 279.0 10.0
5581.0 280.0 10.0
5601.0 281.0 10.0
5601.0 281.0 10.0
5601.0 281.0 10.0
5621.0 282.0 10.0
5621.0 282.0 10.0
5641.0 283.0 10.0
5681.0 285.0 10.0
5701.0 286.0 10.0
5721.0 287.0 10.0
5741.0 288.0 10.0
5761.0 289.0 10.0
5761.0 289.0 10.0
5761.0 289.0 10.0
5781.0 290.0 10.0
5841.0 293.0 10.0
5841.0 293.0 10.0
5841.0 293.0 10.0
5861.0 294.0 10.0
5881.0 295.0 10.0
5881.0 295.0 10.0
5881.0 295.0 10.0
5901.0 296.0 10.0
5921.0 297.0 10.0
5921.0 297.0 10.0
5961.0 299.0 10.0
5961.0 299.0 10.0
5961.0 299.0 10.0
5961.0 299.0 10.0
6001.0 301.0 10.0
6021.0 302.0 10.0
6041.0 303.0 10.0
6041.0 303.0 10.0
6061.0 304.0 10.0
6061.0 304.0 10.0
6101.0 306.0 10.0
6121.0 307.0 10.0
6141.0 308.0 10.0
6161.0 309.0 10.0
6161.0 309.0 10.0
6181.0 310.0 10.0
6181.0 310.0 10.0
6221.0 312.0 10.0
6241.0 313.0 10.0
6261.0 314.0 10.0
6281.0 315.0 10.0
6301.0 316.0 10.0
6341.0 318.0 10.0
6381.0 320.0 10.0
6381.0 320.0 10.0
6421.0 322.0 10.0
6481.0 325.0 10.0
6581.0 330.0 10.0
6641.0 333.0 10.0
6681.0 335.0 10.0
6781.0 340.0 10.0
6861.0 344.0 10.0
7141.0 358.0 10.0
7621.0 382.0 10.0
8161.0 409.0 10.0
