rev2
200441.0 10023.0 10.0
201501.0 10076.0 10.0
202861.0 10144.0 10.0
203121.0 10157.0 10.0
203141.0 10158.0 10.0
204221.0 10212.0 10.0
206081.0 10305.0 10.0
207841.0 10393.0 10.0
208581.0 10430.0 10.0
208821.0 10442.0 10.0
210421.0 10522.0 10.0
211101.0 10556.0 10.0
211261.0 10564.0 10.0
211741.0 10588.0 10.0
211761.0 10589.0 10.0
212001.0 10601.0 10.0
212361.0 10619.0 10.0
212501.0 10626.0 10.0
212561.0 10629.0 10.0
212721.0 10637.0 10.0
212881.0 10645.0 10.0
213041.0 10653.0 10.0
213221.0 10662.0 10.0
213441.0 10673.0 10.0
213581.0 10680.0 10.0
214401.0 10721.0 10.0
214561.0 10729.0 10.0
215681.0 10785.0 10.0
216501.0 10826.0 10.0
216921.0 10847.0 10.0
217521.0 10877.0 10.0
217641.0 10883.0 10.0
217861.0 10894.0 10.0
217861.0 10894.0 10.0
218701.0 10936.0 10.0
218761.0 10939.0 10.0
218801.0 10941.0 10.0
218841.0 10943.0 10.0
219061.0 10954.0 10.0
219181.0 10960.0 10.0
219421.0 10972.0 10.0
219681.0 10985.0 10.0
220601.0 11031.0 10.0
220641.0 11033.0 10.0
220921.0 11047.0 10.0
221401.0 11071.0 10.0
222201.0 11111.0 10.0
222481.0 11125.0 10.0
222681.0 11135.0 10.0
223381.0 11170.0 10.0
223701.0 11186.0 10.0
223781.0 11190.0 10.0
223781.0 11190.0 10.0
223821.0 11192.0 10.0
223921.0 11197.0 10.0
224521.0 11227.0 10.0
224661.0 11234.0 10.0
224921.0 11247.0 10.0
225061.0 11254.0 10.0
225101.0 11256.0 10.0
225161.0 11259.0 10.0
225361.0 11269.0 10.0
226541.0 11328.0 10.0
226861.0 11344.0 10.0
226921.0 11347.0 10.0
226941.0 11348.0 10.0
227001.0 11351.0 10.0
227341.0 11368.0 10.0
230281.0 11515.0 10.0
230681.0 11535.0 10.0
231101.0 11556.0 10.0
231401.0 11571.0 10.0
232201.0 11611.0 10.0
232221.0 11612.0 10.0
232461.0 11624.0 10.0
232821.0 11642.0 10.0
233521.0 11677.0 10.0
235981.0 11800.0 10.0
237521.0 11877.0 10.0
238261.0 11914.0 10.0
238341.0 11918.0 10.0
238401.0 11921.0 10.0
238441.0 11923.0 10.0
238921.0 11947.0 10.0
238961.0 11949.0 10.0
242741.0 12138.0 10.0
242841.0 12143.0 10.0
243141.0 12158.0 10.0
243441.0 12173.0 10.0
243761.0 12189.0 10.0
245201.0 12261.0 10.0
246101.0 12306.0 10.0
246141.0 12308.0 10.0
247841.0 12393.0 10.0
249361.0 12469.0 10.0
249401.0 12471.0 10.0
251021.0 12552.0 10.0
251901.0 12596.0 10.0
253201.0 12661.0 10.0
257141.0 12858.0 10.0
