rev2
1.37677621E8 6883882.0 10.0
1.37883861E8 6894194.0 10.0
1.38389661E8 6919484.0 10.0
1.39682441E8 6984123.0 10.0
1.40274681E8 7013735.0 10.0
1.40918121E8 7045907.0 10.0
1.41254281E8 7062715.0 10.0
1.41313261E8 7065664.0 10.0
1.41515061E8 7075754.0 10.0
1.41532181E8 7076610.0 10.0
1.41807841E8 7090393.0 10.0
1.42149301E8 7107466.0 10.0
1.42250121E8 7112507.0 10.0
1.42328381E8 7116420.0 10.0
1.42721701E8 7136086.0 10.0
1.42722501E8 7136126.0 10.0
1.42834681E8 7141735.0 10.0
1.42850341E8 7142518.0 10.0
1.42990281E8 7149515.0 10.0
1.43053461E8 7152674.0 10.0
1.43097861E8 7154894.0 10.0
1.43230501E8 7161526.0 10.0
1.43504661E8 7175234.0 10.0
1.43574621E8 7178732.0 10.0
1.43595481E8 7179775.0 10.0
1.43640321E8 7182017.0 10.0
1.43672241E8 7183613.0 10.0
1.43713361E8 7185669.0 10.0
1.43783881E8 7189195.0 10.0
1.44308321E8 7215417.0 10.0
1.44862281E8 7243115.0 10.0
1.44870261E8 7243514.0 10.0
1.44987481E8 7249375.0 10.0
1.45388841E8 7269443.0 10.0
1.45453381E8 7272670.0 10.0
1.45851221E8 7292562.0 10.0
1.45897461E8 7294874.0 10.0
1.45950721E8 7297537.0 10.0
1.46079481E8 7303975.0 10.0
1.46221641E8 7311083.0 10.0
1.46253961E8 7312699.0 10.0
1.46561141E8 7328058.0 10.0
1.46618661E8 7330934.0 10.0
1.46789141E8 7339458.0 10.0
1.47045161E8 7352259.0 10.0
1.47248081E8 7362405.0 10.0
1.47494381E8 7374720.0 10.0
1.47532301E8 7376616.0 10.0
1.47711661E8 7385584.0 10.0
1.48048641E8 7402433.0 10.0
1.48163321E8 7408167.0 10.0
1.48200921E8 7410047.0 10.0
1.48428541E8 7421428.0 10.0
1.48457021E8 7422852.0 10.0
1.48468161E8 7423409.0 10.0
1.48494801E8 7424741.0 10.0
1.48536941E8 7426848.0 10.0
1.48571961E8 7428599.0 10.0
1.48611521E8 7430577.0 10.0
1.49020181E8 7451010.0 10.0
1.49077921E8 7453897.0 10.0
1.49198041E8 7459903.0 10.0
1.49274261E8 7463714.0 10.0
1.49462721E8 7473137.0 10.0
1.49735101E8 7486756.0 10.0
1.49948941E8 7497448.0 10.0
1.50074461E8 7503724.0 10.0
1.50324981E8 7516250.0 10.0
1.50386641E8 7519333.0 10.0
1.50805761E8 7540289.0 10.0
1.51209001E8 7560451.0 10.0
1.51329061E8 7566454.0 10.0
1.51700421E8 7585022.0 10.0
1.51817261E8 7590864.0 10.0
1.52283621E8 7614182.0 10.0
1.52697581E8 7634880.0 10.0
1.52943101E8 7647156.0 10.0
1.53259101E8 7662956.0 10.0
1.53744841E8 7687243.0 10.0
1.54517941E8 7725898.0 10.0
1.54638281E8 7731915.0 10.0
1.54763761E8 7738189.0 10.0
1.54894941E8 7744748.0 10.0
1.55481901E8 7774096.0 10.0
1.55503941E8 7775198.0 10.0
1.55852001E8 7792601.0 10.0
1.56089041E8 7804453.0 10.0
1.56591981E8 7829600.0 10.0
1.56985841E8 7849293.0 10.0
1.57560641E8 7878033.0 10.0
1.58488681E8 7924435.0 10.0
1.59113761E8 7955689.0 10.0
1.60704881E8 8035245.0 10.0
1.61735121E8 8086757.0 10.0
1.64433941E8 8221698.0 10.0
1.64583281E8 8229165.0 10.0
1.71937201E8 8596861.0 10.0
1.72000101E8 8600006.0 10.0
1.72308501E8 8615426.0 10.0
1.73333661E8 8666684.0 10.0
