rev4
1281647.0 64103.0 10.0
1293417.0 64691.0 10.0
1302553.0 65155.0 10.0
1311871.0 65618.0 10.0
1315944.0 65820.0 10.0
1316571.0 65854.0 10.0
1328421.0 66442.0 10.0
1329743.0 66508.0 10.0
1333741.0 66706.0 10.0
1334689.0 66752.0 10.0
1336962.0 66873.0 10.0
1338439.0 66944.0 10.0
1338566.0 66953.0 10.0
1338611.0 66952.0 10.0
1342253.0 67136.0 10.0
1342292.0 67134.0 10.0
1343967.0 67221.0 10.0
1344011.0 67223.0 10.0
1344066.0 67228.0 10.0
1345766.0 67306.0 10.0
1346517.0 67346.0 10.0
1349382.0 67492.0 10.0
1349971.0 67521.0 10.0
1352923.0 67670.0 10.0
1354177.0 67729.0 10.0
1355651.0 67808.0 10.0
1357071.0 67875.0 10.0
1359265.0 67984.0 10.0
1361210.0 68082.0 10.0
1362279.0 68136.0 10.0
1363334.0 68191.0 10.0
1363702.0 68208.0 10.0
1365390.0 68285.0 10.0
1365942.0 68321.0 10.0
1367802.0 68411.0 10.0
1370421.0 68546.0 10.0
1372110.0 68625.0 10.0
1373332.0 68688.0 10.0
1373874.0 68717.0 10.0
1375190.0 68784.0 10.0
1377780.0 68911.0 10.0
1379753.0 69009.0 10.0
1380427.0 69046.0 10.0
1382540.0 69148.0 10.0
1383123.0 69179.0 10.0
1384620.0 69253.0 10.0
1388358.0 69438.0 10.0
1388746.0 69453.0 10.0
1392457.0 69645.0 10.0
1392511.0 69651.0 10.0
1393137.0 69676.0 10.0
1393277.0 69688.0 10.0
1393320.0 69686.0 10.0
1393433.0 69691.0 10.0
1394674.0 69753.0 10.0
1396020.0 69821.0 10.0
1402413.0 70140.0 10.0
1410321.0 70539.0 10.0
1410521.0 70546.0 10.0
1413365.0 70695.0 10.0
1414672.0 70754.0 10.0
1417293.0 70889.0 10.0
1421043.0 71078.0 10.0
1429898.0 71519.0 10.0
1430254.0 71539.0 10.0
1431709.0 71603.0 10.0
1434123.0 71731.0 10.0
1434413.0 71745.0 10.0
1436922.0 71866.0 10.0
1438406.0 71937.0 10.0
1441820.0 72114.0 10.0
1442418.0 72143.0 10.0
1442438.0 72150.0 10.0
1442599.0 72150.0 10.0
1444856.0 72264.0 10.0
1446631.0 72356.0 10.0
1447764.0 72409.0 10.0
1449794.0 72516.0 10.0
1450050.0 72533.0 10.0
1452170.0 72627.0 10.0
1453175.0 72679.0 10.0
1455014.0 72781.0 10.0
1467142.0 73380.0 10.0
1470302.0 73541.0 10.0
1472020.0 73626.0 10.0
1473785.0 73711.0 10.0
1475042.0 73770.0 10.0
1479238.0 73988.0 10.0
1481832.0 74115.0 10.0
1483201.0 74186.0 10.0
1485500.0 74300.0 10.0
1494620.0 74757.0 10.0
1498149.0 74927.0 10.0
1506412.0 75346.0 10.0
1524318.0 76241.0 10.0
1531922.0 76619.0 10.0
1537306.0 76889.0 10.0
1588415.0 79451.0 10.0
1593564.0 79699.0 10.0
1604795.0 80263.0 10.0
