rev2
441.0 23.0 10.0
441.0 23.0 10.0
481.0 25.0 10.0
481.0 25.0 10.0
501.0 26.0 10.0
501.0 26.0 10.0
521.0 27.0 10.0
521.0 27.0 10.0
521.0 27.0 10.0
521.0 27.0 10.0
541.0 28.0 10.0
541.0 28.0 10.0
541.0 28.0 10.0
541.0 28.0 10.0
541.0 28.0 10.0
541.0 28.0 10.0
541.0 28.0 10.0
541.0 28.0 10.0
561.0 29.0 10.0
581.0 30.0 10.0
581.0 30.0 10.0
581.0 30.0 10.0
581.0 30.0 10.0
581.0 30.0 10.0
581.0 30.0 10.0
581.0 30.0 10.0
601.0 31.0 10.0
601.0 31.0 10.0
601.0 31.0 10.0
601.0 31.0 10.0
621.0 32.0 10.0
621.0 32.0 10.0
621.0 32.0 10.0
621.0 32.0 10.0
621.0 32.0 10.0
641.0 33.0 10.0
641.0 33.0 10.0
641.0 33.0 10.0
641.0 33.0 10.0
641.0 33.0 10.0
641.0 33.0 10.0
641.0 33.0 10.0
641.0 33.0 10.0
641.0 33.0 10.0
641.0 33.0 10.0
641.0 33.0 10.0
641.0 33.0 10.0
661.0 34.0 10.0
661.0 34.0 10.0
661.0 34.0 10.0
661.0 34.0 10.0
681.0 35.0 10.0
681.0 35.0 10.0
681.0 35.0 10.0
681.0 35.0 10.0
681.0 35.0 10.0
701.0 36.0 10.0
701.0 36.0 10.0
701.0 36.0 10.0
701.0 36.0 10.0
701.0 36.0 10.0
721.0 37.0 10.0
721.0 37.0 10.0
721.0 37.0 10.0
721.0 37.0 10.0
741.0 38.0 10.0
741.0 38.0 10.0
741.0 38.0 10.0
741.0 38.0 10.0
741.0 38.0 10.0
741.0 38.0 10.0
741.0 38.0 10.0
741.0 38.0 10.0
761.0 39.0 10.0
761.0 39.0 10.0
761.0 39.0 10.0
761.0 39.0 10.0
761.0 39.0 10.0
761.0 39.0 10.0
761.0 39.0 10.0
761.0 39.0 10.0
781.0 40.0 10.0
781.0 40.0 10.0
781.0 40.0 10.0
801.0 41.0 10.0
801.0 41.0 10.0
801.0 41.0 10.0
801.0 41.0 10.0
801.0 41.0 10.0
821.0 42.0 10.0
821.0 42.0 10.0
821.0 42.0 10.0
841.0 43.0 10.0
841.0 43.0 10.0
861.0 44.0 10.0
861.0 44.0 10.0
881.0 45.0 10.0
921.0 47.0 10.0
961.0 49.0 10.0
1001.0 51.0 10.0
