rev2
181.0 10.0 10.0
201.0 11.0 10.0
201.0 11.0 10.0
201.0 11.0 10.0
201.0 11.0 10.0
201.0 11.0 10.0
221.0 12.0 10.0
241.0 13.0 10.0
241.0 13.0 10.0
241.0 13.0 10.0
241.0 13.0 10.0
241.0 13.0 10.0
241.0 13.0 10.0
241.0 13.0 10.0
241.0 13.0 10.0
261.0 14.0 10.0
261.0 14.0 10.0
261.0 14.0 10.0
261.0 14.0 10.0
281.0 15.0 10.0
281.0 15.0 10.0
281.0 15.0 10.0
281.0 15.0 10.0
281.0 15.0 10.0
281.0 15.0 10.0
281.0 15.0 10.0
301.0 16.0 10.0
301.0 16.0 10.0
301.0 16.0 10.0
301.0 16.0 10.0
301.0 16.0 10.0
301.0 16.0 10.0
301.0 16.0 10.0
301.0 16.0 10.0
301.0 16.0 10.0
301.0 16.0 10.0
301.0 16.0 10.0
301.0 16.0 10.0
301.0 16.0 10.0
301.0 16.0 10.0
301.0 16.0 10.0
301.0 16.0 10.0
321.0 17.0 10.0
321.0 17.0 10.0
321.0 17.0 10.0
321.0 17.0 10.0
321.0 17.0 10.0
321.0 17.0 10.0
321.0 17.0 10.0
321.0 17.0 10.0
321.0 17.0 10.0
321.0 17.0 10.0
341.0 18.0 10.0
341.0 18.0 10.0
341.0 18.0 10.0
341.0 18.0 10.0
341.0 18.0 10.0
341.0 18.0 10.0
361.0 19.0 10.0
361.0 19.0 10.0
361.0 19.0 10.0
361.0 19.0 10.0
361.0 19.0 10.0
361.0 19.0 10.0
361.0 19.0 10.0
361.0 19.0 10.0
361.0 19.0 10.0
381.0 20.0 10.0
381.0 20.0 10.0
381.0 20.0 10.0
381.0 20.0 10.0
381.0 20.0 10.0
381.0 20.0 10.0
381.0 20.0 10.0
381.0 20.0 10.0
381.0 20.0 10.0
381.0 20.0 10.0
381.0 20.0 10.0
401.0 21.0 10.0
401.0 21.0 10.0
401.0 21.0 10.0
401.0 21.0 10.0
401.0 21.0 10.0
421.0 22.0 10.0
421.0 22.0 10.0
421.0 22.0 10.0
421.0 22.0 10.0
421.0 22.0 10.0
421.0 22.0 10.0
441.0 23.0 10.0
441.0 23.0 10.0
461.0 24.0 10.0
461.0 24.0 10.0
461.0 24.0 10.0
461.0 24.0 10.0
461.0 24.0 10.0
501.0 26.0 10.0
521.0 27.0 10.0
521.0 27.0 10.0
661.0 34.0 10.0
