rev2
10661.0 534.0 10.0
10801.0 541.0 10.0
10821.0 542.0 10.0
10861.0 544.0 10.0
10861.0 544.0 10.0
10881.0 545.0 10.0
10881.0 545.0 10.0
10981.0 550.0 10.0
10981.0 550.0 10.0
11001.0 551.0 10.0
11001.0 551.0 10.0
11001.0 551.0 10.0
11001.0 551.0 10.0
11061.0 554.0 10.0
11061.0 554.0 10.0
11081.0 555.0 10.0
11121.0 557.0 10.0
11121.0 557.0 10.0
11121.0 557.0 10.0
11141.0 558.0 10.0
11161.0 559.0 10.0
11161.0 559.0 10.0
11161.0 559.0 10.0
11201.0 561.0 10.0
11241.0 563.0 10.0
11341.0 568.0 10.0
11341.0 568.0 10.0
11381.0 570.0 10.0
11381.0 570.0 10.0
11401.0 571.0 10.0
11401.0 571.0 10.0
11481.0 575.0 10.0
11521.0 577.0 10.0
11521.0 577.0 10.0
11521.0 577.0 10.0
11541.0 578.0 10.0
11561.0 579.0 10.0
11581.0 580.0 10.0
11581.0 580.0 10.0
11641.0 583.0 10.0
11641.0 583.0 10.0
11661.0 584.0 10.0
11681.0 585.0 10.0
11681.0 585.0 10.0
11681.0 585.0 10.0
11681.0 585.0 10.0
11701.0 586.0 10.0
11721.0 587.0 10.0
11721.0 587.0 10.0
11821.0 592.0 10.0
11821.0 592.0 10.0
11861.0 594.0 10.0
11861.0 594.0 10.0
11901.0 596.0 10.0
11901.0 596.0 10.0
11941.0 598.0 10.0
11961.0 599.0 10.0
11961.0 599.0 10.0
12041.0 603.0 10.0
12061.0 604.0 10.0
12081.0 605.0 10.0
12121.0 607.0 10.0
12221.0 612.0 10.0
12221.0 612.0 10.0
12221.0 612.0 10.0
12241.0 613.0 10.0
12241.0 613.0 10.0
12261.0 614.0 10.0
12261.0 614.0 10.0
12321.0 617.0 10.0
12361.0 619.0 10.0
12361.0 619.0 10.0
12381.0 620.0 10.0
12441.0 623.0 10.0
12521.0 627.0 10.0
12621.0 632.0 10.0
12741.0 638.0 10.0
12781.0 640.0 10.0
12801.0 641.0 10.0
12801.0 641.0 10.0
12841.0 643.0 10.0
12841.0 643.0 10.0
12881.0 645.0 10.0
12981.0 650.0 10.0
13021.0 652.0 10.0
13081.0 655.0 10.0
13141.0 658.0 10.0
13181.0 660.0 10.0
13181.0 660.0 10.0
13281.0 665.0 10.0
13381.0 670.0 10.0
13461.0 674.0 10.0
13581.0 680.0 10.0
13601.0 681.0 10.0
13661.0 684.0 10.0
13881.0 695.0 10.0
13981.0 700.0 10.0
14241.0 713.0 10.0
14341.0 718.0 10.0
14441.0 723.0 10.0
