rev2
1.5662881E7 783145.0 10.0
1.5746661E7 787334.0 10.0
1.5816361E7 790819.0 10.0
1.5873941E7 793698.0 10.0
1.5894381E7 794720.0 10.0
1.6065861E7 803294.0 10.0
1.6069061E7 803454.0 10.0
1.6110681E7 805535.0 10.0
1.6130641E7 806533.0 10.0
1.6195521E7 809777.0 10.0
1.6209101E7 810456.0 10.0
1.6229501E7 811476.0 10.0
1.6241041E7 812053.0 10.0
1.6243741E7 812188.0 10.0
1.6272001E7 813601.0 10.0
1.6317101E7 815856.0 10.0
1.6325621E7 816282.0 10.0
1.6340821E7 817042.0 10.0
1.6380741E7 819038.0 10.0
1.6413901E7 820696.0 10.0
1.6498141E7 824908.0 10.0
1.6509621E7 825482.0 10.0
1.6514941E7 825748.0 10.0
1.6558221E7 827912.0 10.0
1.6568061E7 828404.0 10.0
1.6586241E7 829313.0 10.0
1.6593861E7 829694.0 10.0
1.6596901E7 829846.0 10.0
1.6657521E7 832877.0 10.0
1.6657781E7 832890.0 10.0
1.6671701E7 833586.0 10.0
1.6693841E7 834693.0 10.0
1.6696801E7 834841.0 10.0
1.6713761E7 835689.0 10.0
1.6717361E7 835869.0 10.0
1.6724981E7 836250.0 10.0
1.6726561E7 836329.0 10.0
1.6743721E7 837187.0 10.0
1.6763641E7 838183.0 10.0
1.6775661E7 838784.0 10.0
1.6777281E7 838865.0 10.0
1.6795241E7 839763.0 10.0
1.6796901E7 839846.0 10.0
1.6822261E7 841114.0 10.0
1.6822381E7 841120.0 10.0
1.6840481E7 842025.0 10.0
1.6846081E7 842305.0 10.0
1.6863581E7 843180.0 10.0
1.6877501E7 843876.0 10.0
1.6883241E7 844163.0 10.0
1.6921361E7 846069.0 10.0
1.6933941E7 846698.0 10.0
1.6970841E7 848543.0 10.0
1.6973041E7 848653.0 10.0
1.6983101E7 849156.0 10.0
1.6988201E7 849411.0 10.0
1.6997521E7 849877.0 10.0
1.6999041E7 849953.0 10.0
1.7011341E7 850568.0 10.0
1.7096641E7 854833.0 10.0
1.7104561E7 855229.0 10.0
1.7116921E7 855847.0 10.0
1.7120401E7 856021.0 10.0
1.7148021E7 857402.0 10.0
1.7158261E7 857914.0 10.0
1.7182001E7 859101.0 10.0
1.7188741E7 859438.0 10.0
1.7261441E7 863073.0 10.0
1.7276401E7 863821.0 10.0
1.7347681E7 867385.0 10.0
1.7361921E7 868097.0 10.0
1.7371641E7 868583.0 10.0
1.7441501E7 872076.0 10.0
1.7474141E7 873708.0 10.0
1.7520081E7 876005.0 10.0
1.7532781E7 876640.0 10.0
1.7542481E7 877125.0 10.0
1.7613781E7 880690.0 10.0
1.7643321E7 882167.0 10.0
1.7648181E7 882410.0 10.0
1.7669841E7 883493.0 10.0
1.7709521E7 885477.0 10.0
1.7715681E7 885785.0 10.0
1.7766641E7 888333.0 10.0
1.7792521E7 889627.0 10.0
1.7816621E7 890832.0 10.0
1.7822861E7 891144.0 10.0
1.7876321E7 893817.0 10.0
1.7892061E7 894604.0 10.0
1.8046561E7 902329.0 10.0
1.8124321E7 906217.0 10.0
1.8248161E7 912409.0 10.0
1.8251881E7 912595.0 10.0
1.8276001E7 913801.0 10.0
1.8351781E7 917590.0 10.0
1.8408501E7 920426.0 10.0
1.8473481E7 923675.0 10.0
1.8767961E7 938399.0 10.0
1.9035781E7 951790.0 10.0
1.9102441E7 955123.0 10.0
