rev2
21641.0 1083.0 10.0
21781.0 1090.0 10.0
21961.0 1099.0 10.0
22281.0 1115.0 10.0
22341.0 1118.0 10.0
22361.0 1119.0 10.0
22401.0 1121.0 10.0
22401.0 1121.0 10.0
22501.0 1126.0 10.0
22641.0 1133.0 10.0
22641.0 1133.0 10.0
22901.0 1146.0 10.0
22921.0 1147.0 10.0
22921.0 1147.0 10.0
23001.0 1151.0 10.0
23101.0 1156.0 10.0
23121.0 1157.0 10.0
23141.0 1158.0 10.0
23201.0 1161.0 10.0
23261.0 1164.0 10.0
23261.0 1164.0 10.0
23301.0 1166.0 10.0
23401.0 1171.0 10.0
23521.0 1177.0 10.0
23601.0 1181.0 10.0
23621.0 1182.0 10.0
23641.0 1183.0 10.0
23661.0 1184.0 10.0
23701.0 1186.0 10.0
23741.0 1188.0 10.0
23761.0 1189.0 10.0
23841.0 1193.0 10.0
23841.0 1193.0 10.0
23881.0 1195.0 10.0
23901.0 1196.0 10.0
23921.0 1197.0 10.0
23921.0 1197.0 10.0
24041.0 1203.0 10.0
24061.0 1204.0 10.0
24061.0 1204.0 10.0
24081.0 1205.0 10.0
24081.0 1205.0 10.0
24101.0 1206.0 10.0
24101.0 1206.0 10.0
24121.0 1207.0 10.0
24121.0 1207.0 10.0
24141.0 1208.0 10.0
24161.0 1209.0 10.0
24181.0 1210.0 10.0
24241.0 1213.0 10.0
24401.0 1221.0 10.0
24441.0 1223.0 10.0
24461.0 1224.0 10.0
24461.0 1224.0 10.0
24521.0 1227.0 10.0
24561.0 1229.0 10.0
24601.0 1231.0 10.0
24621.0 1232.0 10.0
24721.0 1237.0 10.0
24821.0 1242.0 10.0
24821.0 1242.0 10.0
24821.0 1242.0 10.0
24861.0 1244.0 10.0
24921.0 1247.0 10.0
24921.0 1247.0 10.0
24921.0 1247.0 10.0
25001.0 1251.0 10.0
25081.0 1255.0 10.0
25181.0 1260.0 10.0
25241.0 1263.0 10.0
25281.0 1265.0 10.0
25341.0 1268.0 10.0
25361.0 1269.0 10.0
25461.0 1274.0 10.0
25601.0 1281.0 10.0
25781.0 1290.0 10.0
25981.0 1300.0 10.0
25981.0 1300.0 10.0
26041.0 1303.0 10.0
26081.0 1305.0 10.0
26121.0 1307.0 10.0
26321.0 1317.0 10.0
26341.0 1318.0 10.0
26441.0 1323.0 10.0
26621.0 1332.0 10.0
26701.0 1336.0 10.0
26781.0 1340.0 10.0
26821.0 1342.0 10.0
27321.0 1367.0 10.0
27381.0 1370.0 10.0
27461.0 1374.0 10.0
28001.0 1401.0 10.0
28201.0 1411.0 10.0
28221.0 1412.0 10.0
28261.0 1414.0 10.0
28401.0 1421.0 10.0
28981.0 1450.0 10.0
29421.0 1472.0 10.0
29481.0 1475.0 10.0
30361.0 1519.0 10.0
