rev4
33419.0 1672.0 10.0
33681.0 1686.0 10.0
34158.0 1709.0 10.0
34240.0 1713.0 10.0
34295.0 1716.0 10.0
34298.0 1716.0 10.0
34420.0 1722.0 10.0
34560.0 1730.0 10.0
34738.0 1739.0 10.0
34764.0 1740.0 10.0
34781.0 1740.0 10.0
34907.0 1747.0 10.0
34929.0 1748.0 10.0
34967.0 1750.0 10.0
35071.0 1755.0 10.0
35118.0 1758.0 10.0
35140.0 1759.0 10.0
35239.0 1763.0 10.0
35241.0 1763.0 10.0
35337.0 1768.0 10.0
35341.0 1768.0 10.0
35419.0 1773.0 10.0
35457.0 1774.0 10.0
35481.0 1776.0 10.0
35628.0 1783.0 10.0
35650.0 1784.0 10.0
35658.0 1784.0 10.0
35688.0 1786.0 10.0
35767.0 1790.0 10.0
35810.0 1792.0 10.0
35830.0 1793.0 10.0
35840.0 1793.0 10.0
35878.0 1795.0 10.0
35898.0 1797.0 10.0
36020.0 1802.0 10.0
36067.0 1805.0 10.0
36080.0 1806.0 10.0
36139.0 1808.0 10.0
36177.0 1810.0 10.0
36436.0 1823.0 10.0
36437.0 1824.0 10.0
36487.0 1826.0 10.0
36651.0 1834.0 10.0
36676.0 1835.0 10.0
36679.0 1835.0 10.0
36698.0 1836.0 10.0
36717.0 1837.0 10.0
36749.0 1839.0 10.0
36838.0 1843.0 10.0
36959.0 1849.0 10.0
37019.0 1852.0 10.0
37088.0 1856.0 10.0
37156.0 1859.0 10.0
37181.0 1861.0 10.0
37297.0 1867.0 10.0
37360.0 1869.0 10.0
37419.0 1872.0 10.0
37529.0 1879.0 10.0
37598.0 1881.0 10.0
37638.0 1883.0 10.0
37698.0 1886.0 10.0
37719.0 1887.0 10.0
37741.0 1888.0 10.0
37799.0 1891.0 10.0
37803.0 1892.0 10.0
37856.0 1894.0 10.0
37889.0 1896.0 10.0
37919.0 1898.0 10.0
37929.0 1898.0 10.0
37949.0 1899.0 10.0
37981.0 1901.0 10.0
38040.0 1904.0 10.0
38077.0 1905.0 10.0
38165.0 1910.0 10.0
38258.0 1914.0 10.0
38400.0 1922.0 10.0
38408.0 1922.0 10.0
38477.0 1926.0 10.0
38577.0 1930.0 10.0
38707.0 1937.0 10.0
38774.0 1940.0 10.0
38959.0 1949.0 10.0
39031.0 1954.0 10.0
39076.0 1956.0 10.0
39269.0 1966.0 10.0
39319.0 1968.0 10.0
39569.0 1980.0 10.0
39598.0 1981.0 10.0
39860.0 1996.0 10.0
40037.0 2004.0 10.0
40299.0 2017.0 10.0
40769.0 2040.0 10.0
41156.0 2059.0 10.0
41446.0 2074.0 10.0
41597.0 2081.0 10.0
41820.0 2092.0 10.0
43040.0 2154.0 10.0
43278.0 2165.0 10.0
45740.0 2288.0 10.0
46680.0 2335.0 10.0
