rev2
7636601.0 381831.0 10.0
7649401.0 382471.0 10.0
7683321.0 384167.0 10.0
7727261.0 386364.0 10.0
7750801.0 387541.0 10.0
7751301.0 387566.0 10.0
7758321.0 387917.0 10.0
7787681.0 389385.0 10.0
7798541.0 389928.0 10.0
7830801.0 391541.0 10.0
7839721.0 391987.0 10.0
7844321.0 392217.0 10.0
7858521.0 392927.0 10.0
7872501.0 393626.0 10.0
7874961.0 393749.0 10.0
7882401.0 394121.0 10.0
7894081.0 394705.0 10.0
7903341.0 395168.0 10.0
7903641.0 395183.0 10.0
7919101.0 395956.0 10.0
7920601.0 396031.0 10.0
7923781.0 396190.0 10.0
7939621.0 396982.0 10.0
7942521.0 397127.0 10.0
7943401.0 397171.0 10.0
7946641.0 397333.0 10.0
7997881.0 399895.0 10.0
8009521.0 400477.0 10.0
8026521.0 401327.0 10.0
8042181.0 402110.0 10.0
8067941.0 403398.0 10.0
8074341.0 403718.0 10.0
8082141.0 404108.0 10.0
8107321.0 405367.0 10.0
8107841.0 405393.0 10.0
8110901.0 405546.0 10.0
8116261.0 405814.0 10.0
8131761.0 406589.0 10.0
8142981.0 407150.0 10.0
8163401.0 408171.0 10.0
8169641.0 408483.0 10.0
8174201.0 408711.0 10.0
8191241.0 409563.0 10.0
8195161.0 409759.0 10.0
8200561.0 410029.0 10.0
8209701.0 410486.0 10.0
8210221.0 410512.0 10.0
8219781.0 410990.0 10.0
8243161.0 412159.0 10.0
8260561.0 413029.0 10.0
8261641.0 413083.0 10.0
8263281.0 413165.0 10.0
8265341.0 413268.0 10.0
8281641.0 414083.0 10.0
8293901.0 414696.0 10.0
8298101.0 414906.0 10.0
8298661.0 414934.0 10.0
8319641.0 415983.0 10.0
8328281.0 416415.0 10.0
8336441.0 416823.0 10.0
8348941.0 417448.0 10.0
8353201.0 417661.0 10.0
8361201.0 418061.0 10.0
8366821.0 418342.0 10.0
8369881.0 418495.0 10.0
8375421.0 418772.0 10.0
8378621.0 418932.0 10.0
8381481.0 419075.0 10.0
8407141.0 420358.0 10.0
8418241.0 420913.0 10.0
8440921.0 422047.0 10.0
8447881.0 422395.0 10.0
8502361.0 425119.0 10.0
8504741.0 425238.0 10.0
8506921.0 425347.0 10.0
8512261.0 425614.0 10.0
8514881.0 425745.0 10.0
8517741.0 425888.0 10.0
8523621.0 426182.0 10.0
8538221.0 426912.0 10.0
8594081.0 429705.0 10.0
8636701.0 431836.0 10.0
8650101.0 432506.0 10.0
8675741.0 433788.0 10.0
8689681.0 434485.0 10.0
8699061.0 434954.0 10.0
8702441.0 435123.0 10.0
8724041.0 436203.0 10.0
8829161.0 441459.0 10.0
8831101.0 441556.0 10.0
8851441.0 442573.0 10.0
8856361.0 442819.0 10.0
8899141.0 444958.0 10.0
8962141.0 448108.0 10.0
8993621.0 449682.0 10.0
9211161.0 460559.0 10.0
9396121.0 469807.0 10.0
9510641.0 475533.0 10.0
9693461.0 484674.0 10.0
1.0354701E7 517736.0 10.0
