rev2
415241.0 20763.0 10.0
419641.0 20983.0 10.0
420201.0 21011.0 10.0
421201.0 21061.0 10.0
425161.0 21259.0 10.0
426441.0 21323.0 10.0
427701.0 21386.0 10.0
430321.0 21517.0 10.0
430801.0 21541.0 10.0
431561.0 21579.0 10.0
432201.0 21611.0 10.0
433881.0 21695.0 10.0
433901.0 21696.0 10.0
434821.0 21742.0 10.0
435221.0 21762.0 10.0
435441.0 21773.0 10.0
436181.0 21810.0 10.0
436561.0 21829.0 10.0
437221.0 21862.0 10.0
439181.0 21960.0 10.0
439401.0 21971.0 10.0
439421.0 21972.0 10.0
441581.0 22080.0 10.0
441861.0 22094.0 10.0
441861.0 22094.0 10.0
442141.0 22108.0 10.0
442401.0 22121.0 10.0
443441.0 22173.0 10.0
443821.0 22192.0 10.0
444561.0 22229.0 10.0
445761.0 22289.0 10.0
447081.0 22355.0 10.0
447461.0 22374.0 10.0
447521.0 22377.0 10.0
448181.0 22410.0 10.0
448941.0 22448.0 10.0
449261.0 22464.0 10.0
449361.0 22469.0 10.0
450001.0 22501.0 10.0
450761.0 22539.0 10.0
450821.0 22542.0 10.0
450981.0 22550.0 10.0
451181.0 22560.0 10.0
451861.0 22594.0 10.0
452721.0 22637.0 10.0
453221.0 22662.0 10.0
456621.0 22832.0 10.0
456761.0 22839.0 10.0
457181.0 22860.0 10.0
457321.0 22867.0 10.0
457461.0 22874.0 10.0
459161.0 22959.0 10.0
460421.0 23022.0 10.0
460941.0 23048.0 10.0
461361.0 23069.0 10.0
461761.0 23089.0 10.0
463361.0 23169.0 10.0
464301.0 23216.0 10.0
464521.0 23227.0 10.0
465521.0 23277.0 10.0
467041.0 23353.0 10.0
467401.0 23371.0 10.0
467581.0 23380.0 10.0
468081.0 23405.0 10.0
469721.0 23487.0 10.0
471561.0 23579.0 10.0
471701.0 23586.0 10.0
471821.0 23592.0 10.0
472601.0 23631.0 10.0
473961.0 23699.0 10.0
475321.0 23767.0 10.0
475741.0 23788.0 10.0
476201.0 23811.0 10.0
476301.0 23816.0 10.0
477601.0 23881.0 10.0
478081.0 23905.0 10.0
478361.0 23919.0 10.0
480641.0 24033.0 10.0
483041.0 24153.0 10.0
484401.0 24221.0 10.0
485801.0 24291.0 10.0
486701.0 24336.0 10.0
486901.0 24346.0 10.0
487981.0 24400.0 10.0
489101.0 24456.0 10.0
489281.0 24465.0 10.0
493141.0 24658.0 10.0
497081.0 24855.0 10.0
502201.0 25111.0 10.0
504041.0 25203.0 10.0
504261.0 25214.0 10.0
504881.0 25245.0 10.0
504881.0 25245.0 10.0
506641.0 25333.0 10.0
513081.0 25655.0 10.0
516081.0 25805.0 10.0
518261.0 25914.0 10.0
520761.0 26039.0 10.0
524741.0 26238.0 10.0
552741.0 27638.0 10.0
