rev2
6.6957741E7 3347888.0 10.0
6.7301261E7 3365064.0 10.0
6.7305561E7 3365279.0 10.0
6.8260661E7 3413034.0 10.0
6.8417641E7 3420883.0 10.0
6.8522821E7 3426142.0 10.0
6.8525121E7 3426257.0 10.0
6.8615361E7 3430769.0 10.0
6.8617921E7 3430897.0 10.0
6.8647421E7 3432372.0 10.0
6.8701341E7 3435068.0 10.0
6.8899661E7 3444984.0 10.0
6.8949821E7 3447492.0 10.0
6.9024321E7 3451217.0 10.0
6.9051501E7 3452576.0 10.0
6.9255761E7 3462789.0 10.0
6.9258601E7 3462931.0 10.0
6.9389361E7 3469469.0 10.0
6.9664661E7 3483234.0 10.0
6.9816941E7 3490848.0 10.0
6.9820721E7 3491037.0 10.0
6.9839701E7 3491986.0 10.0
6.9883161E7 3494159.0 10.0
7.0061901E7 3503096.0 10.0
7.0082641E7 3504133.0 10.0
7.0112961E7 3505649.0 10.0
7.0153381E7 3507670.0 10.0
7.0214841E7 3510743.0 10.0
7.0246521E7 3512327.0 10.0
7.0246781E7 3512340.0 10.0
7.0382901E7 3519146.0 10.0
7.0413061E7 3520654.0 10.0
7.0422921E7 3521147.0 10.0
7.0431501E7 3521576.0 10.0
7.0455581E7 3522780.0 10.0
7.0458121E7 3522907.0 10.0
7.0458181E7 3522910.0 10.0
7.0511041E7 3525553.0 10.0
7.0658661E7 3532934.0 10.0
7.0736421E7 3536822.0 10.0
7.0862501E7 3543126.0 10.0
7.0937741E7 3546888.0 10.0
7.0941461E7 3547074.0 10.0
7.1102701E7 3555136.0 10.0
7.1167021E7 3558352.0 10.0
7.1186601E7 3559331.0 10.0
7.1204221E7 3560212.0 10.0
7.1273001E7 3563651.0 10.0
7.1311901E7 3565596.0 10.0
7.1450141E7 3572508.0 10.0
7.1455921E7 3572797.0 10.0
7.1457761E7 3572889.0 10.0
7.1657661E7 3582884.0 10.0
7.1830821E7 3591542.0 10.0
7.1843781E7 3592190.0 10.0
7.1862021E7 3593102.0 10.0
7.1930701E7 3596536.0 10.0
7.2025121E7 3601257.0 10.0
7.2043561E7 3602179.0 10.0
7.2083961E7 3604199.0 10.0
7.2319621E7 3615982.0 10.0
7.2396961E7 3619849.0 10.0
7.2437281E7 3621865.0 10.0
7.2464281E7 3623215.0 10.0
7.2467521E7 3623377.0 10.0
7.2559661E7 3627984.0 10.0
7.2689201E7 3634461.0 10.0
7.2832281E7 3641615.0 10.0
7.2852901E7 3642646.0 10.0
7.2890201E7 3644511.0 10.0
7.3276101E7 3663806.0 10.0
7.3346921E7 3667347.0 10.0
7.3413081E7 3670655.0 10.0
7.3516801E7 3675841.0 10.0
7.3760281E7 3688015.0 10.0
7.3910961E7 3695549.0 10.0
7.3964261E7 3698214.0 10.0
7.4169041E7 3708453.0 10.0
7.4598101E7 3729906.0 10.0
7.4619041E7 3730953.0 10.0
7.4689801E7 3734491.0 10.0
7.4699861E7 3734994.0 10.0
7.5288421E7 3764422.0 10.0
7.5349561E7 3767479.0 10.0
7.5378041E7 3768903.0 10.0
7.5463541E7 3773178.0 10.0
7.5823041E7 3791153.0 10.0
7.6583941E7 3829198.0 10.0
7.6808561E7 3840429.0 10.0
7.7008521E7 3850427.0 10.0
7.7490161E7 3874509.0 10.0
7.7523541E7 3876178.0 10.0
7.7642501E7 3882126.0 10.0
7.7864961E7 3893249.0 10.0
7.7973521E7 3898677.0 10.0
7.8662061E7 3933104.0 10.0
7.8975921E7 3948797.0 10.0
7.9239921E7 3961997.0 10.0
8.3094941E7 4154748.0 10.0
8.4259861E7 4212994.0 10.0
