rev2
95441.0 4773.0 10.0
96801.0 4841.0 10.0
97241.0 4863.0 10.0
97281.0 4865.0 10.0
97541.0 4878.0 10.0
98441.0 4923.0 10.0
98681.0 4935.0 10.0
98781.0 4940.0 10.0
98801.0 4941.0 10.0
99041.0 4953.0 10.0
99061.0 4954.0 10.0
99221.0 4962.0 10.0
99241.0 4963.0 10.0
99281.0 4965.0 10.0
99501.0 4976.0 10.0
99901.0 4996.0 10.0
100261.0 5014.0 10.0
100621.0 5032.0 10.0
100881.0 5045.0 10.0
100901.0 5046.0 10.0
101061.0 5054.0 10.0
101461.0 5074.0 10.0
101601.0 5081.0 10.0
101601.0 5081.0 10.0
101821.0 5092.0 10.0
102001.0 5101.0 10.0
102041.0 5103.0 10.0
102441.0 5123.0 10.0
102661.0 5134.0 10.0
102701.0 5136.0 10.0
103061.0 5154.0 10.0
103181.0 5160.0 10.0
103381.0 5170.0 10.0
103401.0 5171.0 10.0
103421.0 5172.0 10.0
103441.0 5173.0 10.0
103461.0 5174.0 10.0
103461.0 5174.0 10.0
103581.0 5180.0 10.0
103721.0 5187.0 10.0
104261.0 5214.0 10.0
104481.0 5225.0 10.0
104641.0 5233.0 10.0
104681.0 5235.0 10.0
104921.0 5247.0 10.0
104921.0 5247.0 10.0
104941.0 5248.0 10.0
104981.0 5250.0 10.0
105081.0 5255.0 10.0
105201.0 5261.0 10.0
105701.0 5286.0 10.0
105801.0 5291.0 10.0
106021.0 5302.0 10.0
106261.0 5314.0 10.0
106481.0 5325.0 10.0
106701.0 5336.0 10.0
106741.0 5338.0 10.0
106741.0 5338.0 10.0
106821.0 5342.0 10.0
106881.0 5345.0 10.0
106981.0 5350.0 10.0
107541.0 5378.0 10.0
108001.0 5401.0 10.0
108061.0 5404.0 10.0
108421.0 5422.0 10.0
108501.0 5426.0 10.0
108761.0 5439.0 10.0
108861.0 5444.0 10.0
109041.0 5453.0 10.0
109061.0 5454.0 10.0
109201.0 5461.0 10.0
109841.0 5493.0 10.0
109901.0 5496.0 10.0
110581.0 5530.0 10.0
111141.0 5558.0 10.0
111321.0 5567.0 10.0
111441.0 5573.0 10.0
111601.0 5581.0 10.0
111661.0 5584.0 10.0
112561.0 5629.0 10.0
113461.0 5674.0 10.0
113501.0 5676.0 10.0
113521.0 5677.0 10.0
113821.0 5692.0 10.0
114661.0 5734.0 10.0
114961.0 5749.0 10.0
115761.0 5789.0 10.0
116421.0 5822.0 10.0
116641.0 5833.0 10.0
116761.0 5839.0 10.0
116881.0 5845.0 10.0
118121.0 5907.0 10.0
119301.0 5966.0 10.0
120521.0 6027.0 10.0
120541.0 6028.0 10.0
123781.0 6190.0 10.0
123981.0 6200.0 10.0
126521.0 6327.0 10.0
131661.0 6584.0 10.0
136041.0 6803.0 10.0
