rev4
2.2913164E7 1145995.0 10.0
2.3837011E7 1192212.0 10.0
2.3844073E7 1192536.0 10.0
2.3973632E7 1199047.0 10.0
2.3973947E7 1199051.0 10.0
2.3977461E7 1199246.0 10.0
2.4047959E7 1202763.0 10.0
2.4056562E7 1203169.0 10.0
2.4062435E7 1203470.0 10.0
2.4070895E7 1203917.0 10.0
2.4183135E7 1209541.0 10.0
2.4189269E7 1209852.0 10.0
2.4262079E7 1213455.0 10.0
2.4299066E7 1215351.0 10.0
2.4302579E7 1215522.0 10.0
2.4308585E7 1215799.0 10.0
2.4327737E7 1216741.0 10.0
2.4350166E7 1217885.0 10.0
2.4368172E7 1218777.0 10.0
2.4379423E7 1219348.0 10.0
2.4410749E7 1220896.0 10.0
2.4415937E7 1221161.0 10.0
2.4424898E7 1221609.0 10.0
2.4460401E7 1223390.0 10.0
2.4505473E7 1225656.0 10.0
2.4583323E7 1229545.0 10.0
2.4601177E7 1230461.0 10.0
2.4673299E7 1234045.0 10.0
2.4677382E7 1234249.0 10.0
2.4709228E7 1235848.0 10.0
2.4710678E7 1235923.0 10.0
2.4724879E7 1236617.0 10.0
2.4744303E7 1237598.0 10.0
2.4746141E7 1237676.0 10.0
2.4760137E7 1238418.0 10.0
2.4765003E7 1238630.0 10.0
2.4792287E7 1240010.0 10.0
2.4794563E7 1240109.0 10.0
2.4813467E7 1241051.0 10.0
2.4813969E7 1241082.0 10.0
2.4819677E7 1241364.0 10.0
2.4820123E7 1241380.0 10.0
2.4839544E7 1242364.0 10.0
2.4847649E7 1242755.0 10.0
2.4941007E7 1247442.0 10.0
2.4981337E7 1249447.0 10.0
2.4996207E7 1250178.0 10.0
2.5023686E7 1251536.0 10.0
2.5061763E7 1253458.0 10.0
2.5070155E7 1253875.0 10.0
2.5074784E7 1254104.0 10.0
2.5101735E7 1255479.0 10.0
2.5108455E7 1255823.0 10.0
2.5137446E7 1257272.0 10.0
2.5197868E7 1260266.0 10.0
2.5202687E7 1260506.0 10.0
2.5217699E7 1261258.0 10.0
2.5234472E7 1262100.0 10.0
2.525698E7 1263215.0 10.0
2.5277574E7 1264263.0 10.0
2.5293633E7 1265056.0 10.0
2.5362341E7 1268503.0 10.0
2.5364361E7 1268616.0 10.0
2.5385377E7 1269639.0 10.0
2.541761E7 1271262.0 10.0
2.5439235E7 1272354.0 10.0
2.5481761E7 1274466.0 10.0
2.548599E7 1274661.0 10.0
2.5494156E7 1275095.0 10.0
2.551307E7 1276049.0 10.0
2.5513912E7 1276084.0 10.0
2.5521965E7 1276467.0 10.0
2.5583491E7 1279550.0 10.0
2.5616358E7 1281190.0 10.0
2.5680021E7 1284412.0 10.0
2.5680478E7 1284414.0 10.0
2.5723918E7 1286582.0 10.0
2.5767485E7 1288758.0 10.0
2.5867151E7 1293755.0 10.0
2.5924468E7 1296613.0 10.0
2.6021678E7 1301500.0 10.0
2.6034649E7 1302120.0 10.0
2.6058209E7 1303301.0 10.0
2.606211E7 1303493.0 10.0
2.6081979E7 1304486.0 10.0
2.6124963E7 1306621.0 10.0
2.620526E7 1310639.0 10.0
2.6246317E7 1312731.0 10.0
2.6279023E7 1314350.0 10.0
2.6419447E7 1321398.0 10.0
2.6761775E7 1338490.0 10.0
2.6785547E7 1339678.0 10.0
2.6820434E7 1341437.0 10.0
2.7204545E7 1360661.0 10.0
2.7227703E7 1361819.0 10.0
2.7330033E7 1366931.0 10.0
2.7444607E7 1372642.0 10.0
2.8237337E7 1412306.0 10.0
2.8935726E7 1447218.0 10.0
2.9411094E7 1470987.0 10.0
