rev2
6141.0 308.0 10.0
6161.0 309.0 10.0
6521.0 327.0 10.0
6561.0 329.0 10.0
6661.0 334.0 10.0
6681.0 335.0 10.0
6681.0 335.0 10.0
6721.0 337.0 10.0
6761.0 339.0 10.0
6801.0 341.0 10.0
6881.0 345.0 10.0
6921.0 347.0 10.0
6921.0 347.0 10.0
6961.0 349.0 10.0
6981.0 350.0 10.0
7041.0 353.0 10.0
7081.0 355.0 10.0
7101.0 356.0 10.0
7121.0 357.0 10.0
7121.0 357.0 10.0
7181.0 360.0 10.0
7181.0 360.0 10.0
7181.0 360.0 10.0
7241.0 363.0 10.0
7241.0 363.0 10.0
7241.0 363.0 10.0
7261.0 364.0 10.0
7281.0 365.0 10.0
7281.0 365.0 10.0
7281.0 365.0 10.0
7341.0 368.0 10.0
7381.0 370.0 10.0
7381.0 370.0 10.0
7381.0 370.0 10.0
7401.0 371.0 10.0
7401.0 371.0 10.0
7421.0 372.0 10.0
7461.0 374.0 10.0
7461.0 374.0 10.0
7461.0 374.0 10.0
7481.0 375.0 10.0
7501.0 376.0 10.0
7521.0 377.0 10.0
7561.0 379.0 10.0
7561.0 379.0 10.0
7621.0 382.0 10.0
7621.0 382.0 10.0
7621.0 382.0 10.0
7641.0 383.0 10.0
7661.0 384.0 10.0
7661.0 384.0 10.0
7681.0 385.0 10.0
7701.0 386.0 10.0
7721.0 387.0 10.0
7801.0 391.0 10.0
7841.0 393.0 10.0
7841.0 393.0 10.0
7881.0 395.0 10.0
7881.0 395.0 10.0
7881.0 395.0 10.0
8001.0 401.0 10.0
8041.0 403.0 10.0
8041.0 403.0 10.0
8081.0 405.0 10.0
8081.0 405.0 10.0
8101.0 406.0 10.0
8121.0 407.0 10.0
8201.0 411.0 10.0
8201.0 411.0 10.0
8221.0 412.0 10.0
8301.0 416.0 10.0
8321.0 417.0 10.0
8361.0 419.0 10.0
8421.0 422.0 10.0
8441.0 423.0 10.0
8501.0 426.0 10.0
8521.0 427.0 10.0
8561.0 429.0 10.0
8581.0 430.0 10.0
8641.0 433.0 10.0
8661.0 434.0 10.0
8681.0 435.0 10.0
8701.0 436.0 10.0
8741.0 438.0 10.0
8781.0 440.0 10.0
8861.0 444.0 10.0
8901.0 446.0 10.0
8921.0 447.0 10.0
9001.0 451.0 10.0
9001.0 451.0 10.0
9061.0 454.0 10.0
9081.0 455.0 10.0
9121.0 457.0 10.0
9181.0 460.0 10.0
9581.0 480.0 10.0
9661.0 484.0 10.0
9801.0 491.0 10.0
9841.0 493.0 10.0
9941.0 498.0 10.0
10141.0 508.0 10.0
