rev2
26161.0 1309.0 10.0
27001.0 1351.0 10.0
27441.0 1373.0 10.0
27761.0 1389.0 10.0
27961.0 1399.0 10.0
28001.0 1401.0 10.0
28481.0 1425.0 10.0
28521.0 1427.0 10.0
28541.0 1428.0 10.0
28581.0 1430.0 10.0
28821.0 1442.0 10.0
29321.0 1467.0 10.0
29341.0 1468.0 10.0
29341.0 1468.0 10.0
29381.0 1470.0 10.0
29401.0 1471.0 10.0
29421.0 1472.0 10.0
29521.0 1477.0 10.0
29641.0 1483.0 10.0
29661.0 1484.0 10.0
29681.0 1485.0 10.0
29681.0 1485.0 10.0
29761.0 1489.0 10.0
29921.0 1497.0 10.0
29941.0 1498.0 10.0
29941.0 1498.0 10.0
30061.0 1504.0 10.0
30101.0 1506.0 10.0
30241.0 1513.0 10.0
30241.0 1513.0 10.0
30241.0 1513.0 10.0
30541.0 1528.0 10.0
30581.0 1530.0 10.0
30581.0 1530.0 10.0
30641.0 1533.0 10.0
30681.0 1535.0 10.0
30681.0 1535.0 10.0
30701.0 1536.0 10.0
30861.0 1544.0 10.0
30881.0 1545.0 10.0
30921.0 1547.0 10.0
31061.0 1554.0 10.0
31061.0 1554.0 10.0
31081.0 1555.0 10.0
31201.0 1561.0 10.0
31201.0 1561.0 10.0
31221.0 1562.0 10.0
31241.0 1563.0 10.0
31321.0 1567.0 10.0
31361.0 1569.0 10.0
31521.0 1577.0 10.0
31621.0 1582.0 10.0
31661.0 1584.0 10.0
31741.0 1588.0 10.0
31801.0 1591.0 10.0
32041.0 1603.0 10.0
32161.0 1609.0 10.0
32201.0 1611.0 10.0
32201.0 1611.0 10.0
32301.0 1616.0 10.0
32441.0 1623.0 10.0
32521.0 1627.0 10.0
32621.0 1632.0 10.0
32701.0 1636.0 10.0
32841.0 1643.0 10.0
32921.0 1647.0 10.0
32961.0 1649.0 10.0
33061.0 1654.0 10.0
33261.0 1664.0 10.0
33341.0 1668.0 10.0
33621.0 1682.0 10.0
33641.0 1683.0 10.0
33681.0 1685.0 10.0
33721.0 1687.0 10.0
33821.0 1692.0 10.0
33881.0 1695.0 10.0
33921.0 1697.0 10.0
33981.0 1700.0 10.0
34101.0 1706.0 10.0
34201.0 1711.0 10.0
34261.0 1714.0 10.0
34381.0 1720.0 10.0
34501.0 1726.0 10.0
34661.0 1734.0 10.0
34901.0 1746.0 10.0
34901.0 1746.0 10.0
35101.0 1756.0 10.0
36141.0 1808.0 10.0
36301.0 1816.0 10.0
36861.0 1844.0 10.0
37101.0 1856.0 10.0
37401.0 1871.0 10.0
37561.0 1879.0 10.0
37881.0 1895.0 10.0
38541.0 1928.0 10.0
38781.0 1940.0 10.0
39181.0 1960.0 10.0
40721.0 2037.0 10.0
41661.0 2084.0 10.0
42321.0 2117.0 10.0
