rev2
8392701.0 419636.0 10.0
8680301.0 434016.0 10.0
8725941.0 436298.0 10.0
8758021.0 437902.0 10.0
8820021.0 441002.0 10.0
8839061.0 441954.0 10.0
8845701.0 442286.0 10.0
8849121.0 442457.0 10.0
8865781.0 443290.0 10.0
8953161.0 447659.0 10.0
8961061.0 448054.0 10.0
8973241.0 448663.0 10.0
8982341.0 449118.0 10.0
8987641.0 449383.0 10.0
9006241.0 450313.0 10.0
9074781.0 453740.0 10.0
9116341.0 455818.0 10.0
9117941.0 455898.0 10.0
9118421.0 455922.0 10.0
9122361.0 456119.0 10.0
9124741.0 456238.0 10.0
9135421.0 456772.0 10.0
9138461.0 456924.0 10.0
9138661.0 456934.0 10.0
9159881.0 457995.0 10.0
9161721.0 458087.0 10.0
9182741.0 459138.0 10.0
9182821.0 459142.0 10.0
9189001.0 459451.0 10.0
9191941.0 459598.0 10.0
9211821.0 460592.0 10.0
9263361.0 463169.0 10.0
9269041.0 463453.0 10.0
9271921.0 463597.0 10.0
9286881.0 464345.0 10.0
9295141.0 464758.0 10.0
9300621.0 465032.0 10.0
9301861.0 465094.0 10.0
9302901.0 465146.0 10.0
9313761.0 465689.0 10.0
9320821.0 466042.0 10.0
9361741.0 468088.0 10.0
9372741.0 468638.0 10.0
9375301.0 468766.0 10.0
9401441.0 470073.0 10.0
9410981.0 470550.0 10.0
9424641.0 471233.0 10.0
9432401.0 471621.0 10.0
9432421.0 471622.0 10.0
9437701.0 471886.0 10.0
9452721.0 472637.0 10.0
9463621.0 473182.0 10.0
9464421.0 473222.0 10.0
9468661.0 473434.0 10.0
9469201.0 473461.0 10.0
9477441.0 473873.0 10.0
9479281.0 473965.0 10.0
9500281.0 475015.0 10.0
9525321.0 476267.0 10.0
9544481.0 477225.0 10.0
9563301.0 478166.0 10.0
9569361.0 478469.0 10.0
9570401.0 478521.0 10.0
9572721.0 478637.0 10.0
9591081.0 479555.0 10.0
9593181.0 479660.0 10.0
9607041.0 480353.0 10.0
9623281.0 481165.0 10.0
9630381.0 481520.0 10.0
9635061.0 481754.0 10.0
9692161.0 484609.0 10.0
9723241.0 486163.0 10.0
9725601.0 486281.0 10.0
9738681.0 486935.0 10.0
9739741.0 486988.0 10.0
9759281.0 487965.0 10.0
9771761.0 488589.0 10.0
9813141.0 490658.0 10.0
9814201.0 490711.0 10.0
9823441.0 491173.0 10.0
9856061.0 492804.0 10.0
9858681.0 492935.0 10.0
9869761.0 493489.0 10.0
9907421.0 495372.0 10.0
9920781.0 496040.0 10.0
9934621.0 496732.0 10.0
9937581.0 496880.0 10.0
9941441.0 497073.0 10.0
1.0051161E7 502559.0 10.0
1.0063501E7 503176.0 10.0
1.0082441E7 504123.0 10.0
1.0154881E7 507745.0 10.0
1.0246441E7 512323.0 10.0
1.0282281E7 514115.0 10.0
1.0359401E7 517971.0 10.0
1.0463281E7 523165.0 10.0
1.0540621E7 527032.0 10.0
1.0586161E7 529309.0 10.0
1.0763861E7 538194.0 10.0
1.2557301E7 627866.0 10.0
