rev2
12961.0 649.0 10.0
13481.0 675.0 10.0
13741.0 688.0 10.0
13821.0 692.0 10.0
13821.0 692.0 10.0
13941.0 698.0 10.0
13941.0 698.0 10.0
13941.0 698.0 10.0
13981.0 700.0 10.0
14001.0 701.0 10.0
14261.0 714.0 10.0
14281.0 715.0 10.0
14281.0 715.0 10.0
14321.0 717.0 10.0
14321.0 717.0 10.0
14361.0 719.0 10.0
14361.0 719.0 10.0
14381.0 720.0 10.0
14401.0 721.0 10.0
14421.0 722.0 10.0
14461.0 724.0 10.0
14521.0 727.0 10.0
14601.0 731.0 10.0
14701.0 736.0 10.0
14781.0 740.0 10.0
14821.0 742.0 10.0
14841.0 743.0 10.0
15001.0 751.0 10.0
15101.0 756.0 10.0
15101.0 756.0 10.0
15101.0 756.0 10.0
15161.0 759.0 10.0
15261.0 764.0 10.0
15261.0 764.0 10.0
15341.0 768.0 10.0
15341.0 768.0 10.0
15401.0 771.0 10.0
15401.0 771.0 10.0
15441.0 773.0 10.0
15441.0 773.0 10.0
15461.0 774.0 10.0
15481.0 775.0 10.0
15541.0 778.0 10.0
15581.0 780.0 10.0
15601.0 781.0 10.0
15621.0 782.0 10.0
15661.0 784.0 10.0
15681.0 785.0 10.0
15721.0 787.0 10.0
15781.0 790.0 10.0
15821.0 792.0 10.0
15841.0 793.0 10.0
15841.0 793.0 10.0
15861.0 794.0 10.0
15901.0 796.0 10.0
15901.0 796.0 10.0
15961.0 799.0 10.0
16021.0 802.0 10.0
16041.0 803.0 10.0
16041.0 803.0 10.0
16061.0 804.0 10.0
16141.0 808.0 10.0
16181.0 810.0 10.0
16221.0 812.0 10.0
16341.0 818.0 10.0
16341.0 818.0 10.0
16361.0 819.0 10.0
16381.0 820.0 10.0
16421.0 822.0 10.0
16561.0 829.0 10.0
16581.0 830.0 10.0
16761.0 839.0 10.0
16781.0 840.0 10.0
16781.0 840.0 10.0
16841.0 843.0 10.0
16941.0 848.0 10.0
17001.0 851.0 10.0
17061.0 854.0 10.0
17081.0 855.0 10.0
17161.0 859.0 10.0
17161.0 859.0 10.0
17181.0 860.0 10.0
17201.0 861.0 10.0
17241.0 863.0 10.0
17301.0 866.0 10.0
17401.0 871.0 10.0
17461.0 874.0 10.0
17481.0 875.0 10.0
17561.0 879.0 10.0
17581.0 880.0 10.0
17921.0 897.0 10.0
18161.0 909.0 10.0
18461.0 924.0 10.0
18481.0 925.0 10.0
18521.0 927.0 10.0
18601.0 931.0 10.0
18621.0 932.0 10.0
19601.0 981.0 10.0
20001.0 1001.0 10.0
23201.0 1161.0 10.0
