rev2
1321.0 67.0 10.0
1341.0 68.0 10.0
1361.0 69.0 10.0
1381.0 70.0 10.0
1381.0 70.0 10.0
1441.0 73.0 10.0
1441.0 73.0 10.0
1481.0 75.0 10.0
1501.0 76.0 10.0
1501.0 76.0 10.0
1501.0 76.0 10.0
1501.0 76.0 10.0
1521.0 77.0 10.0
1541.0 78.0 10.0
1541.0 78.0 10.0
1561.0 79.0 10.0
1581.0 80.0 10.0
1581.0 80.0 10.0
1581.0 80.0 10.0
1601.0 81.0 10.0
1601.0 81.0 10.0
1621.0 82.0 10.0
1621.0 82.0 10.0
1621.0 82.0 10.0
1661.0 84.0 10.0
1661.0 84.0 10.0
1681.0 85.0 10.0
1681.0 85.0 10.0
1701.0 86.0 10.0
1701.0 86.0 10.0
1721.0 87.0 10.0
1721.0 87.0 10.0
1741.0 88.0 10.0
1741.0 88.0 10.0
1761.0 89.0 10.0
1781.0 90.0 10.0
1781.0 90.0 10.0
1781.0 90.0 10.0
1781.0 90.0 10.0
1821.0 92.0 10.0
1821.0 92.0 10.0
1821.0 92.0 10.0
1841.0 93.0 10.0
1841.0 93.0 10.0
1861.0 94.0 10.0
1861.0 94.0 10.0
1861.0 94.0 10.0
1861.0 94.0 10.0
1901.0 96.0 10.0
1901.0 96.0 10.0
1941.0 98.0 10.0
1941.0 98.0 10.0
1941.0 98.0 10.0
1941.0 98.0 10.0
1961.0 99.0 10.0
1961.0 99.0 10.0
1961.0 99.0 10.0
1961.0 99.0 10.0
1981.0 100.0 10.0
1981.0 100.0 10.0
1981.0 100.0 10.0
2001.0 101.0 10.0
2001.0 101.0 10.0
2021.0 102.0 10.0
2021.0 102.0 10.0
2041.0 103.0 10.0
2061.0 104.0 10.0
2061.0 104.0 10.0
2101.0 106.0 10.0
2141.0 108.0 10.0
2161.0 109.0 10.0
2161.0 109.0 10.0
2161.0 109.0 10.0
2161.0 109.0 10.0
2201.0 111.0 10.0
2201.0 111.0 10.0
2221.0 112.0 10.0
2241.0 113.0 10.0
2241.0 113.0 10.0
2261.0 114.0 10.0
2281.0 115.0 10.0
2281.0 115.0 10.0
2301.0 116.0 10.0
2321.0 117.0 10.0
2321.0 117.0 10.0
2341.0 118.0 10.0
2341.0 118.0 10.0
2401.0 121.0 10.0
2401.0 121.0 10.0
2421.0 122.0 10.0
2421.0 122.0 10.0
2421.0 122.0 10.0
2441.0 123.0 10.0
2501.0 126.0 10.0
2541.0 128.0 10.0
2581.0 130.0 10.0
2701.0 136.0 10.0
2821.0 142.0 10.0
2861.0 144.0 10.0
3441.0 173.0 10.0
