rev2
2941.0 148.0 10.0
2961.0 149.0 10.0
3141.0 158.0 10.0
3141.0 158.0 10.0
3161.0 159.0 10.0
3301.0 166.0 10.0
3301.0 166.0 10.0
3341.0 168.0 10.0
3341.0 168.0 10.0
3361.0 169.0 10.0
3381.0 170.0 10.0
3381.0 170.0 10.0
3401.0 171.0 10.0
3401.0 171.0 10.0
3421.0 172.0 10.0
3441.0 173.0 10.0
3461.0 174.0 10.0
3481.0 175.0 10.0
3501.0 176.0 10.0
3521.0 177.0 10.0
3521.0 177.0 10.0
3541.0 178.0 10.0
3601.0 181.0 10.0
3601.0 181.0 10.0
3621.0 182.0 10.0
3641.0 183.0 10.0
3641.0 183.0 10.0
3661.0 184.0 10.0
3701.0 186.0 10.0
3701.0 186.0 10.0
3721.0 187.0 10.0
3721.0 187.0 10.0
3721.0 187.0 10.0
3741.0 188.0 10.0
3741.0 188.0 10.0
3761.0 189.0 10.0
3761.0 189.0 10.0
3781.0 190.0 10.0
3781.0 190.0 10.0
3781.0 190.0 10.0
3821.0 192.0 10.0
3821.0 192.0 10.0
3841.0 193.0 10.0
3861.0 194.0 10.0
3861.0 194.0 10.0
3881.0 195.0 10.0
3881.0 195.0 10.0
3881.0 195.0 10.0
3901.0 196.0 10.0
3901.0 196.0 10.0
3921.0 197.0 10.0
3921.0 197.0 10.0
3941.0 198.0 10.0
3981.0 200.0 10.0
3981.0 200.0 10.0
3981.0 200.0 10.0
4001.0 201.0 10.0
4021.0 202.0 10.0
4021.0 202.0 10.0
4101.0 206.0 10.0
4121.0 207.0 10.0
4181.0 210.0 10.0
4221.0 212.0 10.0
4221.0 212.0 10.0
4221.0 212.0 10.0
4241.0 213.0 10.0
4241.0 213.0 10.0
4241.0 213.0 10.0
4261.0 214.0 10.0
4261.0 214.0 10.0
4261.0 214.0 10.0
4281.0 215.0 10.0
4321.0 217.0 10.0
4421.0 222.0 10.0
4501.0 226.0 10.0
4521.0 227.0 10.0
4521.0 227.0 10.0
4541.0 228.0 10.0
4561.0 229.0 10.0
4561.0 229.0 10.0
4561.0 229.0 10.0
4561.0 229.0 10.0
4581.0 230.0 10.0
4581.0 230.0 10.0
4601.0 231.0 10.0
4661.0 234.0 10.0
4721.0 237.0 10.0
4721.0 237.0 10.0
4761.0 239.0 10.0
4841.0 243.0 10.0
4841.0 243.0 10.0
4861.0 244.0 10.0
4881.0 245.0 10.0
4941.0 248.0 10.0
4981.0 250.0 10.0
4981.0 250.0 10.0
5021.0 252.0 10.0
5101.0 256.0 10.0
5581.0 280.0 10.0
5701.0 286.0 10.0
