rev4
1480031.0 74024.0 10.0
1507699.0 75407.0 10.0
1514236.0 75736.0 10.0
1530859.0 76565.0 10.0
1536295.0 76839.0 10.0
1538377.0 76946.0 10.0
1539012.0 76974.0 10.0
1543050.0 77182.0 10.0
1543811.0 77215.0 10.0
1548754.0 77463.0 10.0
1554529.0 77751.0 10.0
1559266.0 77985.0 10.0
1563879.0 78218.0 10.0
1563893.0 78220.0 10.0
1567581.0 78404.0 10.0
1571056.0 78582.0 10.0
1572362.0 78639.0 10.0
1575891.0 78821.0 10.0
1577831.0 78915.0 10.0
1582334.0 79139.0 10.0
1585000.0 79278.0 10.0
1585737.0 79309.0 10.0
1587538.0 79400.0 10.0
1588755.0 79469.0 10.0
1590039.0 79524.0 10.0
1590507.0 79556.0 10.0
1592511.0 79652.0 10.0
1594659.0 79763.0 10.0
1596062.0 79833.0 10.0
1596959.0 79875.0 10.0
1597331.0 79897.0 10.0
1597512.0 79898.0 10.0
1598800.0 79964.0 10.0
1602468.0 80151.0 10.0
1607657.0 80407.0 10.0
1609111.0 80479.0 10.0
1609789.0 80517.0 10.0
1609986.0 80524.0 10.0
1610999.0 80576.0 10.0
1613589.0 80702.0 10.0
1614653.0 80757.0 10.0
1619884.0 81020.0 10.0
1620644.0 81058.0 10.0
1621783.0 81110.0 10.0
1622619.0 81155.0 10.0
1624380.0 81242.0 10.0
1625364.0 81293.0 10.0
1625669.0 81305.0 10.0
1627511.0 81398.0 10.0
1628742.0 81467.0 10.0
1629878.0 81520.0 10.0
1630046.0 81528.0 10.0
1630560.0 81553.0 10.0
1635736.0 81815.0 10.0
1635911.0 81824.0 10.0
1637474.0 81902.0 10.0
1639749.0 82013.0 10.0
1640352.0 82044.0 10.0
1645198.0 82285.0 10.0
1645702.0 82311.0 10.0
1653668.0 82704.0 10.0
1658586.0 82960.0 10.0
1659366.0 82995.0 10.0
1663371.0 83192.0 10.0
1665696.0 83309.0 10.0
1673472.0 83695.0 10.0
1676514.0 83851.0 10.0
1680043.0 84026.0 10.0
1684813.0 84270.0 10.0
1687483.0 84405.0 10.0
1687762.0 84410.0 10.0
1690476.0 84552.0 10.0
1697990.0 84927.0 10.0
1703064.0 85187.0 10.0
1705706.0 85313.0 10.0
1706552.0 85353.0 10.0
1709829.0 85516.0 10.0
1716366.0 85850.0 10.0
1718285.0 85944.0 10.0
1722303.0 86141.0 10.0
1726708.0 86360.0 10.0
1730303.0 86540.0 10.0
1730384.0 86550.0 10.0
1731362.0 86595.0 10.0
1731538.0 86601.0 10.0
1733041.0 86681.0 10.0
1736600.0 86857.0 10.0
1739863.0 87022.0 10.0
1748130.0 87433.0 10.0
1751924.0 87621.0 10.0
1754219.0 87736.0 10.0
1755998.0 87825.0 10.0
1786578.0 89355.0 10.0
1811977.0 90626.0 10.0
1825786.0 91322.0 10.0
1825801.0 91320.0 10.0
1831276.0 91592.0 10.0
1842284.0 92138.0 10.0
1901540.0 95108.0 10.0
1911093.0 95582.0 10.0
