rev2
4196921.0 209847.0 10.0
4217281.0 210865.0 10.0
4257101.0 212856.0 10.0
4257881.0 212895.0 10.0
4276861.0 213844.0 10.0
4279761.0 213989.0 10.0
4285921.0 214297.0 10.0
4293821.0 214692.0 10.0
4328341.0 216418.0 10.0
4333081.0 216655.0 10.0
4380281.0 219015.0 10.0
4393141.0 219658.0 10.0
4396761.0 219839.0 10.0
4404481.0 220225.0 10.0
4404741.0 220238.0 10.0
4405701.0 220286.0 10.0
4415361.0 220769.0 10.0
4421501.0 221076.0 10.0
4421841.0 221093.0 10.0
4428681.0 221435.0 10.0
4433221.0 221662.0 10.0
4439661.0 221984.0 10.0
4441601.0 222081.0 10.0
4444921.0 222247.0 10.0
4450381.0 222520.0 10.0
4467701.0 223386.0 10.0
4481321.0 224067.0 10.0
4485861.0 224294.0 10.0
4491201.0 224561.0 10.0
4492461.0 224624.0 10.0
4497261.0 224864.0 10.0
4501601.0 225081.0 10.0
4510321.0 225517.0 10.0
4515721.0 225787.0 10.0
4531361.0 226569.0 10.0
4539481.0 226975.0 10.0
4540221.0 227012.0 10.0
4551861.0 227594.0 10.0
4553341.0 227668.0 10.0
4555501.0 227776.0 10.0
4563361.0 228169.0 10.0
4570341.0 228518.0 10.0
4575561.0 228779.0 10.0
4576601.0 228831.0 10.0
4580741.0 229038.0 10.0
4596401.0 229821.0 10.0
4601981.0 230100.0 10.0
4608341.0 230418.0 10.0
4619621.0 230982.0 10.0
4621321.0 231067.0 10.0
4627421.0 231372.0 10.0
4643121.0 232157.0 10.0
4648861.0 232444.0 10.0
4658121.0 232907.0 10.0
4667881.0 233395.0 10.0
4670761.0 233539.0 10.0
4674741.0 233738.0 10.0
4679621.0 233982.0 10.0
4679981.0 234000.0 10.0
4685481.0 234275.0 10.0
4686681.0 234335.0 10.0
4689701.0 234486.0 10.0
4691081.0 234555.0 10.0
4692241.0 234613.0 10.0
4694161.0 234709.0 10.0
4701481.0 235075.0 10.0
4706061.0 235304.0 10.0
4722361.0 236119.0 10.0
4733541.0 236678.0 10.0
4753261.0 237664.0 10.0
4760521.0 238027.0 10.0
4777741.0 238888.0 10.0
4811181.0 240560.0 10.0
4816941.0 240848.0 10.0
4829321.0 241467.0 10.0
4831401.0 241571.0 10.0
4843681.0 242185.0 10.0
4853901.0 242696.0 10.0
4854001.0 242701.0 10.0
4873601.0 243681.0 10.0
4893641.0 244683.0 10.0
4897301.0 244866.0 10.0
4913301.0 245666.0 10.0
4920481.0 246025.0 10.0
4923801.0 246191.0 10.0
4929901.0 246496.0 10.0
4964061.0 248204.0 10.0
4970401.0 248521.0 10.0
5067141.0 253358.0 10.0
5069861.0 253494.0 10.0
5084741.0 254238.0 10.0
5106021.0 255302.0 10.0
5125901.0 256296.0 10.0
5126621.0 256332.0 10.0
5139601.0 256981.0 10.0
5163521.0 258177.0 10.0
5258901.0 262946.0 10.0
5317981.0 265900.0 10.0
5323381.0 266170.0 10.0
5592421.0 279622.0 10.0
