rev2
1002721.0 50137.0 10.0
1005621.0 50282.0 10.0
1007781.0 50390.0 10.0
1013561.0 50679.0 10.0
1025621.0 51282.0 10.0
1026361.0 51319.0 10.0
1027401.0 51371.0 10.0
1028041.0 51403.0 10.0
1028081.0 51405.0 10.0
1031501.0 51576.0 10.0
1038161.0 51909.0 10.0
1040101.0 52006.0 10.0
1044281.0 52215.0 10.0
1047961.0 52399.0 10.0
1051841.0 52593.0 10.0
1053361.0 52669.0 10.0
1055621.0 52782.0 10.0
1056701.0 52836.0 10.0
1057101.0 52856.0 10.0
1060701.0 53036.0 10.0
1061081.0 53055.0 10.0
1061161.0 53059.0 10.0
1062441.0 53123.0 10.0
1068001.0 53401.0 10.0
1068441.0 53423.0 10.0
1068761.0 53439.0 10.0
1070141.0 53508.0 10.0
1070661.0 53534.0 10.0
1073941.0 53698.0 10.0
1077761.0 53889.0 10.0
1078281.0 53915.0 10.0
1078621.0 53932.0 10.0
1078641.0 53933.0 10.0
1080101.0 54006.0 10.0
1081421.0 54072.0 10.0
1082141.0 54108.0 10.0
1083261.0 54164.0 10.0
1083401.0 54171.0 10.0
1083461.0 54174.0 10.0
1085721.0 54287.0 10.0
1092901.0 54646.0 10.0
1093221.0 54662.0 10.0
1094721.0 54737.0 10.0
1094781.0 54740.0 10.0
1094801.0 54741.0 10.0
1095601.0 54781.0 10.0
1097201.0 54861.0 10.0
1099101.0 54956.0 10.0
1100061.0 55004.0 10.0
1100421.0 55022.0 10.0
1101041.0 55053.0 10.0
1103821.0 55192.0 10.0
1105501.0 55276.0 10.0
1105581.0 55280.0 10.0
1112861.0 55644.0 10.0
1115721.0 55787.0 10.0
1119821.0 55992.0 10.0
1122281.0 56115.0 10.0
1123081.0 56155.0 10.0
1126381.0 56320.0 10.0
1127801.0 56391.0 10.0
1128521.0 56427.0 10.0
1128741.0 56438.0 10.0
1131121.0 56557.0 10.0
1133161.0 56659.0 10.0
1135281.0 56765.0 10.0
1136781.0 56840.0 10.0
1137661.0 56884.0 10.0
1139501.0 56976.0 10.0
1140901.0 57046.0 10.0
1143181.0 57160.0 10.0
1145781.0 57290.0 10.0
1146581.0 57330.0 10.0
1149941.0 57498.0 10.0
1156161.0 57809.0 10.0
1158121.0 57907.0 10.0
1158461.0 57924.0 10.0
1164001.0 58201.0 10.0
1165501.0 58276.0 10.0
1165701.0 58286.0 10.0
1174621.0 58732.0 10.0
1174821.0 58742.0 10.0
1178681.0 58935.0 10.0
1183001.0 59151.0 10.0
1186361.0 59319.0 10.0
1190741.0 59538.0 10.0
1190801.0 59541.0 10.0
1195661.0 59784.0 10.0
1196581.0 59830.0 10.0
1200001.0 60001.0 10.0
1204761.0 60239.0 10.0
1204841.0 60243.0 10.0
1220941.0 61048.0 10.0
1240141.0 62008.0 10.0
1250781.0 62540.0 10.0
1255641.0 62783.0 10.0
1268241.0 63413.0 10.0
1276661.0 63834.0 10.0
1292441.0 64623.0 10.0
1317401.0 65871.0 10.0
