rev2
1.7609861E7 880494.0 10.0
1.7634201E7 881711.0 10.0
1.7807881E7 890395.0 10.0
1.8017461E7 900874.0 10.0
1.8051361E7 902569.0 10.0
1.8052961E7 902649.0 10.0
1.8093461E7 904674.0 10.0
1.8202801E7 910141.0 10.0
1.8229101E7 911456.0 10.0
1.8285461E7 914274.0 10.0
1.8317101E7 915856.0 10.0
1.8371561E7 918579.0 10.0
1.8389521E7 919477.0 10.0
1.8401981E7 920100.0 10.0
1.8432921E7 921647.0 10.0
1.8487221E7 924362.0 10.0
1.8499201E7 924961.0 10.0
1.8548961E7 927449.0 10.0
1.8568681E7 928435.0 10.0
1.8578681E7 928935.0 10.0
1.8610941E7 930548.0 10.0
1.8640181E7 932010.0 10.0
1.8661321E7 933067.0 10.0
1.8666661E7 933334.0 10.0
1.8666721E7 933337.0 10.0
1.8673341E7 933668.0 10.0
1.8699421E7 934972.0 10.0
1.8711201E7 935561.0 10.0
1.8724181E7 936210.0 10.0
1.8725321E7 936267.0 10.0
1.8738821E7 936942.0 10.0
1.8750481E7 937525.0 10.0
1.8790081E7 939505.0 10.0
1.8813461E7 940674.0 10.0
1.8836021E7 941802.0 10.0
1.8854861E7 942744.0 10.0
1.8884541E7 944228.0 10.0
1.8890941E7 944548.0 10.0
1.8912381E7 945620.0 10.0
1.8915541E7 945778.0 10.0
1.8933821E7 946692.0 10.0
1.8956741E7 947838.0 10.0
1.8967441E7 948373.0 10.0
1.8968461E7 948424.0 10.0
1.8983541E7 949178.0 10.0
1.8991541E7 949578.0 10.0
1.9012161E7 950609.0 10.0
1.9043781E7 952190.0 10.0
1.9056881E7 952845.0 10.0
1.9077341E7 953868.0 10.0
1.9113421E7 955672.0 10.0
1.9139721E7 956987.0 10.0
1.9174121E7 958707.0 10.0
1.9203441E7 960173.0 10.0
1.9221621E7 961082.0 10.0
1.9225841E7 961293.0 10.0
1.9243661E7 962184.0 10.0
1.9245981E7 962300.0 10.0
1.9282221E7 964112.0 10.0
1.9306581E7 965330.0 10.0
1.9333721E7 966687.0 10.0
1.9392641E7 969633.0 10.0
1.9420041E7 971003.0 10.0
1.9435181E7 971760.0 10.0
1.9461001E7 973051.0 10.0
1.9472161E7 973609.0 10.0
1.9498021E7 974902.0 10.0
1.9570021E7 978502.0 10.0
1.9583081E7 979155.0 10.0
1.9609501E7 980476.0 10.0
1.9613761E7 980689.0 10.0
1.9649121E7 982457.0 10.0
1.9653821E7 982692.0 10.0
1.9659801E7 982991.0 10.0
1.9825261E7 991264.0 10.0
1.9842881E7 992145.0 10.0
1.9893361E7 994669.0 10.0
1.9905341E7 995268.0 10.0
1.9949101E7 997456.0 10.0
1.9949341E7 997468.0 10.0
2.0068241E7 1003413.0 10.0
2.0097241E7 1004863.0 10.0
2.0119641E7 1005983.0 10.0
2.0192361E7 1009619.0 10.0
2.0234221E7 1011712.0 10.0
2.0299701E7 1014986.0 10.0
2.0431801E7 1021591.0 10.0
2.0572521E7 1028627.0 10.0
2.0603601E7 1030181.0 10.0
2.0687581E7 1034380.0 10.0
2.0856381E7 1042820.0 10.0
2.1071061E7 1053554.0 10.0
2.1130841E7 1056543.0 10.0
2.1331401E7 1066571.0 10.0
2.1427241E7 1071363.0 10.0
2.1429021E7 1071452.0 10.0
2.1724721E7 1086237.0 10.0
2.1840121E7 1092007.0 10.0
2.2227281E7 1111365.0 10.0
2.2814221E7 1140712.0 10.0
