rev2
464721.0 23237.0 10.0
476801.0 23841.0 10.0
479621.0 23982.0 10.0
489101.0 24456.0 10.0
495741.0 24788.0 10.0
496741.0 24838.0 10.0
497801.0 24891.0 10.0
498761.0 24939.0 10.0
500801.0 25041.0 10.0
503081.0 25155.0 10.0
503381.0 25170.0 10.0
505161.0 25259.0 10.0
505521.0 25277.0 10.0
506341.0 25318.0 10.0
509181.0 25460.0 10.0
511221.0 25562.0 10.0
514861.0 25744.0 10.0
515241.0 25763.0 10.0
515461.0 25774.0 10.0
515741.0 25788.0 10.0
516021.0 25802.0 10.0
517021.0 25852.0 10.0
517801.0 25891.0 10.0
518201.0 25911.0 10.0
518341.0 25918.0 10.0
518801.0 25941.0 10.0
518921.0 25947.0 10.0
520161.0 26009.0 10.0
520481.0 26025.0 10.0
520501.0 26026.0 10.0
521081.0 26055.0 10.0
521941.0 26098.0 10.0
524241.0 26213.0 10.0
524301.0 26216.0 10.0
526061.0 26304.0 10.0
526181.0 26310.0 10.0
526721.0 26337.0 10.0
527781.0 26390.0 10.0
528321.0 26417.0 10.0
531781.0 26590.0 10.0
532281.0 26615.0 10.0
534061.0 26704.0 10.0
534241.0 26713.0 10.0
535681.0 26785.0 10.0
535781.0 26790.0 10.0
535921.0 26797.0 10.0
538281.0 26915.0 10.0
538561.0 26929.0 10.0
540361.0 27019.0 10.0
541101.0 27056.0 10.0
543981.0 27200.0 10.0
545221.0 27262.0 10.0
545321.0 27267.0 10.0
546801.0 27341.0 10.0
549421.0 27472.0 10.0
550521.0 27527.0 10.0
551161.0 27559.0 10.0
551501.0 27576.0 10.0
552261.0 27614.0 10.0
553761.0 27689.0 10.0
553801.0 27691.0 10.0
554461.0 27724.0 10.0
554761.0 27739.0 10.0
556361.0 27819.0 10.0
556861.0 27844.0 10.0
559821.0 27992.0 10.0
562761.0 28139.0 10.0
563541.0 28178.0 10.0
564801.0 28241.0 10.0
567881.0 28395.0 10.0
570581.0 28530.0 10.0
571821.0 28592.0 10.0
572561.0 28629.0 10.0
574101.0 28706.0 10.0
576661.0 28834.0 10.0
577721.0 28887.0 10.0
581581.0 29080.0 10.0
584661.0 29234.0 10.0
584701.0 29236.0 10.0
584881.0 29245.0 10.0
584961.0 29249.0 10.0
586001.0 29301.0 10.0
587481.0 29375.0 10.0
591741.0 29588.0 10.0
592301.0 29616.0 10.0
592921.0 29647.0 10.0
595301.0 29766.0 10.0
598201.0 29911.0 10.0
598761.0 29939.0 10.0
598781.0 29940.0 10.0
604001.0 30201.0 10.0
604401.0 30221.0 10.0
606101.0 30306.0 10.0
612381.0 30620.0 10.0
616321.0 30817.0 10.0
618541.0 30928.0 10.0
621841.0 31093.0 10.0
622441.0 31123.0 10.0
637021.0 31852.0 10.0
637741.0 31888.0 10.0
