rev4
172430.0 8625.0 10.0
174170.0 8710.0 10.0
175767.0 8791.0 10.0
176914.0 8848.0 10.0
177165.0 8862.0 10.0
178051.0 8906.0 10.0
178448.0 8928.0 10.0
179191.0 8962.0 10.0
180051.0 9007.0 10.0
180142.0 9011.0 10.0
180239.0 9015.0 10.0
180262.0 9017.0 10.0
180752.0 9041.0 10.0
181988.0 9103.0 10.0
182016.0 9104.0 10.0
183103.0 9160.0 10.0
183113.0 9158.0 10.0
184960.0 9252.0 10.0
185186.0 9263.0 10.0
185351.0 9270.0 10.0
185439.0 9278.0 10.0
185689.0 9287.0 10.0
185740.0 9290.0 10.0
185842.0 9295.0 10.0
186061.0 9306.0 10.0
186326.0 9318.0 10.0
186722.0 9339.0 10.0
187064.0 9357.0 10.0
187129.0 9360.0 10.0
187309.0 9369.0 10.0
187325.0 9371.0 10.0
187595.0 9382.0 10.0
188188.0 9412.0 10.0
188329.0 9420.0 10.0
188342.0 9422.0 10.0
188602.0 9434.0 10.0
189050.0 9456.0 10.0
189178.0 9461.0 10.0
189528.0 9481.0 10.0
190023.0 9505.0 10.0
190035.0 9505.0 10.0
190255.0 9517.0 10.0
190274.0 9518.0 10.0
190334.0 9520.0 10.0
190744.0 9540.0 10.0
190792.0 9544.0 10.0
191042.0 9556.0 10.0
191740.0 9589.0 10.0
191897.0 9598.0 10.0
192018.0 9604.0 10.0
192062.0 9609.0 10.0
192124.0 9611.0 10.0
192359.0 9624.0 10.0
193175.0 9665.0 10.0
193374.0 9672.0 10.0
193405.0 9675.0 10.0
193701.0 9688.0 10.0
194657.0 9735.0 10.0
195108.0 9758.0 10.0
195327.0 9770.0 10.0
196154.0 9811.0 10.0
196600.0 9834.0 10.0
197171.0 9862.0 10.0
197694.0 9886.0 10.0
197776.0 9892.0 10.0
198134.0 9911.0 10.0
198775.0 9944.0 10.0
199261.0 9967.0 10.0
199546.0 9981.0 10.0
199636.0 9985.0 10.0
199965.0 10002.0 10.0
199983.0 10004.0 10.0
200719.0 10040.0 10.0
200798.0 10043.0 10.0
201930.0 10101.0 10.0
202235.0 10115.0 10.0
202812.0 10144.0 10.0
203095.0 10159.0 10.0
203317.0 10170.0 10.0
203329.0 10172.0 10.0
203620.0 10185.0 10.0
205329.0 10269.0 10.0
206134.0 10312.0 10.0
207027.0 10356.0 10.0
207228.0 10367.0 10.0
207737.0 10391.0 10.0
207944.0 10403.0 10.0
208852.0 10447.0 10.0
209595.0 10485.0 10.0
211016.0 10555.0 10.0
211162.0 10563.0 10.0
213215.0 10667.0 10.0
214825.0 10746.0 10.0
215509.0 10779.0 10.0
220168.0 11013.0 10.0
228855.0 11446.0 10.0
230559.0 11535.0 10.0
230609.0 11534.0 10.0
231557.0 11582.0 10.0
233615.0 11686.0 10.0
