rev2
54501.0 2726.0 10.0
54781.0 2740.0 10.0
55621.0 2782.0 10.0
55821.0 2792.0 10.0
57101.0 2856.0 10.0
57181.0 2860.0 10.0
57801.0 2891.0 10.0
57841.0 2893.0 10.0
58541.0 2928.0 10.0
58841.0 2943.0 10.0
58881.0 2945.0 10.0
59221.0 2962.0 10.0
59461.0 2974.0 10.0
59621.0 2982.0 10.0
59781.0 2990.0 10.0
59881.0 2995.0 10.0
59921.0 2997.0 10.0
60281.0 3015.0 10.0
60281.0 3015.0 10.0
60561.0 3029.0 10.0
60901.0 3046.0 10.0
61121.0 3057.0 10.0
61141.0 3058.0 10.0
61161.0 3059.0 10.0
61161.0 3059.0 10.0
61241.0 3063.0 10.0
61361.0 3069.0 10.0
61421.0 3072.0 10.0
61441.0 3073.0 10.0
61461.0 3074.0 10.0
61641.0 3083.0 10.0
61901.0 3096.0 10.0
62101.0 3106.0 10.0
62101.0 3106.0 10.0
62121.0 3107.0 10.0
62341.0 3118.0 10.0
62421.0 3122.0 10.0
62421.0 3122.0 10.0
62541.0 3128.0 10.0
62561.0 3129.0 10.0
62741.0 3138.0 10.0
62801.0 3141.0 10.0
63141.0 3158.0 10.0
63761.0 3189.0 10.0
64081.0 3205.0 10.0
64161.0 3209.0 10.0
64181.0 3210.0 10.0
64281.0 3215.0 10.0
64381.0 3220.0 10.0
64781.0 3240.0 10.0
64781.0 3240.0 10.0
64821.0 3242.0 10.0
64821.0 3242.0 10.0
65101.0 3256.0 10.0
65281.0 3265.0 10.0
65301.0 3266.0 10.0
65301.0 3266.0 10.0
65841.0 3293.0 10.0
66101.0 3306.0 10.0
66301.0 3316.0 10.0
66301.0 3316.0 10.0
66641.0 3333.0 10.0
66721.0 3337.0 10.0
66841.0 3343.0 10.0
66961.0 3349.0 10.0
66961.0 3349.0 10.0
67161.0 3359.0 10.0
67661.0 3384.0 10.0
67681.0 3385.0 10.0
67741.0 3388.0 10.0
67741.0 3388.0 10.0
67741.0 3388.0 10.0
67761.0 3389.0 10.0
67801.0 3391.0 10.0
67861.0 3394.0 10.0
68101.0 3406.0 10.0
68181.0 3410.0 10.0
68281.0 3415.0 10.0
68441.0 3423.0 10.0
68541.0 3428.0 10.0
68601.0 3431.0 10.0
68781.0 3440.0 10.0
68921.0 3447.0 10.0
68961.0 3449.0 10.0
69001.0 3451.0 10.0
69381.0 3470.0 10.0
70241.0 3513.0 10.0
70461.0 3524.0 10.0
70861.0 3544.0 10.0
70921.0 3547.0 10.0
71441.0 3573.0 10.0
71441.0 3573.0 10.0
72381.0 3620.0 10.0
72801.0 3641.0 10.0
73041.0 3653.0 10.0
73241.0 3663.0 10.0
74341.0 3718.0 10.0
75321.0 3767.0 10.0
75421.0 3772.0 10.0
75841.0 3793.0 10.0
