rev2
199.0 10.0 11.0
199.0 10.0 11.0
199.0 10.0 11.0
221.0 11.0 11.0
221.0 11.0 11.0
221.0 11.0 11.0
221.0 11.0 11.0
243.0 12.0 11.0
243.0 12.0 11.0
243.0 12.0 11.0
243.0 12.0 11.0
243.0 12.0 11.0
243.0 12.0 11.0
243.0 12.0 11.0
243.0 12.0 11.0
265.0 13.0 11.0
265.0 13.0 11.0
265.0 13.0 11.0
265.0 13.0 11.0
265.0 13.0 11.0
287.0 14.0 11.0
287.0 14.0 11.0
287.0 14.0 11.0
287.0 14.0 11.0
287.0 14.0 11.0
287.0 14.0 11.0
287.0 14.0 11.0
287.0 14.0 11.0
287.0 14.0 11.0
309.0 15.0 11.0
309.0 15.0 11.0
309.0 15.0 11.0
309.0 15.0 11.0
309.0 15.0 11.0
309.0 15.0 11.0
309.0 15.0 11.0
309.0 15.0 11.0
309.0 15.0 11.0
309.0 15.0 11.0
309.0 15.0 11.0
309.0 15.0 11.0
309.0 15.0 11.0
309.0 15.0 11.0
331.0 16.0 11.0
331.0 16.0 11.0
331.0 16.0 11.0
331.0 16.0 11.0
331.0 16.0 11.0
331.0 16.0 11.0
331.0 16.0 11.0
353.0 17.0 11.0
353.0 17.0 11.0
353.0 17.0 11.0
353.0 17.0 11.0
353.0 17.0 11.0
353.0 17.0 11.0
353.0 17.0 11.0
353.0 17.0 11.0
353.0 17.0 11.0
353.0 17.0 11.0
375.0 18.0 11.0
375.0 18.0 11.0
375.0 18.0 11.0
375.0 18.0 11.0
375.0 18.0 11.0
375.0 18.0 11.0
375.0 18.0 11.0
375.0 18.0 11.0
375.0 18.0 11.0
375.0 18.0 11.0
375.0 18.0 11.0
397.0 19.0 11.0
397.0 19.0 11.0
397.0 19.0 11.0
397.0 19.0 11.0
397.0 19.0 11.0
397.0 19.0 11.0
397.0 19.0 11.0
397.0 19.0 11.0
397.0 19.0 11.0
397.0 19.0 11.0
419.0 20.0 11.0
419.0 20.0 11.0
419.0 20.0 11.0
419.0 20.0 11.0
419.0 20.0 11.0
419.0 20.0 11.0
419.0 20.0 11.0
441.0 21.0 11.0
441.0 21.0 11.0
441.0 21.0 11.0
441.0 21.0 11.0
441.0 21.0 11.0
441.0 21.0 11.0
463.0 22.0 11.0
485.0 23.0 11.0
485.0 23.0 11.0
507.0 24.0 11.0
639.0 30.0 11.0
727.0 34.0 11.0
