rev2
10385.0 473.0 11.0
10627.0 484.0 11.0
10715.0 488.0 11.0
10781.0 491.0 11.0
11111.0 506.0 11.0
11199.0 510.0 11.0
11265.0 513.0 11.0
11309.0 515.0 11.0
11331.0 516.0 11.0
11375.0 518.0 11.0
11419.0 520.0 11.0
11419.0 520.0 11.0
11463.0 522.0 11.0
11507.0 524.0 11.0
11529.0 525.0 11.0
11551.0 526.0 11.0
11573.0 527.0 11.0
11573.0 527.0 11.0
11595.0 528.0 11.0
11617.0 529.0 11.0
11617.0 529.0 11.0
11639.0 530.0 11.0
11705.0 533.0 11.0
11705.0 533.0 11.0
11771.0 536.0 11.0
11815.0 538.0 11.0
11837.0 539.0 11.0
11859.0 540.0 11.0
11881.0 541.0 11.0
11881.0 541.0 11.0
11881.0 541.0 11.0
11881.0 541.0 11.0
11903.0 542.0 11.0
11903.0 542.0 11.0
11925.0 543.0 11.0
11925.0 543.0 11.0
11969.0 545.0 11.0
11991.0 546.0 11.0
12035.0 548.0 11.0
12057.0 549.0 11.0
12057.0 549.0 11.0
12057.0 549.0 11.0
12101.0 551.0 11.0
12123.0 552.0 11.0
12123.0 552.0 11.0
12145.0 553.0 11.0
12145.0 553.0 11.0
12167.0 554.0 11.0
12167.0 554.0 11.0
12211.0 556.0 11.0
12211.0 556.0 11.0
12233.0 557.0 11.0
12255.0 558.0 11.0
12255.0 558.0 11.0
12299.0 560.0 11.0
12321.0 561.0 11.0
12343.0 562.0 11.0
12365.0 563.0 11.0
12409.0 565.0 11.0
12409.0 565.0 11.0
12431.0 566.0 11.0
12431.0 566.0 11.0
12453.0 567.0 11.0
12475.0 568.0 11.0
12475.0 568.0 11.0
12497.0 569.0 11.0
12519.0 570.0 11.0
12563.0 572.0 11.0
12585.0 573.0 11.0
12585.0 573.0 11.0
12651.0 576.0 11.0
12673.0 577.0 11.0
12805.0 583.0 11.0
12805.0 583.0 11.0
12827.0 584.0 11.0
12827.0 584.0 11.0
12849.0 585.0 11.0
12871.0 586.0 11.0
12871.0 586.0 11.0
12959.0 590.0 11.0
13135.0 598.0 11.0
13135.0 598.0 11.0
13135.0 598.0 11.0
13157.0 599.0 11.0
13157.0 599.0 11.0
13289.0 605.0 11.0
13311.0 606.0 11.0
13531.0 616.0 11.0
13597.0 619.0 11.0
13619.0 620.0 11.0
13641.0 621.0 11.0
13685.0 623.0 11.0
13685.0 623.0 11.0
13993.0 637.0 11.0
14059.0 640.0 11.0
14147.0 644.0 11.0
14169.0 645.0 11.0
14873.0 677.0 11.0
15203.0 692.0 11.0
16897.0 769.0 11.0
