rev2
6.5128625E7 2960393.0 11.0
6.5866615E7 2993938.0 11.0
6.6754029E7 3034275.0 11.0
6.6963183E7 3043782.0 11.0
6.7063987E7 3048364.0 11.0
6.7149369E7 3052245.0 11.0
6.7675917E7 3076179.0 11.0
6.7716375E7 3078018.0 11.0
6.7896181E7 3086191.0 11.0
6.7912087E7 3086914.0 11.0
6.8057485E7 3093523.0 11.0
6.8160995E7 3098228.0 11.0
6.8182533E7 3099207.0 11.0
6.8189441E7 3099521.0 11.0
6.8229921E7 3101361.0 11.0
6.8263053E7 3102867.0 11.0
6.8459227E7 3111784.0 11.0
6.8495373E7 3113427.0 11.0
6.8560757E7 3116399.0 11.0
6.8561923E7 3116452.0 11.0
6.8613843E7 3118812.0 11.0
6.8721687E7 3123714.0 11.0
6.8752223E7 3125102.0 11.0
6.8816771E7 3128036.0 11.0
6.8905783E7 3132082.0 11.0
6.8997171E7 3136236.0 11.0
6.9030039E7 3137730.0 11.0
6.9180519E7 3144570.0 11.0
6.9274723E7 3148852.0 11.0
6.9308647E7 3150394.0 11.0
6.9325477E7 3151159.0 11.0
6.9385559E7 3153890.0 11.0
6.9440383E7 3156382.0 11.0
6.9747525E7 3170343.0 11.0
6.9765895E7 3171178.0 11.0
6.9799159E7 3172690.0 11.0
6.9942137E7 3179189.0 11.0
7.0042633E7 3183757.0 11.0
7.0074731E7 3185216.0 11.0
7.0132525E7 3187843.0 11.0
7.0259245E7 3193603.0 11.0
7.0477859E7 3203540.0 11.0
7.0610651E7 3209576.0 11.0
7.0623213E7 3210147.0 11.0
7.0632145E7 3210553.0 11.0
7.0632849E7 3210585.0 11.0
7.0696517E7 3213479.0 11.0
7.0785221E7 3217511.0 11.0
7.0924613E7 3223847.0 11.0
7.0950837E7 3225039.0 11.0
7.0976577E7 3226209.0 11.0
7.1033645E7 3228803.0 11.0
7.1187623E7 3235802.0 11.0
7.1206609E7 3236665.0 11.0
7.1278087E7 3239914.0 11.0
7.1384545E7 3244753.0 11.0
7.1414311E7 3246106.0 11.0
7.1461919E7 3248270.0 11.0
7.1613895E7 3255178.0 11.0
7.1695471E7 3258886.0 11.0
7.1699739E7 3259080.0 11.0
7.1721431E7 3260066.0 11.0
7.1758941E7 3261771.0 11.0
7.2373907E7 3289724.0 11.0
7.2539017E7 3297229.0 11.0
7.2545617E7 3297529.0 11.0
7.2682127E7 3303734.0 11.0
7.2730439E7 3305930.0 11.0
7.2787287E7 3308514.0 11.0
7.2798705E7 3309033.0 11.0
7.3123403E7 3323792.0 11.0
7.3228255E7 3328558.0 11.0
7.3343359E7 3333790.0 11.0
7.3406125E7 3336643.0 11.0
7.3434989E7 3337955.0 11.0
7.3787693E7 3353987.0 11.0
7.3931661E7 3360531.0 11.0
7.4109223E7 3368602.0 11.0
7.4446769E7 3383945.0 11.0
7.4606885E7 3391223.0 11.0
7.4780663E7 3399122.0 11.0
7.4802663E7 3400122.0 11.0
7.4877903E7 3403542.0 11.0
7.5037865E7 3410813.0 11.0
7.5327583E7 3423982.0 11.0
7.5658551E7 3439026.0 11.0
7.5689615E7 3440438.0 11.0
7.6018867E7 3455404.0 11.0
7.6115865E7 3459813.0 11.0
7.6517145E7 3478053.0 11.0
7.6952613E7 3497847.0 11.0
7.7119285E7 3505423.0 11.0
7.7408497E7 3518569.0 11.0
7.8266585E7 3557573.0 11.0
7.8482735E7 3567398.0 11.0
7.8886017E7 3585729.0 11.0
8.0231031E7 3646866.0 11.0
8.1016255E7 3682558.0 11.0
8.2122085E7 3732823.0 11.0
8.4411471E7 3836886.0 11.0
