rev2
1.5621981E7 710091.0 11.0
1.5626425E7 710293.0 11.0
1.5789269E7 717695.0 11.0
1.5816241E7 718921.0 11.0
1.5823963E7 719272.0 11.0
1.5930905E7 724133.0 11.0
1.5934513E7 724297.0 11.0
1.5956469E7 725295.0 11.0
1.6003593E7 727437.0 11.0
1.6008719E7 727670.0 11.0
1.6055205E7 729783.0 11.0
1.6079361E7 730881.0 11.0
1.6101713E7 731897.0 11.0
1.6103187E7 731964.0 11.0
1.6136033E7 733457.0 11.0
1.6149299E7 734060.0 11.0
1.6171871E7 735086.0 11.0
1.6227333E7 737607.0 11.0
1.6247353E7 738517.0 11.0
1.6282157E7 740099.0 11.0
1.6284203E7 740192.0 11.0
1.6284621E7 740211.0 11.0
1.6289263E7 740422.0 11.0
1.6388285E7 744923.0 11.0
1.6391805E7 745083.0 11.0
1.6406479E7 745750.0 11.0
1.6419899E7 746360.0 11.0
1.6426367E7 746654.0 11.0
1.6436553E7 747117.0 11.0
1.6440095E7 747278.0 11.0
1.6446057E7 747549.0 11.0
1.6455583E7 747982.0 11.0
1.6471863E7 748722.0 11.0
1.6476373E7 748927.0 11.0
1.6501805E7 750083.0 11.0
1.6520901E7 750951.0 11.0
1.6537775E7 751718.0 11.0
1.6559555E7 752708.0 11.0
1.6561645E7 752803.0 11.0
1.6578805E7 753583.0 11.0
1.6608351E7 754926.0 11.0
1.6660711E7 757306.0 11.0
1.6726513E7 760297.0 11.0
1.6747303E7 761242.0 11.0
1.6759997E7 761819.0 11.0
1.6777641E7 762621.0 11.0
1.6799707E7 763624.0 11.0
1.6808419E7 764020.0 11.0
1.6813105E7 764233.0 11.0
1.6817879E7 764450.0 11.0
1.6824127E7 764734.0 11.0
1.6889159E7 767690.0 11.0
1.6900819E7 768220.0 11.0
1.6904163E7 768372.0 11.0
1.6915185E7 768873.0 11.0
1.6928297E7 769469.0 11.0
1.6940375E7 770018.0 11.0
1.6948625E7 770393.0 11.0
1.6959713E7 770897.0 11.0
1.6980349E7 771835.0 11.0
1.6990227E7 772284.0 11.0
1.7038737E7 774489.0 11.0
1.7043313E7 774697.0 11.0
1.7063377E7 775609.0 11.0
1.7211415E7 782338.0 11.0
1.7231985E7 783273.0 11.0
1.7235791E7 783446.0 11.0
1.7313363E7 786972.0 11.0
1.7313561E7 786981.0 11.0
1.7393707E7 790624.0 11.0
1.7416125E7 791643.0 11.0
1.7427037E7 792139.0 11.0
1.7449675E7 793168.0 11.0
1.7545639E7 797530.0 11.0
1.7552305E7 797833.0 11.0
1.7555957E7 797999.0 11.0
1.7598769E7 799945.0 11.0
1.7602729E7 800125.0 11.0
1.7615995E7 800728.0 11.0
1.7646729E7 802125.0 11.0
1.7657729E7 802625.0 11.0
1.7658169E7 802645.0 11.0
1.7679179E7 803600.0 11.0
1.7736401E7 806201.0 11.0
1.7783349E7 808335.0 11.0
1.7788497E7 808569.0 11.0
1.7863077E7 811959.0 11.0
1.7922411E7 814656.0 11.0
1.7964343E7 816562.0 11.0
1.8184035E7 826548.0 11.0
1.8184651E7 826576.0 11.0
1.8197081E7 827141.0 11.0
1.8376975E7 835318.0 11.0
1.8377085E7 835323.0 11.0
1.8379901E7 835451.0 11.0
1.8472191E7 839646.0 11.0
1.8647135E7 847598.0 11.0
1.8706359E7 850290.0 11.0
1.9102601E7 868301.0 11.0
2.0029109E7 910415.0 11.0
