rev2
5259.0 240.0 11.0
5259.0 240.0 11.0
5281.0 241.0 11.0
5325.0 243.0 11.0
5413.0 247.0 11.0
5435.0 248.0 11.0
5435.0 248.0 11.0
5457.0 249.0 11.0
5479.0 250.0 11.0
5501.0 251.0 11.0
5523.0 252.0 11.0
5523.0 252.0 11.0
5545.0 253.0 11.0
5567.0 254.0 11.0
5589.0 255.0 11.0
5589.0 255.0 11.0
5611.0 256.0 11.0
5633.0 257.0 11.0
5677.0 259.0 11.0
5677.0 259.0 11.0
5677.0 259.0 11.0
5721.0 261.0 11.0
5721.0 261.0 11.0
5743.0 262.0 11.0
5743.0 262.0 11.0
5765.0 263.0 11.0
5765.0 263.0 11.0
5765.0 263.0 11.0
5787.0 264.0 11.0
5809.0 265.0 11.0
5831.0 266.0 11.0
5853.0 267.0 11.0
5875.0 268.0 11.0
5875.0 268.0 11.0
5919.0 270.0 11.0
5963.0 272.0 11.0
5963.0 272.0 11.0
5963.0 272.0 11.0
5985.0 273.0 11.0
6007.0 274.0 11.0
6007.0 274.0 11.0
6029.0 275.0 11.0
6073.0 277.0 11.0
6073.0 277.0 11.0
6095.0 278.0 11.0
6095.0 278.0 11.0
6095.0 278.0 11.0
6095.0 278.0 11.0
6095.0 278.0 11.0
6095.0 278.0 11.0
6095.0 278.0 11.0
6095.0 278.0 11.0
6095.0 278.0 11.0
6117.0 279.0 11.0
6117.0 279.0 11.0
6161.0 281.0 11.0
6161.0 281.0 11.0
6161.0 281.0 11.0
6161.0 281.0 11.0
6183.0 282.0 11.0
6183.0 282.0 11.0
6205.0 283.0 11.0
6205.0 283.0 11.0
6227.0 284.0 11.0
6227.0 284.0 11.0
6227.0 284.0 11.0
6249.0 285.0 11.0
6249.0 285.0 11.0
6271.0 286.0 11.0
6271.0 286.0 11.0
6271.0 286.0 11.0
6293.0 287.0 11.0
6315.0 288.0 11.0
6337.0 289.0 11.0
6403.0 292.0 11.0
6425.0 293.0 11.0
6425.0 293.0 11.0
6447.0 294.0 11.0
6469.0 295.0 11.0
6469.0 295.0 11.0
6469.0 295.0 11.0
6469.0 295.0 11.0
6557.0 299.0 11.0
6601.0 301.0 11.0
6623.0 302.0 11.0
6623.0 302.0 11.0
6645.0 303.0 11.0
6645.0 303.0 11.0
6733.0 307.0 11.0
6755.0 308.0 11.0
6755.0 308.0 11.0
6821.0 311.0 11.0
6931.0 316.0 11.0
6975.0 318.0 11.0
6997.0 319.0 11.0
7041.0 321.0 11.0
7173.0 327.0 11.0
7195.0 328.0 11.0
7349.0 335.0 11.0
7503.0 342.0 11.0
