rev2
2.76575421E8 1.2571611E7 11.0
2.80917495E8 1.2768978E7 11.0
2.82934301E8 1.2860651E7 11.0
2.82967323E8 1.2862152E7 11.0
2.83010509E8 1.2864115E7 11.0
2.83301283E8 1.2877332E7 11.0
2.83717061E8 1.2896231E7 11.0
2.83950569E8 1.2906845E7 11.0
2.84055333E8 1.2911607E7 11.0
2.84886889E8 1.2949405E7 11.0
2.85373595E8 1.2971528E7 11.0
2.85635109E8 1.2983415E7 11.0
2.85756967E8 1.2988954E7 11.0
2.86556601E8 1.3025301E7 11.0
2.86571253E8 1.3025967E7 11.0
2.86864337E8 1.3039289E7 11.0
2.87305305E8 1.3059333E7 11.0
2.87354211E8 1.3061556E7 11.0
2.88002221E8 1.3091011E7 11.0
2.88721379E8 1.31237E7 11.0
2.89135903E8 1.3142542E7 11.0
2.89384437E8 1.3153839E7 11.0
2.89935823E8 1.3178902E7 11.0
2.89949265E8 1.3179513E7 11.0
2.90541351E8 1.3206426E7 11.0
2.90679863E8 1.3212722E7 11.0
2.90895639E8 1.322253E7 11.0
2.91075555E8 1.3230708E7 11.0
2.91121205E8 1.3232783E7 11.0
2.91254855E8 1.3238858E7 11.0
2.91480949E8 1.3249135E7 11.0
2.91492873E8 1.3249677E7 11.0
2.92323505E8 1.3287433E7 11.0
2.92422483E8 1.3291932E7 11.0
2.92454515E8 1.3293388E7 11.0
2.93100171E8 1.3322736E7 11.0
2.93392837E8 1.3336039E7 11.0
2.93854881E8 1.3357041E7 11.0
2.93921849E8 1.3360085E7 11.0
2.94743329E8 1.3397425E7 11.0
2.95109057E8 1.3414049E7 11.0
2.95200533E8 1.3418207E7 11.0
2.95271769E8 1.3421445E7 11.0
2.96548561E8 1.3479481E7 11.0
2.96574939E8 1.348068E7 11.0
2.97064637E8 1.3502939E7 11.0
2.97350835E8 1.3515948E7 11.0
2.97356357E8 1.3516199E7 11.0
2.97394241E8 1.3517921E7 11.0
2.97726925E8 1.3533043E7 11.0
2.97738519E8 1.353357E7 11.0
2.97934847E8 1.3542494E7 11.0
2.98016907E8 1.3546224E7 11.0
2.98076483E8 1.3548932E7 11.0
2.98580063E8 1.3571822E7 11.0
2.98715077E8 1.3577959E7 11.0
2.99511587E8 1.3614164E7 11.0
2.99634303E8 1.3619742E7 11.0
2.99702371E8 1.3622836E7 11.0
3.00449161E8 1.3656781E7 11.0
3.00745413E8 1.3670247E7 11.0
3.01556135E8 1.3707098E7 11.0
3.01589553E8 1.3708617E7 11.0
3.01674385E8 1.3712473E7 11.0
3.01688839E8 1.371313E7 11.0
3.02115463E8 1.3732522E7 11.0
3.02164303E8 1.3734742E7 11.0
3.02463833E8 1.3748357E7 11.0
3.02751285E8 1.3761423E7 11.0
3.03433703E8 1.3792442E7 11.0
3.04224669E8 1.3828395E7 11.0
3.05725377E8 1.3896609E7 11.0
3.05774547E8 1.3898844E7 11.0
3.05814785E8 1.3900673E7 11.0
3.06129275E8 1.3914968E7 11.0
3.06249109E8 1.3920415E7 11.0
3.06325449E8 1.3923885E7 11.0
3.06450123E8 1.3929552E7 11.0
3.07064451E8 1.3957476E7 11.0
3.07741193E8 1.3988237E7 11.0
3.07856099E8 1.399346E7 11.0
3.08213511E8 1.4009706E7 11.0
3.08854459E8 1.403884E7 11.0
3.10398067E8 1.4109004E7 11.0
3.10425897E8 1.4110269E7 11.0
3.11118787E8 1.4141764E7 11.0
3.11588003E8 1.4163092E7 11.0
3.12121701E8 1.4187351E7 11.0
3.13536873E8 1.4251677E7 11.0
3.13900291E8 1.4268196E7 11.0
3.14074993E8 1.4276137E7 11.0
3.14885187E8 1.4312964E7 11.0
3.15138935E8 1.4324498E7 11.0
3.15578539E8 1.434448E7 11.0
3.22029643E8 1.4637712E7 11.0
3.26188501E8 1.4826751E7 11.0
3.29130341E8 1.4960471E7 11.0
3.29579009E8 1.4980865E7 11.0
3.36627589E8 1.5301255E7 11.0
3.39113567E8 1.5414254E7 11.0
