rev2
206801.0 9401.0 11.0
207681.0 9441.0 11.0
207901.0 9451.0 11.0
208649.0 9485.0 11.0
209155.0 9508.0 11.0
210057.0 9549.0 11.0
210277.0 9559.0 11.0
210761.0 9581.0 11.0
211135.0 9598.0 11.0
211245.0 9603.0 11.0
211993.0 9637.0 11.0
212433.0 9657.0 11.0
212521.0 9661.0 11.0
213203.0 9692.0 11.0
213753.0 9717.0 11.0
213841.0 9721.0 11.0
214149.0 9735.0 11.0
214831.0 9766.0 11.0
215293.0 9787.0 11.0
215711.0 9806.0 11.0
216085.0 9823.0 11.0
216195.0 9828.0 11.0
216613.0 9847.0 11.0
216679.0 9850.0 11.0
216701.0 9851.0 11.0
216789.0 9855.0 11.0
217097.0 9869.0 11.0
217163.0 9872.0 11.0
217317.0 9879.0 11.0
217977.0 9909.0 11.0
218087.0 9914.0 11.0
218527.0 9934.0 11.0
219187.0 9964.0 11.0
219253.0 9967.0 11.0
219341.0 9971.0 11.0
219473.0 9977.0 11.0
219517.0 9979.0 11.0
219539.0 9980.0 11.0
219847.0 9994.0 11.0
220375.0 10018.0 11.0
220683.0 10032.0 11.0
220925.0 10043.0 11.0
221453.0 10067.0 11.0
221717.0 10079.0 11.0
221915.0 10088.0 11.0
222553.0 10117.0 11.0
222663.0 10122.0 11.0
222949.0 10135.0 11.0
223191.0 10146.0 11.0
223279.0 10150.0 11.0
223367.0 10154.0 11.0
223433.0 10157.0 11.0
223917.0 10179.0 11.0
224445.0 10203.0 11.0
225655.0 10258.0 11.0
225853.0 10267.0 11.0
226073.0 10277.0 11.0
226139.0 10280.0 11.0
226183.0 10282.0 11.0
226315.0 10288.0 11.0
226557.0 10299.0 11.0
227129.0 10325.0 11.0
227525.0 10343.0 11.0
227569.0 10345.0 11.0
227899.0 10360.0 11.0
228273.0 10377.0 11.0
229835.0 10448.0 11.0
230385.0 10473.0 11.0
230737.0 10489.0 11.0
231727.0 10534.0 11.0
232101.0 10551.0 11.0
232343.0 10562.0 11.0
232783.0 10582.0 11.0
234037.0 10639.0 11.0
234125.0 10643.0 11.0
235973.0 10727.0 11.0
236237.0 10739.0 11.0
237689.0 10805.0 11.0
237733.0 10807.0 11.0
238085.0 10823.0 11.0
240219.0 10920.0 11.0
240417.0 10929.0 11.0
241319.0 10970.0 11.0
241495.0 10978.0 11.0
241627.0 10984.0 11.0
243717.0 11079.0 11.0
243849.0 11085.0 11.0
243915.0 11088.0 11.0
244443.0 11112.0 11.0
246379.0 11200.0 11.0
247699.0 11260.0 11.0
249921.0 11361.0 11.0
252693.0 11487.0 11.0
255355.0 11608.0 11.0
256103.0 11642.0 11.0
256829.0 11675.0 11.0
258501.0 11751.0 11.0
258743.0 11762.0 11.0
262945.0 11953.0 11.0
265981.0 12091.0 11.0
