rev4
353.0 17.0 11.0
375.0 18.0 11.0
375.0 18.0 11.0
375.0 18.0 11.0
397.0 19.0 11.0
397.0 19.0 11.0
397.0 19.0 11.0
418.0 20.0 11.0
419.0 20.0 11.0
419.0 20.0 11.0
419.0 20.0 11.0
419.0 20.0 11.0
419.0 20.0 11.0
419.0 20.0 11.0
419.0 20.0 11.0
419.0 20.0 11.0
441.0 21.0 11.0
441.0 21.0 11.0
441.0 21.0 11.0
441.0 21.0 11.0
441.0 21.0 11.0
441.0 21.0 11.0
441.0 21.0 11.0
441.0 21.0 11.0
441.0 21.0 11.0
441.0 21.0 11.0
441.0 21.0 11.0
441.0 21.0 11.0
463.0 22.0 11.0
463.0 22.0 11.0
463.0 22.0 11.0
463.0 22.0 11.0
463.0 22.0 11.0
463.0 22.0 11.0
463.0 22.0 11.0
463.0 22.0 11.0
463.0 22.0 11.0
463.0 22.0 11.0
463.0 22.0 11.0
463.0 22.0 11.0
463.0 22.0 11.0
463.0 22.0 11.0
485.0 23.0 11.0
485.0 23.0 11.0
485.0 23.0 11.0
485.0 23.0 11.0
485.0 23.0 11.0
485.0 23.0 11.0
485.0 23.0 11.0
485.0 23.0 11.0
485.0 23.0 11.0
485.0 23.0 11.0
485.0 23.0 11.0
485.0 23.0 11.0
485.0 23.0 11.0
485.0 23.0 11.0
485.0 23.0 11.0
485.0 23.0 11.0
485.0 23.0 11.0
485.0 23.0 11.0
485.0 23.0 11.0
485.0 23.0 11.0
485.0 23.0 11.0
485.0 23.0 11.0
506.0 24.0 11.0
507.0 24.0 11.0
507.0 24.0 11.0
507.0 24.0 11.0
507.0 24.0 11.0
529.0 25.0 11.0
529.0 25.0 11.0
529.0 25.0 11.0
529.0 25.0 11.0
529.0 25.0 11.0
529.0 25.0 11.0
529.0 25.0 11.0
529.0 25.0 11.0
529.0 25.0 11.0
551.0 26.0 11.0
551.0 26.0 11.0
551.0 26.0 11.0
551.0 26.0 11.0
551.0 26.0 11.0
551.0 26.0 11.0
551.0 26.0 11.0
551.0 26.0 11.0
573.0 27.0 11.0
573.0 27.0 11.0
573.0 27.0 11.0
573.0 27.0 11.0
573.0 27.0 11.0
573.0 27.0 11.0
573.0 27.0 11.0
595.0 28.0 11.0
617.0 29.0 11.0
617.0 29.0 11.0
617.0 29.0 11.0
661.0 31.0 11.0
661.0 31.0 11.0
705.0 33.0 11.0
