rev4
9.7619509E7 4437788.0 11.0
9.8348101E7 4470926.0 11.0
9.8355401E7 4471230.0 11.0
9.8406295E7 4473560.0 11.0
9.8460122E7 4476001.0 11.0
9.8573005E7 4481158.0 11.0
9.8890103E7 4495550.0 11.0
9.8895576E7 4495795.0 11.0
9.9209311E7 4510066.0 11.0
9.9410177E7 4519169.0 11.0
9.9695738E7 4532177.0 11.0
1.00066996E8 4549061.0 11.0
1.0026422E8 4558024.0 11.0
1.00408066E8 4564575.0 11.0
1.00487275E8 4568189.0 11.0
1.00587742E8 4572729.0 11.0
1.00652379E8 4575676.0 11.0
1.00653498E8 4575723.0 11.0
1.00965033E8 4589884.0 11.0
1.01290456E8 4604658.0 11.0
1.01349862E8 4607366.0 11.0
1.01646971E8 4620879.0 11.0
1.01713143E8 4623910.0 11.0
1.02054497E8 4639399.0 11.0
1.02147031E8 4643626.0 11.0
1.02165822E8 4644488.0 11.0
1.02167005E8 4644536.0 11.0
1.02244677E8 4648062.0 11.0
1.02340308E8 4652389.0 11.0
1.02403E8 4655225.0 11.0
1.02556802E8 4662235.0 11.0
1.02689898E8 4668290.0 11.0
1.02801896E8 4673377.0 11.0
1.02817489E8 4674083.0 11.0
1.02827636E8 4674546.0 11.0
1.0299617E8 4682209.0 11.0
1.03034543E8 4683957.0 11.0
1.03096268E8 4686781.0 11.0
1.0321571E8 4692235.0 11.0
1.03365004E8 4698991.0 11.0
1.03377072E8 4699531.0 11.0
1.03387632E8 4700040.0 11.0
1.0350421E8 4705318.0 11.0
1.03508849E8 4705525.0 11.0
1.03884389E8 4722586.0 11.0
1.04227181E8 4738182.0 11.0
1.04335465E8 4743108.0 11.0
1.04365489E8 4744463.0 11.0
1.04386062E8 4745396.0 11.0
1.04389466E8 4745576.0 11.0
1.04420717E8 4746989.0 11.0
1.0445926E8 4748717.0 11.0
1.04459263E8 4748737.0 11.0
1.04531141E8 4752014.0 11.0
1.04692115E8 4759341.0 11.0
1.04730236E8 4761072.0 11.0
1.04733569E8 4761202.0 11.0
1.048995E8 4768735.0 11.0
1.05009045E8 4773728.0 11.0
1.05247748E8 4784614.0 11.0
1.05277358E8 4785907.0 11.0
1.05308464E8 4787312.0 11.0
1.05377732E8 4790471.0 11.0
1.05403648E8 4791694.0 11.0
1.05454828E8 4793970.0 11.0
1.0546364E8 4794381.0 11.0
1.05532568E8 4797516.0 11.0
1.05613644E8 4801205.0 11.0
1.05842259E8 4811603.0 11.0
1.05893947E8 4813969.0 11.0
1.05950062E8 4816506.0 11.0
1.0602368E8 4819838.0 11.0
1.06126267E8 4824500.0 11.0
1.06143874E8 4825312.0 11.0
1.06160433E8 4826070.0 11.0
1.06315365E8 4833099.0 11.0
1.06324889E8 4833542.0 11.0
1.06453692E8 4839390.0 11.0
1.06485739E8 4840867.0 11.0
1.06682635E8 4849785.0 11.0
1.07019371E8 4865115.0 11.0
1.07148238E8 4870964.0 11.0
1.07161113E8 4871563.0 11.0
1.08021393E8 4910675.0 11.0
1.08081627E8 4913420.0 11.0
1.08111609E8 4914764.0 11.0
1.0829667E8 4923199.0 11.0
1.0858338E8 4936214.0 11.0
1.08766364E8 4944551.0 11.0
1.08776088E8 4944972.0 11.0
1.09029698E8 4956504.0 11.0
1.09153455E8 4962145.0 11.0
1.09323412E8 4969873.0 11.0
1.09567882E8 4980976.0 11.0
1.10085342E8 5004464.0 11.0
1.11760769E8 5080681.0 11.0
1.12103146E8 5096207.0 11.0
1.14674983E8 5213154.0 11.0
1.1534102E8 5243420.0 11.0
1.23621193E8 5619817.0 11.0
