rev2
1821271.0 82786.0 11.0
1825737.0 82989.0 11.0
1828421.0 83111.0 11.0
1831501.0 83251.0 11.0
1833151.0 83326.0 11.0
1835373.0 83427.0 11.0
1844019.0 83820.0 11.0
1848243.0 84012.0 11.0
1855239.0 84330.0 11.0
1855789.0 84355.0 11.0
1856933.0 84407.0 11.0
1857219.0 84420.0 11.0
1859089.0 84505.0 11.0
1860805.0 84583.0 11.0
1863775.0 84718.0 11.0
1864281.0 84741.0 11.0
1868219.0 84920.0 11.0
1869143.0 84962.0 11.0
1869781.0 84991.0 11.0
1871079.0 85050.0 11.0
1875391.0 85246.0 11.0
1878207.0 85374.0 11.0
1879417.0 85429.0 11.0
1881111.0 85506.0 11.0
1883091.0 85596.0 11.0
1883641.0 85621.0 11.0
1885247.0 85694.0 11.0
1885467.0 85704.0 11.0
1886523.0 85752.0 11.0
1887623.0 85802.0 11.0
1893035.0 86048.0 11.0
1904167.0 86554.0 11.0
1905949.0 86635.0 11.0
1906125.0 86643.0 11.0
1907577.0 86709.0 11.0
1908127.0 86734.0 11.0
1910613.0 86847.0 11.0
1911251.0 86876.0 11.0
1913671.0 86986.0 11.0
1914221.0 87011.0 11.0
1914749.0 87035.0 11.0
1918577.0 87209.0 11.0
1918709.0 87215.0 11.0
1919677.0 87259.0 11.0
1919743.0 87262.0 11.0
1926915.0 87588.0 11.0
1929489.0 87705.0 11.0
1930985.0 87773.0 11.0
1933493.0 87887.0 11.0
1933845.0 87903.0 11.0
1934747.0 87944.0 11.0
1938465.0 88113.0 11.0
1941743.0 88262.0 11.0
1946869.0 88495.0 11.0
1947793.0 88537.0 11.0
1956945.0 88953.0 11.0
1957473.0 88977.0 11.0
1958507.0 89024.0 11.0
1962313.0 89197.0 11.0
1963523.0 89252.0 11.0
1964689.0 89305.0 11.0
1966383.0 89382.0 11.0
1968913.0 89497.0 11.0
1976283.0 89832.0 11.0
1979891.0 89996.0 11.0
1979891.0 89996.0 11.0
1986711.0 90306.0 11.0
1988559.0 90390.0 11.0
1990649.0 90485.0 11.0
1994103.0 90642.0 11.0
1996479.0 90750.0 11.0
1998503.0 90842.0 11.0
2000505.0 90933.0 11.0
2000659.0 90940.0 11.0
2002287.0 91014.0 11.0
2002485.0 91023.0 11.0
2004817.0 91129.0 11.0
2019139.0 91780.0 11.0
2026113.0 92097.0 11.0
2026663.0 92122.0 11.0
2028027.0 92184.0 11.0
2032031.0 92366.0 11.0
2034979.0 92500.0 11.0
2037443.0 92612.0 11.0
2039687.0 92714.0 11.0
2057353.0 93517.0 11.0
2060609.0 93665.0 11.0
2060609.0 93665.0 11.0
2063139.0 93780.0 11.0
2074447.0 94294.0 11.0
2087845.0 94903.0 11.0
2117501.0 96251.0 11.0
2124409.0 96565.0 11.0
2125487.0 96614.0 11.0
2146651.0 97576.0 11.0
2164317.0 98379.0 11.0
2197031.0 99866.0 11.0
2222045.0 101003.0 11.0
2254737.0 102489.0 11.0
2311519.0 105070.0 11.0
