rev2
2267.0 104.0 11.0
2311.0 106.0 11.0
2377.0 109.0 11.0
2465.0 113.0 11.0
2487.0 114.0 11.0
2487.0 114.0 11.0
2509.0 115.0 11.0
2509.0 115.0 11.0
2531.0 116.0 11.0
2531.0 116.0 11.0
2531.0 116.0 11.0
2531.0 116.0 11.0
2553.0 117.0 11.0
2575.0 118.0 11.0
2575.0 118.0 11.0
2575.0 118.0 11.0
2575.0 118.0 11.0
2575.0 118.0 11.0
2575.0 118.0 11.0
2597.0 119.0 11.0
2597.0 119.0 11.0
2597.0 119.0 11.0
2597.0 119.0 11.0
2597.0 119.0 11.0
2619.0 120.0 11.0
2641.0 121.0 11.0
2663.0 122.0 11.0
2685.0 123.0 11.0
2685.0 123.0 11.0
2707.0 124.0 11.0
2707.0 124.0 11.0
2707.0 124.0 11.0
2729.0 125.0 11.0
2729.0 125.0 11.0
2729.0 125.0 11.0
2729.0 125.0 11.0
2751.0 126.0 11.0
2751.0 126.0 11.0
2751.0 126.0 11.0
2751.0 126.0 11.0
2751.0 126.0 11.0
2751.0 126.0 11.0
2751.0 126.0 11.0
2773.0 127.0 11.0
2773.0 127.0 11.0
2773.0 127.0 11.0
2817.0 129.0 11.0
2817.0 129.0 11.0
2839.0 130.0 11.0
2839.0 130.0 11.0
2861.0 131.0 11.0
2861.0 131.0 11.0
2861.0 131.0 11.0
2861.0 131.0 11.0
2883.0 132.0 11.0
2905.0 133.0 11.0
2905.0 133.0 11.0
2905.0 133.0 11.0
2905.0 133.0 11.0
2905.0 133.0 11.0
2905.0 133.0 11.0
2905.0 133.0 11.0
2927.0 134.0 11.0
2949.0 135.0 11.0
2949.0 135.0 11.0
2971.0 136.0 11.0
2971.0 136.0 11.0
2993.0 137.0 11.0
2993.0 137.0 11.0
3015.0 138.0 11.0
3015.0 138.0 11.0
3015.0 138.0 11.0
3015.0 138.0 11.0
3037.0 139.0 11.0
3059.0 140.0 11.0
3059.0 140.0 11.0
3081.0 141.0 11.0
3081.0 141.0 11.0
3125.0 143.0 11.0
3125.0 143.0 11.0
3125.0 143.0 11.0
3169.0 145.0 11.0
3191.0 146.0 11.0
3191.0 146.0 11.0
3191.0 146.0 11.0
3235.0 148.0 11.0
3279.0 150.0 11.0
3301.0 151.0 11.0
3367.0 154.0 11.0
3367.0 154.0 11.0
3389.0 155.0 11.0
3389.0 155.0 11.0
3411.0 156.0 11.0
3411.0 156.0 11.0
3455.0 158.0 11.0
3521.0 161.0 11.0
3609.0 165.0 11.0
3631.0 166.0 11.0
3653.0 167.0 11.0
3895.0 178.0 11.0
