rev2
98473.0 4477.0 11.0
99045.0 4503.0 11.0
99243.0 4512.0 11.0
101113.0 4597.0 11.0
101399.0 4610.0 11.0
101465.0 4613.0 11.0
101509.0 4615.0 11.0
101685.0 4623.0 11.0
101949.0 4635.0 11.0
102059.0 4640.0 11.0
102103.0 4642.0 11.0
102169.0 4645.0 11.0
102257.0 4649.0 11.0
102257.0 4649.0 11.0
102785.0 4673.0 11.0
102829.0 4675.0 11.0
102895.0 4678.0 11.0
103225.0 4693.0 11.0
103401.0 4701.0 11.0
103621.0 4711.0 11.0
103731.0 4716.0 11.0
103797.0 4719.0 11.0
104017.0 4729.0 11.0
104281.0 4741.0 11.0
104303.0 4742.0 11.0
104369.0 4745.0 11.0
104457.0 4749.0 11.0
104479.0 4750.0 11.0
104479.0 4750.0 11.0
104721.0 4761.0 11.0
104743.0 4762.0 11.0
104765.0 4763.0 11.0
105139.0 4780.0 11.0
105645.0 4803.0 11.0
105667.0 4804.0 11.0
105799.0 4810.0 11.0
105931.0 4816.0 11.0
105997.0 4819.0 11.0
106327.0 4834.0 11.0
106701.0 4851.0 11.0
106811.0 4856.0 11.0
106899.0 4860.0 11.0
106987.0 4864.0 11.0
107141.0 4871.0 11.0
107229.0 4875.0 11.0
107273.0 4877.0 11.0
107669.0 4895.0 11.0
107669.0 4895.0 11.0
107955.0 4908.0 11.0
108043.0 4912.0 11.0
108109.0 4915.0 11.0
108175.0 4918.0 11.0
108307.0 4924.0 11.0
108483.0 4932.0 11.0
108813.0 4947.0 11.0
108879.0 4950.0 11.0
109121.0 4961.0 11.0
109385.0 4973.0 11.0
109385.0 4973.0 11.0
109693.0 4987.0 11.0
109737.0 4989.0 11.0
109825.0 4993.0 11.0
110397.0 5019.0 11.0
111783.0 5082.0 11.0
112883.0 5132.0 11.0
112949.0 5135.0 11.0
113147.0 5144.0 11.0
113455.0 5158.0 11.0
113543.0 5162.0 11.0
113609.0 5165.0 11.0
113675.0 5168.0 11.0
113983.0 5182.0 11.0
114247.0 5194.0 11.0
114995.0 5228.0 11.0
115083.0 5232.0 11.0
115457.0 5249.0 11.0
116315.0 5288.0 11.0
116359.0 5290.0 11.0
116447.0 5294.0 11.0
116535.0 5298.0 11.0
116997.0 5319.0 11.0
117151.0 5326.0 11.0
117283.0 5332.0 11.0
117327.0 5334.0 11.0
117591.0 5346.0 11.0
117811.0 5356.0 11.0
117855.0 5358.0 11.0
118053.0 5367.0 11.0
118493.0 5387.0 11.0
119395.0 5428.0 11.0
119505.0 5433.0 11.0
120187.0 5464.0 11.0
121749.0 5535.0 11.0
121815.0 5538.0 11.0
122959.0 5590.0 11.0
124147.0 5644.0 11.0
124653.0 5667.0 11.0
125533.0 5707.0 11.0
127403.0 5792.0 11.0
128569.0 5845.0 11.0
