rev4
16127.0 734.0 11.0
16367.0 745.0 11.0
16765.0 763.0 11.0
16941.0 771.0 11.0
17017.0 775.0 11.0
17028.0 775.0 11.0
17051.0 776.0 11.0
17072.0 777.0 11.0
17095.0 778.0 11.0
17183.0 782.0 11.0
17227.0 784.0 11.0
17238.0 785.0 11.0
17304.0 788.0 11.0
17425.0 793.0 11.0
17578.0 800.0 11.0
17600.0 801.0 11.0
17644.0 803.0 11.0
17689.0 805.0 11.0
17709.0 806.0 11.0
17711.0 806.0 11.0
17731.0 807.0 11.0
17754.0 808.0 11.0
17754.0 808.0 11.0
17777.0 809.0 11.0
17799.0 810.0 11.0
17887.0 814.0 11.0
17931.0 816.0 11.0
17931.0 816.0 11.0
17953.0 817.0 11.0
17953.0 817.0 11.0
17997.0 819.0 11.0
18008.0 820.0 11.0
18018.0 820.0 11.0
18019.0 820.0 11.0
18039.0 821.0 11.0
18083.0 823.0 11.0
18107.0 824.0 11.0
18147.0 826.0 11.0
18150.0 826.0 11.0
18151.0 826.0 11.0
18195.0 828.0 11.0
18217.0 829.0 11.0
18217.0 829.0 11.0
18239.0 830.0 11.0
18305.0 833.0 11.0
18327.0 834.0 11.0
18348.0 835.0 11.0
18349.0 835.0 11.0
18371.0 836.0 11.0
18392.0 837.0 11.0
18415.0 838.0 11.0
18458.0 840.0 11.0
18525.0 843.0 11.0
18536.0 844.0 11.0
18536.0 844.0 11.0
18547.0 844.0 11.0
18646.0 849.0 11.0
18668.0 850.0 11.0
18744.0 853.0 11.0
18745.0 853.0 11.0
18767.0 854.0 11.0
18787.0 855.0 11.0
18789.0 855.0 11.0
18809.0 856.0 11.0
18810.0 856.0 11.0
18875.0 859.0 11.0
18877.0 859.0 11.0
18888.0 860.0 11.0
18921.0 861.0 11.0
18984.0 864.0 11.0
18987.0 864.0 11.0
19030.0 866.0 11.0
19030.0 866.0 11.0
19075.0 868.0 11.0
19097.0 869.0 11.0
19097.0 869.0 11.0
19119.0 870.0 11.0
19350.0 881.0 11.0
19427.0 884.0 11.0
19504.0 888.0 11.0
19603.0 892.0 11.0
19669.0 895.0 11.0
19691.0 896.0 11.0
19691.0 896.0 11.0
19779.0 900.0 11.0
19867.0 904.0 11.0
19954.0 908.0 11.0
20087.0 914.0 11.0
20108.0 915.0 11.0
20263.0 922.0 11.0
20285.0 923.0 11.0
20373.0 927.0 11.0
20461.0 931.0 11.0
20549.0 936.0 11.0
20592.0 937.0 11.0
20901.0 951.0 11.0
20985.0 955.0 11.0
21000.0 956.0 11.0
21252.0 967.0 11.0
22485.0 1023.0 11.0
