rev4
624949.0 28412.0 11.0
631628.0 28714.0 11.0
639565.0 29076.0 11.0
640235.0 29106.0 11.0
641467.0 29161.0 11.0
643917.0 29273.0 11.0
644402.0 29296.0 11.0
644564.0 29304.0 11.0
645883.0 29364.0 11.0
646650.0 29400.0 11.0
648189.0 29468.0 11.0
649931.0 29547.0 11.0
650109.0 29554.0 11.0
652090.0 29645.0 11.0
653465.0 29709.0 11.0
654261.0 29744.0 11.0
654787.0 29768.0 11.0
656185.0 29832.0 11.0
656206.0 29834.0 11.0
656487.0 29845.0 11.0
656739.0 29860.0 11.0
658817.0 29951.0 11.0
659842.0 29998.0 11.0
660909.0 30047.0 11.0
661454.0 30073.0 11.0
661936.0 30093.0 11.0
664025.0 30188.0 11.0
665529.0 30259.0 11.0
666266.0 30290.0 11.0
668217.0 30379.0 11.0
668252.0 30380.0 11.0
671523.0 30531.0 11.0
672186.0 30558.0 11.0
672541.0 30576.0 11.0
672843.0 30590.0 11.0
673751.0 30629.0 11.0
673850.0 30634.0 11.0
674934.0 30682.0 11.0
675183.0 30697.0 11.0
675199.0 30694.0 11.0
676758.0 30767.0 11.0
677927.0 30818.0 11.0
680283.0 30926.0 11.0
680308.0 30926.0 11.0
685155.0 31148.0 11.0
685849.0 31181.0 11.0
686814.0 31223.0 11.0
686823.0 31223.0 11.0
687850.0 31272.0 11.0
688688.0 31309.0 11.0
688721.0 31309.0 11.0
689121.0 31326.0 11.0
690041.0 31372.0 11.0
690177.0 31376.0 11.0
691106.0 31420.0 11.0
693570.0 31532.0 11.0
693995.0 31550.0 11.0
694469.0 31573.0 11.0
694553.0 31575.0 11.0
695077.0 31601.0 11.0
695325.0 31610.0 11.0
695755.0 31629.0 11.0
695849.0 31636.0 11.0
698999.0 31777.0 11.0
700241.0 31835.0 11.0
700840.0 31861.0 11.0
701128.0 31874.0 11.0
702679.0 31943.0 11.0
703357.0 31975.0 11.0
703854.0 31998.0 11.0
703898.0 32001.0 11.0
704516.0 32030.0 11.0
705297.0 32064.0 11.0
705327.0 32064.0 11.0
705934.0 32094.0 11.0
705973.0 32093.0 11.0
706405.0 32114.0 11.0
707231.0 32151.0 11.0
707629.0 32171.0 11.0
707684.0 32175.0 11.0
708838.0 32226.0 11.0
710272.0 32291.0 11.0
710779.0 32313.0 11.0
713956.0 32459.0 11.0
715784.0 32539.0 11.0
725036.0 32962.0 11.0
725311.0 32973.0 11.0
727946.0 33094.0 11.0
728618.0 33127.0 11.0
729791.0 33177.0 11.0
731396.0 33250.0 11.0
732904.0 33319.0 11.0
733132.0 33330.0 11.0
743114.0 33782.0 11.0
750771.0 34135.0 11.0
753090.0 34236.0 11.0
754214.0 34288.0 11.0
757023.0 34418.0 11.0
781324.0 35518.0 11.0
781653.0 35536.0 11.0
