rev2
7566791.0 343946.0 11.0
7656023.0 348002.0 11.0
7665483.0 348432.0 11.0
7685789.0 349355.0 11.0
7707261.0 350331.0 11.0
7735421.0 351611.0 11.0
7746531.0 352116.0 11.0
7767937.0 353089.0 11.0
7771655.0 353258.0 11.0
7773613.0 353347.0 11.0
7776847.0 353494.0 11.0
7779245.0 353603.0 11.0
7799067.0 354504.0 11.0
7807009.0 354865.0 11.0
7808703.0 354942.0 11.0
7835191.0 356146.0 11.0
7838975.0 356318.0 11.0
7866519.0 357570.0 11.0
7869951.0 357726.0 11.0
7898155.0 359008.0 11.0
7919121.0 359961.0 11.0
7924533.0 360207.0 11.0
7929219.0 360420.0 11.0
7933553.0 360617.0 11.0
7943211.0 361056.0 11.0
7948799.0 361310.0 11.0
7959535.0 361798.0 11.0
7973879.0 362450.0 11.0
7980435.0 362748.0 11.0
7981601.0 362801.0 11.0
7985781.0 362991.0 11.0
7990247.0 363194.0 11.0
8007077.0 363959.0 11.0
8014007.0 364274.0 11.0
8036931.0 365316.0 11.0
8038493.0 365387.0 11.0
8053739.0 366080.0 11.0
8057941.0 366271.0 11.0
8078577.0 367209.0 11.0
8101281.0 368241.0 11.0
8103921.0 368361.0 11.0
8116879.0 368950.0 11.0
8119717.0 369079.0 11.0
8128143.0 369462.0 11.0
8145611.0 370256.0 11.0
8147899.0 370360.0 11.0
8152101.0 370551.0 11.0
8166379.0 371200.0 11.0
8181229.0 371875.0 11.0
8182901.0 371951.0 11.0
8213569.0 373345.0 11.0
8232203.0 374192.0 11.0
8232555.0 374208.0 11.0
8238231.0 374466.0 11.0
8239067.0 374504.0 11.0
8240409.0 374565.0 11.0
8242807.0 374674.0 11.0
8255589.0 375255.0 11.0
8258977.0 375409.0 11.0
8265863.0 375722.0 11.0
8270087.0 375914.0 11.0
8270791.0 375946.0 11.0
8295277.0 377059.0 11.0
8299765.0 377263.0 11.0
8308653.0 377667.0 11.0
8311447.0 377794.0 11.0
8324691.0 378396.0 11.0
8336813.0 378947.0 11.0
8382529.0 381025.0 11.0
8397775.0 381718.0 11.0
8435153.0 383417.0 11.0
8439597.0 383619.0 11.0
8451763.0 384172.0 11.0
8456779.0 384400.0 11.0
8462081.0 384641.0 11.0
8478977.0 385409.0 11.0
8480451.0 385476.0 11.0
8481683.0 385532.0 11.0
8492001.0 386001.0 11.0
8506719.0 386670.0 11.0
8522339.0 387380.0 11.0
8528807.0 387674.0 11.0
8531447.0 387794.0 11.0
8553645.0 388803.0 11.0
8572961.0 389681.0 11.0
8624529.0 392025.0 11.0
8628841.0 392221.0 11.0
8635375.0 392518.0 11.0
8643141.0 392871.0 11.0
8684963.0 394772.0 11.0
8732175.0 396918.0 11.0
8788979.0 399500.0 11.0
8841757.0 401899.0 11.0
8857047.0 402594.0 11.0
8922585.0 405573.0 11.0
8988717.0 408579.0 11.0
9000025.0 409093.0 11.0
9508401.0 432201.0 11.0
9786019.0 444820.0 11.0
1.0232641E7 465121.0 11.0
