rev4
45.0 3.0 11.0
45.0 3.0 11.0
67.0 4.0 11.0
67.0 4.0 11.0
67.0 4.0 11.0
89.0 5.0 11.0
89.0 5.0 11.0
89.0 5.0 11.0
89.0 5.0 11.0
89.0 5.0 11.0
89.0 5.0 11.0
89.0 5.0 11.0
89.0 5.0 11.0
89.0 5.0 11.0
89.0 5.0 11.0
89.0 5.0 11.0
89.0 5.0 11.0
89.0 5.0 11.0
89.0 5.0 11.0
89.0 5.0 11.0
89.0 5.0 11.0
89.0 5.0 11.0
89.0 5.0 11.0
89.0 5.0 11.0
111.0 6.0 11.0
111.0 6.0 11.0
111.0 6.0 11.0
111.0 6.0 11.0
111.0 6.0 11.0
111.0 6.0 11.0
111.0 6.0 11.0
111.0 6.0 11.0
111.0 6.0 11.0
111.0 6.0 11.0
111.0 6.0 11.0
111.0 6.0 11.0
111.0 6.0 11.0
111.0 6.0 11.0
111.0 6.0 11.0
111.0 6.0 11.0
111.0 6.0 11.0
111.0 6.0 11.0
111.0 6.0 11.0
111.0 6.0 11.0
133.0 7.0 11.0
133.0 7.0 11.0
133.0 7.0 11.0
133.0 7.0 11.0
133.0 7.0 11.0
133.0 7.0 11.0
133.0 7.0 11.0
133.0 7.0 11.0
133.0 7.0 11.0
133.0 7.0 11.0
133.0 7.0 11.0
133.0 7.0 11.0
133.0 7.0 11.0
133.0 7.0 11.0
133.0 7.0 11.0
133.0 7.0 11.0
133.0 7.0 11.0
133.0 7.0 11.0
133.0 7.0 11.0
133.0 7.0 11.0
133.0 7.0 11.0
133.0 7.0 11.0
133.0 7.0 11.0
155.0 8.0 11.0
155.0 8.0 11.0
155.0 8.0 11.0
155.0 8.0 11.0
155.0 8.0 11.0
155.0 8.0 11.0
155.0 8.0 11.0
155.0 8.0 11.0
155.0 8.0 11.0
155.0 8.0 11.0
155.0 8.0 11.0
155.0 8.0 11.0
155.0 8.0 11.0
177.0 9.0 11.0
177.0 9.0 11.0
177.0 9.0 11.0
177.0 9.0 11.0
177.0 9.0 11.0
177.0 9.0 11.0
177.0 9.0 11.0
177.0 9.0 11.0
177.0 9.0 11.0
199.0 10.0 11.0
199.0 10.0 11.0
199.0 10.0 11.0
199.0 10.0 11.0
199.0 10.0 11.0
199.0 10.0 11.0
243.0 12.0 11.0
265.0 13.0 11.0
265.0 13.0 11.0
265.0 13.0 11.0
287.0 14.0 11.0
