rev4
34200.0 1556.0 11.0
34915.0 1588.0 11.0
35177.0 1600.0 11.0
35333.0 1607.0 11.0
35441.0 1612.0 11.0
35583.0 1619.0 11.0
35762.0 1627.0 11.0
35814.0 1629.0 11.0
35848.0 1631.0 11.0
35849.0 1631.0 11.0
35882.0 1632.0 11.0
35905.0 1634.0 11.0
35935.0 1635.0 11.0
35971.0 1636.0 11.0
36035.0 1639.0 11.0
36145.0 1644.0 11.0
36145.0 1644.0 11.0
36168.0 1645.0 11.0
36191.0 1646.0 11.0
36257.0 1649.0 11.0
36278.0 1650.0 11.0
36345.0 1653.0 11.0
36455.0 1658.0 11.0
36455.0 1658.0 11.0
36608.0 1665.0 11.0
36675.0 1668.0 11.0
36719.0 1670.0 11.0
36739.0 1671.0 11.0
36741.0 1671.0 11.0
36763.0 1673.0 11.0
36939.0 1680.0 11.0
36960.0 1681.0 11.0
36972.0 1682.0 11.0
36983.0 1682.0 11.0
37005.0 1683.0 11.0
37005.0 1683.0 11.0
37047.0 1685.0 11.0
37048.0 1685.0 11.0
37115.0 1688.0 11.0
37125.0 1689.0 11.0
37133.0 1689.0 11.0
37157.0 1690.0 11.0
37169.0 1691.0 11.0
37202.0 1693.0 11.0
37203.0 1692.0 11.0
37224.0 1693.0 11.0
37236.0 1694.0 11.0
37452.0 1704.0 11.0
37464.0 1704.0 11.0
37510.0 1706.0 11.0
37554.0 1708.0 11.0
37599.0 1710.0 11.0
37619.0 1711.0 11.0
37728.0 1716.0 11.0
37772.0 1718.0 11.0
37795.0 1719.0 11.0
37818.0 1720.0 11.0
37883.0 1723.0 11.0
37884.0 1723.0 11.0
37903.0 1724.0 11.0
37928.0 1725.0 11.0
37951.0 1726.0 11.0
37971.0 1727.0 11.0
38005.0 1729.0 11.0
38182.0 1737.0 11.0
38182.0 1737.0 11.0
38281.0 1741.0 11.0
38303.0 1742.0 11.0
38402.0 1747.0 11.0
38565.0 1754.0 11.0
38589.0 1755.0 11.0
38589.0 1755.0 11.0
38600.0 1756.0 11.0
38610.0 1756.0 11.0
38963.0 1772.0 11.0
39049.0 1776.0 11.0
39160.0 1781.0 11.0
39183.0 1782.0 11.0
39292.0 1787.0 11.0
39312.0 1788.0 11.0
39403.0 1792.0 11.0
39645.0 1803.0 11.0
39645.0 1803.0 11.0
39664.0 1804.0 11.0
39732.0 1807.0 11.0
39774.0 1809.0 11.0
39975.0 1818.0 11.0
39975.0 1818.0 11.0
40040.0 1821.0 11.0
40569.0 1845.0 11.0
40657.0 1849.0 11.0
41053.0 1867.0 11.0
41753.0 1899.0 11.0
41863.0 1904.0 11.0
42417.0 1929.0 11.0
42678.0 1941.0 11.0
43186.0 1964.0 11.0
43219.0 1966.0 11.0
43473.0 1977.0 11.0
45164.0 2054.0 11.0
