rev4
2.3049606E7 1047853.0 11.0
2.3340786E7 1061063.0 11.0
2.3412186E7 1064325.0 11.0
2.3520094E7 1069233.0 11.0
2.354051E7 1070147.0 11.0
2.365417E7 1075322.0 11.0
2.3670052E7 1076042.0 11.0
2.3748265E7 1079600.0 11.0
2.3751858E7 1079770.0 11.0
2.375666E7 1079979.0 11.0
2.3828771E7 1083273.0 11.0
2.4043073E7 1093005.0 11.0
2.4097032E7 1095458.0 11.0
2.4109157E7 1095998.0 11.0
2.4111542E7 1096103.0 11.0
2.4265498E7 1103120.0 11.0
2.42667E7 1103178.0 11.0
2.4270189E7 1103315.0 11.0
2.4270252E7 1103331.0 11.0
2.42756E7 1103568.0 11.0
2.4305046E7 1104906.0 11.0
2.4420948E7 1110180.0 11.0
2.4476593E7 1112721.0 11.0
2.4489803E7 1113299.0 11.0
2.4509293E7 1114199.0 11.0
2.4557371E7 1116383.0 11.0
2.4605465E7 1118573.0 11.0
2.4612545E7 1118891.0 11.0
2.4628391E7 1119615.0 11.0
2.4640725E7 1120177.0 11.0
2.4642394E7 1120240.0 11.0
2.4682536E7 1122072.0 11.0
2.4701742E7 1122946.0 11.0
2.4725756E7 1124044.0 11.0
2.4726871E7 1124082.0 11.0
2.4780177E7 1126512.0 11.0
2.4810831E7 1127903.0 11.0
2.4822148E7 1128418.0 11.0
2.4836276E7 1129050.0 11.0
2.4840011E7 1129233.0 11.0
2.4842494E7 1129345.0 11.0
2.4953976E7 1134421.0 11.0
2.496682E7 1134996.0 11.0
2.5002604E7 1136630.0 11.0
2.5003023E7 1136646.0 11.0
2.5012102E7 1137047.0 11.0
2.5087685E7 1140481.0 11.0
2.5088332E7 1140520.0 11.0
2.511351E7 1141661.0 11.0
2.5118525E7 1141904.0 11.0
2.5151169E7 1143373.0 11.0
2.5152305E7 1143423.0 11.0
2.5158931E7 1143720.0 11.0
2.5183742E7 1144857.0 11.0
2.5195851E7 1145402.0 11.0
2.5211583E7 1146133.0 11.0
2.5282701E7 1149359.0 11.0
2.52896E7 1149669.0 11.0
2.529925E7 1150100.0 11.0
2.5305172E7 1150385.0 11.0
2.5330079E7 1151514.0 11.0
2.5395587E7 1154496.0 11.0
2.540071E7 1154715.0 11.0
2.5477801E7 1158222.0 11.0
2.5506576E7 1159544.0 11.0
2.5522573E7 1160238.0 11.0
2.5542175E7 1161158.0 11.0
2.5561009E7 1162001.0 11.0
2.5562566E7 1162067.0 11.0
2.5573868E7 1162592.0 11.0
2.5582173E7 1162971.0 11.0
2.5669898E7 1166959.0 11.0
2.5687559E7 1167763.0 11.0
2.5751424E7 1170651.0 11.0
2.5789767E7 1172411.0 11.0
2.5853148E7 1175295.0 11.0
2.5918794E7 1178277.0 11.0
2.6003597E7 1182109.0 11.0
2.6050488E7 1184265.0 11.0
2.6127999E7 1187784.0 11.0
2.6184827E7 1190379.0 11.0
2.619485E7 1190808.0 11.0
2.6223776E7 1192132.0 11.0
2.626504E7 1194012.0 11.0
2.6394563E7 1199908.0 11.0
2.6421058E7 1201114.0 11.0
2.6427787E7 1201407.0 11.0
2.6529814E7 1206045.0 11.0
2.6648131E7 1211430.0 11.0
2.6773941E7 1217151.0 11.0
2.6883067E7 1222121.0 11.0
2.7024133E7 1228511.0 11.0
2.744488E7 1247643.0 11.0
2.7456708E7 1248182.0 11.0
2.7523963E7 1251253.0 11.0
2.7903949E7 1268514.0 11.0
2.8018224E7 1273710.0 11.0
2.8054471E7 1275360.0 11.0
2.865479E7 1302650.0 11.0
3.013787E7 1370077.0 11.0
