rev2
1.7580333E7 799107.0 11.0
1.7876277E7 812559.0 11.0
1.7883163E7 812872.0 11.0
1.8004449E7 818385.0 11.0
1.8103405E7 822883.0 11.0
1.8145029E7 824775.0 11.0
1.8245657E7 829349.0 11.0
1.8334515E7 833388.0 11.0
1.8341753E7 833717.0 11.0
1.8368879E7 834950.0 11.0
1.8391913E7 835997.0 11.0
1.8401791E7 836446.0 11.0
1.8411647E7 836894.0 11.0
1.8428631E7 837666.0 11.0
1.8429885E7 837723.0 11.0
1.8489351E7 840426.0 11.0
1.8552579E7 843300.0 11.0
1.8620581E7 846391.0 11.0
1.8621021E7 846411.0 11.0
1.8700485E7 850023.0 11.0
1.8710825E7 850493.0 11.0
1.8719207E7 850874.0 11.0
1.8722881E7 851041.0 11.0
1.8731351E7 851426.0 11.0
1.8765517E7 852979.0 11.0
1.8799309E7 854515.0 11.0
1.8836973E7 856227.0 11.0
1.8876969E7 858045.0 11.0
1.8884911E7 858406.0 11.0
1.8899079E7 859050.0 11.0
1.8915315E7 859788.0 11.0
1.8975177E7 862509.0 11.0
1.9002281E7 863741.0 11.0
1.9039593E7 865437.0 11.0
1.9074705E7 867033.0 11.0
1.9103371E7 868336.0 11.0
1.9124227E7 869284.0 11.0
1.9167655E7 871258.0 11.0
1.9174167E7 871554.0 11.0
1.9278689E7 876305.0 11.0
1.9294045E7 877003.0 11.0
1.9295519E7 877070.0 11.0
1.9299985E7 877273.0 11.0
1.9300359E7 877290.0 11.0
1.9303439E7 877430.0 11.0
1.9315715E7 877988.0 11.0
1.9315737E7 877989.0 11.0
1.9415353E7 882517.0 11.0
1.9425671E7 882986.0 11.0
1.9428883E7 883132.0 11.0
1.9449013E7 884047.0 11.0
1.9524781E7 887491.0 11.0
1.9557693E7 888987.0 11.0
1.9595577E7 890709.0 11.0
1.9626927E7 892134.0 11.0
1.9628401E7 892201.0 11.0
1.9761919E7 898270.0 11.0
1.9775449E7 898885.0 11.0
1.9844089E7 902005.0 11.0
1.9847631E7 902166.0 11.0
1.9872447E7 903294.0 11.0
1.9938843E7 906312.0 11.0
1.9942253E7 906467.0 11.0
1.9970149E7 907735.0 11.0
1.9974615E7 907938.0 11.0
1.9989113E7 908597.0 11.0
2.0014369E7 909745.0 11.0
2.0014765E7 909763.0 11.0
2.0015513E7 909797.0 11.0
2.0016261E7 909831.0 11.0
2.0115943E7 914362.0 11.0
2.0163991E7 916546.0 11.0
2.0232059E7 919640.0 11.0
2.0300259E7 922740.0 11.0
2.0315285E7 923423.0 11.0
2.0361221E7 925511.0 11.0
2.0367865E7 925813.0 11.0
2.0377281E7 926241.0 11.0
2.0385773E7 926627.0 11.0
2.0436703E7 928942.0 11.0
2.0448297E7 929469.0 11.0
2.0451685E7 929623.0 11.0
2.0467525E7 930343.0 11.0
2.0468933E7 930407.0 11.0
2.0507323E7 932152.0 11.0
2.0512383E7 932382.0 11.0
2.0626497E7 937569.0 11.0
2.0891575E7 949618.0 11.0
2.0913817E7 950629.0 11.0
2.1091335E7 958698.0 11.0
2.1131375E7 960518.0 11.0
2.1157863E7 961722.0 11.0
2.1168775E7 962218.0 11.0
2.1188135E7 963098.0 11.0
2.1219507E7 964524.0 11.0
2.1416429E7 973475.0 11.0
2.2093897E7 1004269.0 11.0
2.2214501E7 1009751.0 11.0
2.2910559E7 1041390.0 11.0
2.3084799E7 1049310.0 11.0
