rev4
87921.0 3998.0 11.0
90485.0 4115.0 11.0
90673.0 4124.0 11.0
90760.0 4127.0 11.0
90848.0 4131.0 11.0
90913.0 4134.0 11.0
90996.0 4138.0 11.0
91057.0 4140.0 11.0
91197.0 4147.0 11.0
91277.0 4150.0 11.0
91917.0 4179.0 11.0
92628.0 4212.0 11.0
92674.0 4214.0 11.0
92802.0 4220.0 11.0
93059.0 4231.0 11.0
93214.0 4238.0 11.0
93258.0 4240.0 11.0
93874.0 4268.0 11.0
93915.0 4270.0 11.0
94458.0 4295.0 11.0
94565.0 4301.0 11.0
94673.0 4305.0 11.0
94929.0 4316.0 11.0
95060.0 4323.0 11.0
95410.0 4339.0 11.0
95576.0 4346.0 11.0
95674.0 4351.0 11.0
95754.0 4354.0 11.0
95756.0 4355.0 11.0
95809.0 4356.0 11.0
96281.0 4378.0 11.0
96328.0 4380.0 11.0
96425.0 4384.0 11.0
96808.0 4402.0 11.0
96815.0 4402.0 11.0
96822.0 4402.0 11.0
97015.0 4411.0 11.0
97041.0 4412.0 11.0
97482.0 4432.0 11.0
97493.0 4433.0 11.0
97800.0 4447.0 11.0
97834.0 4448.0 11.0
97907.0 4452.0 11.0
98098.0 4462.0 11.0
98120.0 4461.0 11.0
98173.0 4464.0 11.0
98614.0 4484.0 11.0
98714.0 4488.0 11.0
99153.0 4510.0 11.0
99187.0 4510.0 11.0
99217.0 4511.0 11.0
99220.0 4511.0 11.0
99373.0 4519.0 11.0
99472.0 4524.0 11.0
99625.0 4531.0 11.0
99745.0 4536.0 11.0
99802.0 4539.0 11.0
99810.0 4540.0 11.0
99979.0 4546.0 11.0
100041.0 4549.0 11.0
100132.0 4553.0 11.0
100263.0 4559.0 11.0
100339.0 4563.0 11.0
100570.0 4573.0 11.0
100825.0 4584.0 11.0
101672.0 4624.0 11.0
101726.0 4626.0 11.0
102278.0 4650.0 11.0
102339.0 4653.0 11.0
102377.0 4655.0 11.0
102795.0 4674.0 11.0
102889.0 4678.0 11.0
103168.0 4691.0 11.0
103181.0 4692.0 11.0
103331.0 4698.0 11.0
103774.0 4718.0 11.0
103935.0 4726.0 11.0
104664.0 4759.0 11.0
104820.0 4766.0 11.0
105093.0 4779.0 11.0
105534.0 4798.0 11.0
105642.0 4804.0 11.0
106919.0 4861.0 11.0
107105.0 4870.0 11.0
107556.0 4890.0 11.0
107739.0 4900.0 11.0
107931.0 4908.0 11.0
108307.0 4924.0 11.0
109395.0 4974.0 11.0
110042.0 5003.0 11.0
110073.0 5005.0 11.0
111640.0 5076.0 11.0
112064.0 5096.0 11.0
112217.0 5103.0 11.0
113774.0 5173.0 11.0
114575.0 5210.0 11.0
115573.0 5256.0 11.0
117050.0 5322.0 11.0
117278.0 5333.0 11.0
121051.0 5504.0 11.0
