rev2
28337.0 1289.0 11.0
28469.0 1295.0 11.0
28491.0 1296.0 11.0
28865.0 1313.0 11.0
29459.0 1340.0 11.0
29481.0 1341.0 11.0
29481.0 1341.0 11.0
29525.0 1343.0 11.0
29591.0 1346.0 11.0
29767.0 1354.0 11.0
29943.0 1362.0 11.0
29943.0 1362.0 11.0
30031.0 1366.0 11.0
30097.0 1369.0 11.0
30119.0 1370.0 11.0
30207.0 1374.0 11.0
30229.0 1375.0 11.0
30229.0 1375.0 11.0
30339.0 1380.0 11.0
30361.0 1381.0 11.0
30361.0 1381.0 11.0
30559.0 1390.0 11.0
30779.0 1400.0 11.0
30889.0 1405.0 11.0
30933.0 1407.0 11.0
30955.0 1408.0 11.0
30999.0 1410.0 11.0
31065.0 1413.0 11.0
31087.0 1414.0 11.0
31109.0 1415.0 11.0
31307.0 1424.0 11.0
31461.0 1431.0 11.0
31505.0 1433.0 11.0
31549.0 1435.0 11.0
31571.0 1436.0 11.0
31593.0 1437.0 11.0
31637.0 1439.0 11.0
31659.0 1440.0 11.0
31681.0 1441.0 11.0
31725.0 1443.0 11.0
31747.0 1444.0 11.0
31857.0 1449.0 11.0
31879.0 1450.0 11.0
32121.0 1461.0 11.0
32165.0 1463.0 11.0
32231.0 1466.0 11.0
32231.0 1466.0 11.0
32275.0 1468.0 11.0
32297.0 1469.0 11.0
32297.0 1469.0 11.0
32297.0 1469.0 11.0
32407.0 1474.0 11.0
32451.0 1476.0 11.0
32517.0 1479.0 11.0
32561.0 1481.0 11.0
32561.0 1481.0 11.0
32561.0 1481.0 11.0
32847.0 1494.0 11.0
33111.0 1506.0 11.0
33199.0 1510.0 11.0
33287.0 1514.0 11.0
33309.0 1515.0 11.0
33507.0 1524.0 11.0
33595.0 1528.0 11.0
33749.0 1535.0 11.0
33771.0 1536.0 11.0
33881.0 1541.0 11.0
33881.0 1541.0 11.0
34079.0 1550.0 11.0
34189.0 1555.0 11.0
34233.0 1557.0 11.0
34453.0 1567.0 11.0
34519.0 1570.0 11.0
34585.0 1573.0 11.0
34607.0 1574.0 11.0
34761.0 1581.0 11.0
34849.0 1585.0 11.0
34981.0 1591.0 11.0
34981.0 1591.0 11.0
35003.0 1592.0 11.0
35047.0 1594.0 11.0
35091.0 1596.0 11.0
35157.0 1599.0 11.0
35377.0 1609.0 11.0
35465.0 1613.0 11.0
35905.0 1633.0 11.0
36037.0 1639.0 11.0
36037.0 1639.0 11.0
36741.0 1671.0 11.0
36829.0 1675.0 11.0
36873.0 1677.0 11.0
36917.0 1679.0 11.0
37005.0 1683.0 11.0
37291.0 1696.0 11.0
37533.0 1707.0 11.0
37753.0 1717.0 11.0
38897.0 1769.0 11.0
39557.0 1799.0 11.0
39843.0 1812.0 11.0
41449.0 1885.0 11.0
