rev4
766830.0 34861.0 11.0
770379.0 35020.0 11.0
770977.0 35049.0 11.0
774398.0 35206.0 11.0
775352.0 35252.0 11.0
778127.0 35374.0 11.0
779045.0 35414.0 11.0
783648.0 35626.0 11.0
784546.0 35667.0 11.0
784628.0 35669.0 11.0
787449.0 35799.0 11.0
788099.0 35828.0 11.0
788222.0 35833.0 11.0
790123.0 35917.0 11.0
790870.0 35954.0 11.0
791987.0 36002.0 11.0
794676.0 36129.0 11.0
795705.0 36173.0 11.0
796849.0 36225.0 11.0
797275.0 36246.0 11.0
797372.0 36251.0 11.0
797974.0 36277.0 11.0
799205.0 36333.0 11.0
800631.0 36396.0 11.0
801982.0 36462.0 11.0
803277.0 36519.0 11.0
803540.0 36528.0 11.0
803590.0 36531.0 11.0
803693.0 36535.0 11.0
804245.0 36564.0 11.0
804390.0 36569.0 11.0
804753.0 36585.0 11.0
804805.0 36586.0 11.0
806708.0 36675.0 11.0
807943.0 36730.0 11.0
809840.0 36819.0 11.0
811348.0 36886.0 11.0
812422.0 36934.0 11.0
816359.0 37115.0 11.0
816821.0 37134.0 11.0
818009.0 37189.0 11.0
819020.0 37235.0 11.0
820217.0 37286.0 11.0
820313.0 37292.0 11.0
820369.0 37295.0 11.0
821064.0 37325.0 11.0
824933.0 37506.0 11.0
824954.0 37502.0 11.0
825686.0 37540.0 11.0
826873.0 37590.0 11.0
828087.0 37644.0 11.0
828199.0 37651.0 11.0
829081.0 37692.0 11.0
829473.0 37712.0 11.0
830520.0 37755.0 11.0
831616.0 37809.0 11.0
833195.0 37878.0 11.0
837251.0 38062.0 11.0
837924.0 38093.0 11.0
839934.0 38187.0 11.0
840139.0 38192.0 11.0
842244.0 38288.0 11.0
843647.0 38354.0 11.0
846641.0 38490.0 11.0
848791.0 38586.0 11.0
849378.0 38613.0 11.0
849961.0 38640.0 11.0
850852.0 38678.0 11.0
851427.0 38709.0 11.0
851560.0 38715.0 11.0
851907.0 38731.0 11.0
852054.0 38736.0 11.0
858405.0 39025.0 11.0
859581.0 39076.0 11.0
859779.0 39087.0 11.0
861145.0 39150.0 11.0
861478.0 39165.0 11.0
861535.0 39166.0 11.0
866965.0 39416.0 11.0
867290.0 39428.0 11.0
870545.0 39575.0 11.0
880548.0 40032.0 11.0
882323.0 40111.0 11.0
886402.0 40297.0 11.0
889577.0 40438.0 11.0
889849.0 40455.0 11.0
890398.0 40479.0 11.0
894869.0 40683.0 11.0
902394.0 41023.0 11.0
910257.0 41382.0 11.0
911510.0 41437.0 11.0
912527.0 41486.0 11.0
912882.0 41500.0 11.0
925352.0 42068.0 11.0
934156.0 42467.0 11.0
940804.0 42771.0 11.0
974732.0 44314.0 11.0
992084.0 45102.0 11.0
1020122.0 46374.0 11.0
1039637.0 47261.0 11.0
