rev4
1491627.0 67813.0 11.0
1514103.0 68831.0 11.0
1514257.0 68836.0 11.0
1538243.0 69928.0 11.0
1554387.0 70665.0 11.0
1554484.0 70668.0 11.0
1564932.0 71146.0 11.0
1565451.0 71167.0 11.0
1575289.0 71614.0 11.0
1589903.0 72280.0 11.0
1592214.0 72382.0 11.0
1592915.0 72418.0 11.0
1596100.0 72560.0 11.0
1597509.0 72627.0 11.0
1597730.0 72635.0 11.0
1598040.0 72649.0 11.0
1599248.0 72709.0 11.0
1602207.0 72838.0 11.0
1606409.0 73029.0 11.0
1608674.0 73132.0 11.0
1609436.0 73162.0 11.0
1609912.0 73187.0 11.0
1611835.0 73275.0 11.0
1613635.0 73357.0 11.0
1614161.0 73382.0 11.0
1615013.0 73420.0 11.0
1619299.0 73613.0 11.0
1620520.0 73666.0 11.0
1621379.0 73708.0 11.0
1623917.0 73824.0 11.0
1625167.0 73880.0 11.0
1625862.0 73911.0 11.0
1627044.0 73966.0 11.0
1627763.0 73999.0 11.0
1628764.0 74047.0 11.0
1629817.0 74094.0 11.0
1632309.0 74208.0 11.0
1635001.0 74329.0 11.0
1639198.0 74519.0 11.0
1642411.0 74668.0 11.0
1646362.0 74844.0 11.0
1647082.0 74877.0 11.0
1647186.0 74880.0 11.0
1648353.0 74933.0 11.0
1648631.0 74947.0 11.0
1649049.0 74964.0 11.0
1650490.0 75032.0 11.0
1651573.0 75081.0 11.0
1653493.0 75169.0 11.0
1655585.0 75261.0 11.0
1657621.0 75356.0 11.0
1659705.0 75454.0 11.0
1661071.0 75512.0 11.0
1661422.0 75529.0 11.0
1664121.0 75650.0 11.0
1664221.0 75659.0 11.0
1664957.0 75692.0 11.0
1668242.0 75839.0 11.0
1669138.0 75881.0 11.0
1672837.0 76047.0 11.0
1676113.0 76196.0 11.0
1680209.0 76384.0 11.0
1685195.0 76608.0 11.0
1688651.0 76767.0 11.0
1691003.0 76877.0 11.0
1691516.0 76899.0 11.0
1692433.0 76944.0 11.0
1708346.0 77663.0 11.0
1709006.0 77695.0 11.0
1722081.0 78286.0 11.0
1722947.0 78324.0 11.0
1724228.0 78387.0 11.0
1725782.0 78454.0 11.0
1729619.0 78631.0 11.0
1737221.0 78977.0 11.0
1739634.0 79087.0 11.0
1741559.0 79170.0 11.0
1742835.0 79231.0 11.0
1742936.0 79233.0 11.0
1754397.0 79756.0 11.0
1756910.0 79872.0 11.0
1763740.0 80181.0 11.0
1764175.0 80199.0 11.0
1771255.0 80520.0 11.0
1775968.0 80738.0 11.0
1780032.0 80919.0 11.0
1789015.0 81330.0 11.0
1796216.0 81654.0 11.0
1798799.0 81774.0 11.0
1805092.0 82058.0 11.0
1822793.0 82867.0 11.0
1835575.0 83444.0 11.0
1838466.0 83575.0 11.0
1845069.0 83876.0 11.0
1846520.0 83945.0 11.0
1849641.0 84085.0 11.0
1862634.0 84677.0 11.0
1873964.0 85191.0 11.0
1880753.0 85498.0 11.0
1894831.0 86140.0 11.0
