rev2
4231701.0 192351.0 11.0
4294401.0 195201.0 11.0
4305027.0 195684.0 11.0
4314245.0 196103.0 11.0
4383919.0 199270.0 11.0
4410583.0 200482.0 11.0
4411595.0 200528.0 11.0
4413047.0 200594.0 11.0
4415709.0 200715.0 11.0
4417029.0 200775.0 11.0
4422155.0 201008.0 11.0
4422969.0 201045.0 11.0
4425389.0 201155.0 11.0
4440899.0 201860.0 11.0
4452559.0 202390.0 11.0
4457025.0 202593.0 11.0
4459445.0 202703.0 11.0
4462723.0 202852.0 11.0
4489167.0 204054.0 11.0
4489959.0 204090.0 11.0
4494205.0 204283.0 11.0
4495283.0 204332.0 11.0
4499771.0 204536.0 11.0
4506239.0 204830.0 11.0
4521815.0 205538.0 11.0
4530571.0 205936.0 11.0
4532441.0 206021.0 11.0
4534157.0 206099.0 11.0
4542231.0 206466.0 11.0
4543155.0 206508.0 11.0
4557939.0 207180.0 11.0
4575737.0 207989.0 11.0
4578795.0 208128.0 11.0
4578861.0 208131.0 11.0
4580049.0 208185.0 11.0
4584031.0 208366.0 11.0
4591313.0 208697.0 11.0
4592721.0 208761.0 11.0
4594283.0 208832.0 11.0
4594767.0 208854.0 11.0
4595845.0 208903.0 11.0
4598771.0 209036.0 11.0
4600289.0 209105.0 11.0
4600487.0 209114.0 11.0
4601411.0 209156.0 11.0
4611773.0 209627.0 11.0
4619253.0 209967.0 11.0
4623037.0 210139.0 11.0
4627679.0 210350.0 11.0
4629505.0 210433.0 11.0
4630099.0 210460.0 11.0
4632233.0 210557.0 11.0
4632277.0 210559.0 11.0
4633751.0 210626.0 11.0
4642859.0 211040.0 11.0
4643233.0 211057.0 11.0
4645477.0 211159.0 11.0
4658435.0 211748.0 11.0
4677795.0 212628.0 11.0
4680523.0 212752.0 11.0
4685869.0 212995.0 11.0
4686133.0 213007.0 11.0
4728197.0 214919.0 11.0
4739549.0 215435.0 11.0
4745027.0 215684.0 11.0
4746919.0 215770.0 11.0
4756269.0 216195.0 11.0
4769425.0 216793.0 11.0
4775387.0 217064.0 11.0
4775519.0 217070.0 11.0
4777323.0 217152.0 11.0
4782207.0 217374.0 11.0
4792613.0 217847.0 11.0
4811555.0 218708.0 11.0
4814547.0 218844.0 11.0
4817759.0 218990.0 11.0
4820025.0 219093.0 11.0
4822665.0 219213.0 11.0
4845919.0 220270.0 11.0
4848097.0 220369.0 11.0
4855797.0 220719.0 11.0
4856523.0 220752.0 11.0
4857469.0 220795.0 11.0
4866709.0 221215.0 11.0
4888357.0 222199.0 11.0
4920455.0 223658.0 11.0
4923733.0 223807.0 11.0
4972661.0 226031.0 11.0
4973673.0 226077.0 11.0
4983705.0 226533.0 11.0
4988567.0 226754.0 11.0
5139025.0 233593.0 11.0
5192353.0 236017.0 11.0
5225221.0 237511.0 11.0
5281783.0 240082.0 11.0
5338059.0 242640.0 11.0
5375987.0 244364.0 11.0
5496965.0 249863.0 11.0
5792931.0 263316.0 11.0
5933489.0 269705.0 11.0
