rev2
6381.0 291.0 11.0
6469.0 295.0 11.0
6667.0 304.0 11.0
6733.0 307.0 11.0
6777.0 309.0 11.0
6843.0 312.0 11.0
6887.0 314.0 11.0
6909.0 315.0 11.0
6953.0 317.0 11.0
6997.0 319.0 11.0
7107.0 324.0 11.0
7107.0 324.0 11.0
7173.0 327.0 11.0
7217.0 329.0 11.0
7283.0 332.0 11.0
7283.0 332.0 11.0
7283.0 332.0 11.0
7305.0 333.0 11.0
7349.0 335.0 11.0
7371.0 336.0 11.0
7371.0 336.0 11.0
7393.0 337.0 11.0
7437.0 339.0 11.0
7437.0 339.0 11.0
7459.0 340.0 11.0
7481.0 341.0 11.0
7525.0 343.0 11.0
7547.0 344.0 11.0
7569.0 345.0 11.0
7613.0 347.0 11.0
7679.0 350.0 11.0
7701.0 351.0 11.0
7701.0 351.0 11.0
7723.0 352.0 11.0
7745.0 353.0 11.0
7745.0 353.0 11.0
7745.0 353.0 11.0
7767.0 354.0 11.0
7767.0 354.0 11.0
7767.0 354.0 11.0
7789.0 355.0 11.0
7921.0 361.0 11.0
7921.0 361.0 11.0
7921.0 361.0 11.0
7943.0 362.0 11.0
7965.0 363.0 11.0
7987.0 364.0 11.0
8009.0 365.0 11.0
8053.0 367.0 11.0
8053.0 367.0 11.0
8053.0 367.0 11.0
8097.0 369.0 11.0
8163.0 372.0 11.0
8163.0 372.0 11.0
8207.0 374.0 11.0
8229.0 375.0 11.0
8251.0 376.0 11.0
8251.0 376.0 11.0
8273.0 377.0 11.0
8317.0 379.0 11.0
8405.0 383.0 11.0
8449.0 385.0 11.0
8449.0 385.0 11.0
8449.0 385.0 11.0
8515.0 388.0 11.0
8559.0 390.0 11.0
8559.0 390.0 11.0
8581.0 391.0 11.0
8625.0 393.0 11.0
8625.0 393.0 11.0
8647.0 394.0 11.0
8713.0 397.0 11.0
8735.0 398.0 11.0
8779.0 400.0 11.0
8779.0 400.0 11.0
8779.0 400.0 11.0
8823.0 402.0 11.0
8823.0 402.0 11.0
8889.0 405.0 11.0
8999.0 410.0 11.0
9087.0 414.0 11.0
9109.0 415.0 11.0
9109.0 415.0 11.0
9131.0 416.0 11.0
9219.0 420.0 11.0
9219.0 420.0 11.0
9263.0 422.0 11.0
9263.0 422.0 11.0
9307.0 424.0 11.0
9527.0 434.0 11.0
9681.0 441.0 11.0
9725.0 443.0 11.0
9967.0 454.0 11.0
9989.0 455.0 11.0
10121.0 461.0 11.0
10165.0 463.0 11.0
10231.0 466.0 11.0
10869.0 495.0 11.0
11133.0 507.0 11.0
11287.0 514.0 11.0
