rev2
481251.0 21876.0 11.0
503405.0 22883.0 11.0
515197.0 23419.0 11.0
516627.0 23484.0 11.0
517705.0 23533.0 11.0
518233.0 23557.0 11.0
519047.0 23594.0 11.0
519883.0 23632.0 11.0
520037.0 23639.0 11.0
525075.0 23868.0 11.0
526967.0 23954.0 11.0
527913.0 23997.0 11.0
528441.0 24021.0 11.0
529431.0 24066.0 11.0
530487.0 24114.0 11.0
533105.0 24233.0 11.0
533127.0 24234.0 11.0
533787.0 24264.0 11.0
534557.0 24299.0 11.0
536031.0 24366.0 11.0
537373.0 24427.0 11.0
537439.0 24430.0 11.0
537439.0 24430.0 11.0
537945.0 24453.0 11.0
539749.0 24535.0 11.0
539881.0 24541.0 11.0
540255.0 24558.0 11.0
540827.0 24584.0 11.0
541443.0 24612.0 11.0
541641.0 24621.0 11.0
543049.0 24685.0 11.0
545733.0 24807.0 11.0
546789.0 24855.0 11.0
547757.0 24899.0 11.0
548659.0 24940.0 11.0
548835.0 24948.0 11.0
550419.0 25020.0 11.0
550617.0 25029.0 11.0
551233.0 25057.0 11.0
551321.0 25061.0 11.0
551585.0 25073.0 11.0
551629.0 25075.0 11.0
551981.0 25091.0 11.0
552223.0 25102.0 11.0
552223.0 25102.0 11.0
552905.0 25133.0 11.0
553015.0 25138.0 11.0
553455.0 25158.0 11.0
554225.0 25193.0 11.0
554995.0 25228.0 11.0
555347.0 25244.0 11.0
556051.0 25276.0 11.0
557415.0 25338.0 11.0
558097.0 25369.0 11.0
558581.0 25391.0 11.0
560957.0 25499.0 11.0
561507.0 25524.0 11.0
561793.0 25537.0 11.0
562629.0 25575.0 11.0
563003.0 25592.0 11.0
563311.0 25606.0 11.0
564983.0 25682.0 11.0
566017.0 25729.0 11.0
566127.0 25734.0 11.0
566611.0 25756.0 11.0
567557.0 25799.0 11.0
569207.0 25874.0 11.0
570395.0 25928.0 11.0
571385.0 25973.0 11.0
572067.0 26004.0 11.0
572573.0 26027.0 11.0
573651.0 26076.0 11.0
573827.0 26084.0 11.0
574333.0 26107.0 11.0
575169.0 26145.0 11.0
576269.0 26195.0 11.0
577105.0 26233.0 11.0
577413.0 26247.0 11.0
578293.0 26287.0 11.0
578887.0 26314.0 11.0
579877.0 26359.0 11.0
580449.0 26385.0 11.0
582077.0 26459.0 11.0
587335.0 26698.0 11.0
587973.0 26727.0 11.0
588083.0 26732.0 11.0
588787.0 26764.0 11.0
591713.0 26897.0 11.0
592483.0 26932.0 11.0
602119.0 27370.0 11.0
603505.0 27433.0 11.0
619983.0 28182.0 11.0
620335.0 28198.0 11.0
621655.0 28258.0 11.0
625549.0 28435.0 11.0
649991.0 29546.0 11.0
652015.0 29638.0 11.0
655227.0 29784.0 11.0
675577.0 30709.0 11.0
730929.0 33225.0 11.0
