rev2
8859775.0 402718.0 11.0
8870951.0 403226.0 11.0
8890927.0 404134.0 11.0
8986517.0 408479.0 11.0
9016019.0 409820.0 11.0
9036325.0 410743.0 11.0
9038613.0 410847.0 11.0
9048315.0 411288.0 11.0
9054409.0 411565.0 11.0
9063451.0 411976.0 11.0
9068687.0 412214.0 11.0
9078433.0 412657.0 11.0
9082943.0 412862.0 11.0
9088377.0 413109.0 11.0
9134577.0 415209.0 11.0
9134621.0 415211.0 11.0
9168699.0 416760.0 11.0
9198773.0 418127.0 11.0
9199851.0 418176.0 11.0
9225063.0 419322.0 11.0
9226823.0 419402.0 11.0
9233929.0 419725.0 11.0
9244027.0 420184.0 11.0
9284969.0 422045.0 11.0
9314273.0 423377.0 11.0
9320763.0 423672.0 11.0
9323403.0 423792.0 11.0
9325889.0 423905.0 11.0
9352707.0 425124.0 11.0
9362255.0 425558.0 11.0
9362827.0 425584.0 11.0
9376951.0 426226.0 11.0
9383969.0 426545.0 11.0
9384233.0 426557.0 11.0
9410941.0 427771.0 11.0
9412019.0 427820.0 11.0
9423943.0 428362.0 11.0
9426671.0 428486.0 11.0
9429003.0 428592.0 11.0
9430587.0 428664.0 11.0
9432259.0 428740.0 11.0
9449529.0 429525.0 11.0
9480373.0 430927.0 11.0
9494079.0 431550.0 11.0
9500503.0 431842.0 11.0
9508753.0 432217.0 11.0
9529697.0 433169.0 11.0
9550179.0 434100.0 11.0
9554293.0 434287.0 11.0
9595191.0 436146.0 11.0
9605025.0 436593.0 11.0
9620689.0 437305.0 11.0
9635803.0 437992.0 11.0
9644911.0 438406.0 11.0
9666273.0 439377.0 11.0
9667307.0 439424.0 11.0
9674171.0 439736.0 11.0
9707677.0 441259.0 11.0
9725145.0 442053.0 11.0
9735265.0 442513.0 11.0
9735529.0 442525.0 11.0
9742921.0 442861.0 11.0
9751963.0 443272.0 11.0
9758717.0 443579.0 11.0
9768881.0 444041.0 11.0
9782455.0 444658.0 11.0
9800957.0 445499.0 11.0
9804697.0 445669.0 11.0
9807315.0 445788.0 11.0
9834221.0 447011.0 11.0
9837037.0 447139.0 11.0
9853471.0 447886.0 11.0
9854263.0 447922.0 11.0
9926907.0 451224.0 11.0
9927347.0 451244.0 11.0
9972315.0 453288.0 11.0
9976319.0 453470.0 11.0
1.0007559E7 454890.0 11.0
1.0028635E7 455848.0 11.0
1.0063439E7 457430.0 11.0
1.0075033E7 457957.0 11.0
1.0108891E7 459496.0 11.0
1.0144575E7 461118.0 11.0
1.0156477E7 461659.0 11.0
1.0165783E7 462082.0 11.0
1.0187057E7 463049.0 11.0
1.0199553E7 463617.0 11.0
1.0219551E7 464526.0 11.0
1.0420939E7 473680.0 11.0
1.0467887E7 475814.0 11.0
1.0470439E7 475930.0 11.0
1.0497455E7 477158.0 11.0
1.0584861E7 481131.0 11.0
1.0600811E7 481856.0 11.0
1.0674951E7 485226.0 11.0
1.0717147E7 487144.0 11.0
1.0944869E7 497495.0 11.0
1.0965725E7 498443.0 11.0
1.1207219E7 509420.0 11.0
1.1485145E7 522053.0 11.0
