rev4
10011.0 456.0 11.0
10187.0 464.0 11.0
10561.0 481.0 11.0
10561.0 481.0 11.0
10583.0 482.0 11.0
10627.0 484.0 11.0
10693.0 487.0 11.0
10715.0 488.0 11.0
10779.0 491.0 11.0
10781.0 491.0 11.0
10910.0 497.0 11.0
10935.0 498.0 11.0
11066.0 504.0 11.0
11067.0 504.0 11.0
11176.0 509.0 11.0
11243.0 512.0 11.0
11264.0 513.0 11.0
11375.0 518.0 11.0
11375.0 518.0 11.0
11441.0 521.0 11.0
11441.0 521.0 11.0
11441.0 521.0 11.0
11441.0 521.0 11.0
11441.0 521.0 11.0
11462.0 522.0 11.0
11463.0 522.0 11.0
11495.0 524.0 11.0
11595.0 528.0 11.0
11617.0 529.0 11.0
11617.0 529.0 11.0
11617.0 529.0 11.0
11617.0 529.0 11.0
11617.0 529.0 11.0
11639.0 530.0 11.0
11639.0 530.0 11.0
11661.0 531.0 11.0
11705.0 533.0 11.0
11705.0 533.0 11.0
11727.0 534.0 11.0
11727.0 534.0 11.0
11793.0 537.0 11.0
11878.0 541.0 11.0
11892.0 542.0 11.0
11945.0 544.0 11.0
11947.0 544.0 11.0
11947.0 545.0 11.0
11967.0 545.0 11.0
12013.0 547.0 11.0
12035.0 548.0 11.0
12099.0 551.0 11.0
12101.0 551.0 11.0
12145.0 553.0 11.0
12167.0 554.0 11.0
12211.0 556.0 11.0
12211.0 556.0 11.0
12244.0 558.0 11.0
12255.0 558.0 11.0
12255.0 558.0 11.0
12255.0 558.0 11.0
12277.0 559.0 11.0
12342.0 562.0 11.0
12343.0 562.0 11.0
12429.0 566.0 11.0
12453.0 567.0 11.0
12453.0 567.0 11.0
12475.0 568.0 11.0
12496.0 569.0 11.0
12552.0 572.0 11.0
12585.0 573.0 11.0
12596.0 574.0 11.0
12628.0 575.0 11.0
12629.0 575.0 11.0
12629.0 575.0 11.0
12650.0 576.0 11.0
12783.0 582.0 11.0
12849.0 585.0 11.0
12892.0 587.0 11.0
12893.0 587.0 11.0
12913.0 588.0 11.0
12915.0 588.0 11.0
12936.0 589.0 11.0
12936.0 589.0 11.0
13068.0 595.0 11.0
13090.0 596.0 11.0
13221.0 602.0 11.0
13354.0 608.0 11.0
13375.0 609.0 11.0
13465.0 613.0 11.0
13597.0 619.0 11.0
13705.0 624.0 11.0
13795.0 628.0 11.0
13970.0 636.0 11.0
14254.0 649.0 11.0
14455.0 658.0 11.0
14762.0 672.0 11.0
14763.0 672.0 11.0
14873.0 677.0 11.0
15203.0 692.0 11.0
16853.0 767.0 11.0
17667.0 804.0 11.0
