rev2
1299.0 60.0 11.0
1365.0 63.0 11.0
1453.0 67.0 11.0
1497.0 69.0 11.0
1563.0 72.0 11.0
1629.0 75.0 11.0
1651.0 76.0 11.0
1695.0 78.0 11.0
1695.0 78.0 11.0
1695.0 78.0 11.0
1695.0 78.0 11.0
1717.0 79.0 11.0
1717.0 79.0 11.0
1739.0 80.0 11.0
1739.0 80.0 11.0
1761.0 81.0 11.0
1805.0 83.0 11.0
1827.0 84.0 11.0
1827.0 84.0 11.0
1849.0 85.0 11.0
1849.0 85.0 11.0
1871.0 86.0 11.0
1871.0 86.0 11.0
1893.0 87.0 11.0
1893.0 87.0 11.0
1915.0 88.0 11.0
1937.0 89.0 11.0
1937.0 89.0 11.0
1937.0 89.0 11.0
1937.0 89.0 11.0
1959.0 90.0 11.0
1981.0 91.0 11.0
1981.0 91.0 11.0
1981.0 91.0 11.0
2003.0 92.0 11.0
2003.0 92.0 11.0
2025.0 93.0 11.0
2047.0 94.0 11.0
2047.0 94.0 11.0
2069.0 95.0 11.0
2069.0 95.0 11.0
2069.0 95.0 11.0
2069.0 95.0 11.0
2091.0 96.0 11.0
2091.0 96.0 11.0
2113.0 97.0 11.0
2113.0 97.0 11.0
2113.0 97.0 11.0
2135.0 98.0 11.0
2135.0 98.0 11.0
2135.0 98.0 11.0
2135.0 98.0 11.0
2157.0 99.0 11.0
2157.0 99.0 11.0
2157.0 99.0 11.0
2157.0 99.0 11.0
2179.0 100.0 11.0
2179.0 100.0 11.0
2179.0 100.0 11.0
2179.0 100.0 11.0
2179.0 100.0 11.0
2179.0 100.0 11.0
2179.0 100.0 11.0
2201.0 101.0 11.0
2201.0 101.0 11.0
2223.0 102.0 11.0
2223.0 102.0 11.0
2223.0 102.0 11.0
2267.0 104.0 11.0
2267.0 104.0 11.0
2289.0 105.0 11.0
2289.0 105.0 11.0
2289.0 105.0 11.0
2311.0 106.0 11.0
2311.0 106.0 11.0
2333.0 107.0 11.0
2333.0 107.0 11.0
2355.0 108.0 11.0
2355.0 108.0 11.0
2355.0 108.0 11.0
2399.0 110.0 11.0
2399.0 110.0 11.0
2421.0 111.0 11.0
2465.0 113.0 11.0
2487.0 114.0 11.0
2487.0 114.0 11.0
2509.0 115.0 11.0
2531.0 116.0 11.0
2553.0 117.0 11.0
2553.0 117.0 11.0
2597.0 119.0 11.0
2663.0 122.0 11.0
2685.0 123.0 11.0
2773.0 127.0 11.0
2795.0 128.0 11.0
2817.0 129.0 11.0
2839.0 130.0 11.0
2905.0 133.0 11.0
2971.0 136.0 11.0
3829.0 175.0 11.0
