rev2
58015.0 2638.0 11.0
60391.0 2746.0 11.0
60479.0 2750.0 11.0
60545.0 2753.0 11.0
60633.0 2757.0 11.0
60699.0 2760.0 11.0
60831.0 2766.0 11.0
60919.0 2770.0 11.0
61161.0 2781.0 11.0
61183.0 2782.0 11.0
61227.0 2784.0 11.0
61249.0 2785.0 11.0
62129.0 2825.0 11.0
62151.0 2826.0 11.0
62503.0 2842.0 11.0
62569.0 2845.0 11.0
62679.0 2850.0 11.0
62767.0 2854.0 11.0
62789.0 2855.0 11.0
62877.0 2859.0 11.0
62965.0 2863.0 11.0
63009.0 2865.0 11.0
63009.0 2865.0 11.0
63053.0 2867.0 11.0
63097.0 2869.0 11.0
63141.0 2871.0 11.0
63229.0 2875.0 11.0
63339.0 2880.0 11.0
63493.0 2887.0 11.0
63515.0 2888.0 11.0
63911.0 2906.0 11.0
64065.0 2913.0 11.0
64109.0 2915.0 11.0
64285.0 2923.0 11.0
64681.0 2941.0 11.0
64857.0 2949.0 11.0
64857.0 2949.0 11.0
64879.0 2950.0 11.0
64989.0 2955.0 11.0
65077.0 2959.0 11.0
65209.0 2965.0 11.0
65319.0 2970.0 11.0
65319.0 2970.0 11.0
65495.0 2978.0 11.0
65539.0 2980.0 11.0
65737.0 2989.0 11.0
65935.0 2998.0 11.0
66023.0 3002.0 11.0
66089.0 3005.0 11.0
66133.0 3007.0 11.0
66155.0 3008.0 11.0
66595.0 3028.0 11.0
66991.0 3046.0 11.0
67211.0 3056.0 11.0
68135.0 3098.0 11.0
68245.0 3103.0 11.0
68465.0 3113.0 11.0
68487.0 3114.0 11.0
68575.0 3118.0 11.0
68663.0 3122.0 11.0
68685.0 3123.0 11.0
68729.0 3125.0 11.0
68883.0 3132.0 11.0
68883.0 3132.0 11.0
69059.0 3140.0 11.0
69345.0 3153.0 11.0
69565.0 3163.0 11.0
69609.0 3165.0 11.0
70115.0 3188.0 11.0
70203.0 3192.0 11.0
70335.0 3198.0 11.0
70533.0 3207.0 11.0
70555.0 3208.0 11.0
70687.0 3214.0 11.0
70753.0 3217.0 11.0
70885.0 3223.0 11.0
70907.0 3224.0 11.0
71369.0 3245.0 11.0
71369.0 3245.0 11.0
71413.0 3247.0 11.0
71413.0 3247.0 11.0
71479.0 3250.0 11.0
71853.0 3267.0 11.0
72535.0 3298.0 11.0
73239.0 3330.0 11.0
73393.0 3337.0 11.0
73415.0 3338.0 11.0
73525.0 3343.0 11.0
74119.0 3370.0 11.0
74295.0 3378.0 11.0
74383.0 3382.0 11.0
74999.0 3410.0 11.0
77375.0 3518.0 11.0
77463.0 3522.0 11.0
78013.0 3547.0 11.0
79795.0 3628.0 11.0
80103.0 3642.0 11.0
80257.0 3649.0 11.0
80477.0 3659.0 11.0
81269.0 3695.0 11.0
