rev4
2267.0 104.0 11.0
2333.0 107.0 11.0
2421.0 111.0 11.0
2421.0 111.0 11.0
2443.0 112.0 11.0
2487.0 114.0 11.0
2487.0 114.0 11.0
2487.0 114.0 11.0
2487.0 114.0 11.0
2531.0 116.0 11.0
2553.0 117.0 11.0
2575.0 118.0 11.0
2575.0 118.0 11.0
2596.0 119.0 11.0
2597.0 119.0 11.0
2641.0 121.0 11.0
2641.0 121.0 11.0
2663.0 122.0 11.0
2663.0 122.0 11.0
2685.0 123.0 11.0
2707.0 124.0 11.0
2707.0 124.0 11.0
2707.0 124.0 11.0
2707.0 124.0 11.0
2707.0 124.0 11.0
2707.0 124.0 11.0
2707.0 124.0 11.0
2707.0 124.0 11.0
2729.0 125.0 11.0
2740.0 126.0 11.0
2751.0 126.0 11.0
2773.0 127.0 11.0
2773.0 127.0 11.0
2773.0 127.0 11.0
2795.0 128.0 11.0
2795.0 128.0 11.0
2795.0 128.0 11.0
2839.0 130.0 11.0
2839.0 130.0 11.0
2839.0 130.0 11.0
2839.0 130.0 11.0
2883.0 132.0 11.0
2883.0 132.0 11.0
2905.0 133.0 11.0
2905.0 133.0 11.0
2905.0 133.0 11.0
2927.0 134.0 11.0
2949.0 135.0 11.0
2949.0 135.0 11.0
2970.0 136.0 11.0
2971.0 136.0 11.0
2971.0 136.0 11.0
3015.0 138.0 11.0
3015.0 138.0 11.0
3059.0 140.0 11.0
3059.0 140.0 11.0
3081.0 141.0 11.0
3081.0 141.0 11.0
3103.0 142.0 11.0
3103.0 142.0 11.0
3125.0 143.0 11.0
3125.0 143.0 11.0
3125.0 143.0 11.0
3147.0 144.0 11.0
3147.0 144.0 11.0
3213.0 147.0 11.0
3213.0 147.0 11.0
3213.0 147.0 11.0
3235.0 148.0 11.0
3235.0 148.0 11.0
3235.0 148.0 11.0
3257.0 149.0 11.0
3257.0 149.0 11.0
3257.0 149.0 11.0
3279.0 150.0 11.0
3290.0 151.0 11.0
3323.0 152.0 11.0
3334.0 153.0 11.0
3345.0 153.0 11.0
3345.0 153.0 11.0
3389.0 155.0 11.0
3389.0 155.0 11.0
3433.0 157.0 11.0
3477.0 159.0 11.0
3499.0 160.0 11.0
3521.0 161.0 11.0
3543.0 162.0 11.0
3565.0 163.0 11.0
3565.0 163.0 11.0
3631.0 166.0 11.0
3675.0 168.0 11.0
3686.0 169.0 11.0
3741.0 171.0 11.0
3741.0 171.0 11.0
3741.0 171.0 11.0
3895.0 178.0 11.0
3939.0 180.0 11.0
4092.0 187.0 11.0
4181.0 191.0 11.0
4225.0 193.0 11.0
