rev2
238679.0 10850.0 11.0
246973.0 11227.0 11.0
247765.0 11263.0 11.0
248645.0 11303.0 11.0
250471.0 11386.0 11.0
250757.0 11399.0 11.0
251637.0 11439.0 11.0
252143.0 11462.0 11.0
252935.0 11498.0 11.0
254695.0 11578.0 11.0
258039.0 11730.0 11.0
258127.0 11734.0 11.0
258875.0 11768.0 11.0
259051.0 11776.0 11.0
259557.0 11799.0 11.0
259909.0 11815.0 11.0
260041.0 11821.0 11.0
260679.0 11850.0 11.0
260723.0 11852.0 11.0
260943.0 11862.0 11.0
261405.0 11883.0 11.0
261933.0 11907.0 11.0
263275.0 11968.0 11.0
263759.0 11990.0 11.0
264067.0 12004.0 11.0
264155.0 12008.0 11.0
265431.0 12066.0 11.0
265541.0 12071.0 11.0
266641.0 12121.0 11.0
266883.0 12132.0 11.0
267939.0 12180.0 11.0
268291.0 12196.0 11.0
268357.0 12199.0 11.0
268775.0 12218.0 11.0
268929.0 12225.0 11.0
269413.0 12247.0 11.0
269677.0 12259.0 11.0
269721.0 12261.0 11.0
269963.0 12272.0 11.0
271327.0 12334.0 11.0
271525.0 12343.0 11.0
271679.0 12350.0 11.0
272911.0 12406.0 11.0
273043.0 12412.0 11.0
273065.0 12413.0 11.0
273373.0 12427.0 11.0
273505.0 12433.0 11.0
273637.0 12439.0 11.0
273923.0 12452.0 11.0
274407.0 12474.0 11.0
274451.0 12476.0 11.0
274473.0 12477.0 11.0
274473.0 12477.0 11.0
274781.0 12491.0 11.0
274891.0 12496.0 11.0
275485.0 12523.0 11.0
275529.0 12525.0 11.0
275727.0 12534.0 11.0
275881.0 12541.0 11.0
277465.0 12613.0 11.0
277619.0 12620.0 11.0
277927.0 12634.0 11.0
278037.0 12639.0 11.0
278565.0 12663.0 11.0
279225.0 12693.0 11.0
279621.0 12711.0 11.0
281381.0 12791.0 11.0
281535.0 12798.0 11.0
282019.0 12820.0 11.0
282107.0 12824.0 11.0
282899.0 12860.0 11.0
283185.0 12873.0 11.0
284593.0 12937.0 11.0
284835.0 12948.0 11.0
286067.0 13004.0 11.0
286133.0 13007.0 11.0
286331.0 13016.0 11.0
287101.0 13051.0 11.0
288729.0 13125.0 11.0
289015.0 13138.0 11.0
289015.0 13138.0 11.0
289147.0 13144.0 11.0
289521.0 13161.0 11.0
291149.0 13235.0 11.0
292315.0 13288.0 11.0
294449.0 13385.0 11.0
294493.0 13387.0 11.0
294691.0 13396.0 11.0
298057.0 13549.0 11.0
304635.0 13848.0 11.0
305031.0 13866.0 11.0
306989.0 13955.0 11.0
308595.0 14028.0 11.0
309739.0 14080.0 11.0
314689.0 14305.0 11.0
316009.0 14365.0 11.0
317065.0 14413.0 11.0
317725.0 14443.0 11.0
319331.0 14516.0 11.0
323313.0 14697.0 11.0
