rev3
8857237.0 2103269.0 27.725889129745536
8890765.0 2100720.0 27.725889129745536
8898379.0 2103242.0 27.725889129745536
8919052.0 2100365.0 27.725889129745536
8938701.0 2102329.0 27.725889129745536
8957263.0 2106347.0 27.725889129745536
8960384.0 2101355.0 27.725889129745536
8961305.0 2104898.0 27.725889129745536
8970051.0 2105804.0 27.725889129745536
8975783.0 2101777.0 27.725889129745536
8978596.0 2102823.0 27.725889129745536
8996268.0 2104675.0 27.725889129745536
9015535.0 2105912.0 27.725889129745536
9019066.0 2106948.0 27.725889129745536
9028325.0 2101711.0 27.725889129745536
9028611.0 2106513.0 27.725889129745536
9033836.0 2106397.0 27.725889129745536
9044766.0 2105076.0 27.725889129745536
9073493.0 2106606.0 27.725889129745536
9078127.0 2105861.0 27.725889129745536
9081792.0 2108389.0 27.725889129745536
9082495.0 2109130.0 27.725889129745536
9093673.0 2106922.0 27.725889129745536
9103211.0 2107188.0 27.725889129745536
9104669.0 2108075.0 27.725889129745536
9120371.0 2105980.0 27.725889129745536
9124889.0 2104980.0 27.725889129745536
9133491.0 2110171.0 27.725889129745536
9135228.0 2103781.0 27.725889129745536
9135366.0 2107077.0 27.725889129745536
9135373.0 2106973.0 27.725889129745536
9146158.0 2108004.0 27.725889129745536
9160434.0 2105904.0 27.725889129745536
9164888.0 2107422.0 27.725889129745536
9168650.0 2109694.0 27.725889129745536
9175091.0 2107333.0 27.725889129745536
9176407.0 2104782.0 27.725889129745536
9185649.0 2107336.0 27.725889129745536
9191643.0 2109833.0 27.725889129745536
9194930.0 2109533.0 27.725889129745536
9203219.0 2109518.0 27.725889129745536
9209022.0 2110244.0 27.725889129745536
9212803.0 2107696.0 27.725889129745536
9235728.0 2111381.0 27.725889129745536
9238347.0 2112381.0 27.725889129745536
9241151.0 2106977.0 27.725889129745536
9247635.0 2108411.0 27.725889129745536
9253124.0 2105621.0 27.725889129745536
9254698.0 2106732.0 27.725889129745536
9260993.0 2110131.0 27.725889129745536
9267307.0 2110363.0 27.725889129745536
9273492.0 2110256.0 27.725889129745536
9279282.0 2110748.0 27.725889129745536
9279510.0 2109121.0 27.725889129745536
9295512.0 2110449.0 27.725889129745536
9298117.0 2111935.0 27.725889129745536
9312092.0 2107244.0 27.725889129745536
9315223.0 2110074.0 27.725889129745536
9319797.0 2113157.0 27.725889129745536
9323650.0 2111345.0 27.725889129745536
9333589.0 2115446.0 27.725889129745536
9344701.0 2112053.0 27.725889129745536
9360505.0 2111097.0 27.725889129745536
9361821.0 2111979.0 27.725889129745536
9362961.0 2110452.0 27.725889129745536
9370160.0 2112838.0 27.725889129745536
9370877.0 2115128.0 27.725889129745536
9376545.0 2111575.0 27.725889129745536
9378964.0 2110837.0 27.725889129745536
9382307.0 2109356.0 27.725889129745536
9383682.0 2112101.0 27.725889129745536
9389101.0 2111985.0 27.725889129745536
9389239.0 2114869.0 27.725889129745536
9389847.0 2112295.0 27.725889129745536
9394798.0 2116146.0 27.725889129745536
9402266.0 2113000.0 27.725889129745536
9412423.0 2113002.0 27.725889129745536
9412803.0 2116194.0 27.725889129745536
9417665.0 2112674.0 27.725889129745536
9426158.0 2114074.0 27.725889129745536
9427208.0 2115096.0 27.725889129745536
9429466.0 2114638.0 27.725889129745536
9464670.0 2113102.0 27.725889129745536
9530743.0 2114656.0 27.725889129745536
9572734.0 2117196.0 27.725889129745536
9579868.0 2115475.0 27.725889129745536
9579871.0 2116942.0 27.725889129745536
9623270.0 2118980.0 27.725889129745536
9649720.0 2118912.0 27.725889129745536
9710323.0 2117970.0 27.725889129745536
9715427.0 2120762.0 27.725889129745536
9745544.0 2117988.0 27.725889129745536
9771771.0 2120943.0 27.725889129745536
9786730.0 2123059.0 27.725889129745536
9791360.0 2121351.0 27.725889129745536
9794535.0 2123976.0 27.725889129745536
9796649.0 2120765.0 27.725889129745536
9828506.0 2122405.0 27.725889129745536
9975499.0 2125197.0 27.725889129745536
1.002311E7 2126803.0 27.725889129745536
