rev4
1074.0 414.0 6.861727714912337
1088.0 422.0 10.292591572368497
1214.0 462.0 7.593750000000071
1245.0 424.0 8.40386582772441
1255.0 399.0 11.09815216979044
1264.0 421.0 7.593750000000083
1288.0 457.0 11.09815216979044
1306.0 432.0 8.403865827724415
1314.0 453.0 9.30040636712997
1316.0 460.0 7.593750000000084
1324.0 425.0 11.09815216979044
1337.0 483.0 10.292591572368535
1338.0 431.0 11.09815216979044
1354.0 470.0 11.09815216979044
1359.0 453.0 11.09815216979044
1360.0 421.0 10.292591572368494
1360.0 439.0 10.292591572368547
1371.0 451.0 10.292591572368517
1372.0 439.0 8.403865827724442
1381.0 456.0 8.403865827724479
1389.0 439.0 11.09815216979044
1392.0 455.0 11.09815216979044
1399.0 423.0 11.09815216979044
1403.0 460.0 11.09815216979044
1414.0 435.0 11.09815216979044
1420.0 459.0 10.29259157236852
1425.0 417.0 11.09815216979044
1425.0 471.0 11.09815216979044
1429.0 444.0 10.292591572368497
1435.0 444.0 10.292591572368528
1437.0 433.0 10.29259157236858
1440.0 448.0 11.09815216979044
1450.0 468.0 11.09815216979044
1450.0 454.0 11.09815216979044
1452.0 463.0 11.09815216979044
1455.0 454.0 11.09815216979044
1456.0 443.0 11.09815216979044
1459.0 469.0 11.09815216979044
1459.0 451.0 8.403865827724442
1471.0 474.0 11.09815216979044
1472.0 440.0 11.09815216979044
1473.0 466.0 8.403865827724387
1486.0 507.0 9.300406367130059
1488.0 434.0 11.09815216979044
1489.0 458.0 10.292591572368512
1495.0 419.0 11.09815216979044
1496.0 427.0 11.09815216979044
1509.0 439.0 11.09815216979044
1513.0 457.0 11.09815216979044
1519.0 487.0 8.403865827724427
1522.0 461.0 11.09815216979044
1525.0 458.0 10.292591572368575
1534.0 442.0 11.09815216979044
1536.0 486.0 11.09815216979044
1541.0 429.0 8.403865827724363
1548.0 444.0 11.09815216979044
1558.0 449.0 11.09815216979044
1558.0 464.0 11.09815216979044
1592.0 479.0 11.09815216979044
1599.0 458.0 11.09815216979044
1603.0 456.0 11.09815216979044
1621.0 473.0 11.09815216979044
1623.0 473.0 11.09815216979044
1624.0 399.0 11.09815216979044
1624.0 450.0 10.292591572368535
1629.0 470.0 11.09815216979044
1633.0 453.0 11.09815216979044
1642.0 438.0 11.09815216979044
1643.0 454.0 11.09815216979044
1654.0 475.0 11.09815216979044
1662.0 454.0 11.09815216979044
1667.0 439.0 11.09815216979044
1672.0 467.0 11.09815216979044
1677.0 475.0 11.09815216979044
1684.0 472.0 11.09815216979044
1685.0 442.0 11.09815216979044
1688.0 483.0 11.09815216979044
1688.0 452.0 11.09815216979044
1702.0 459.0 11.09815216979044
1707.0 477.0 11.09815216979044
1713.0 501.0 11.09815216979044
1732.0 485.0 11.09815216979044
1733.0 475.0 11.09815216979044
1745.0 426.0 11.09815216979044
1751.0 453.0 11.09815216979044
1762.0 473.0 11.09815216979044
1774.0 457.0 11.09815216979044
1776.0 511.0 11.09815216979044
1809.0 467.0 11.09815216979044
1830.0 510.0 11.09815216979044
1838.0 508.0 11.09815216979044
1842.0 511.0 11.09815216979044
1848.0 485.0 11.09815216979044
1854.0 468.0 11.09815216979044
1876.0 449.0 11.09815216979044
1898.0 453.0 11.09815216979044
1916.0 475.0 11.09815216979044
1918.0 460.0 11.09815216979044
1956.0 445.0 11.09815216979044
2014.0 468.0 11.09815216979044
