rev3
608.0 249.0 9.300406367129973
653.0 275.0 6.200270911419976
664.0 243.0 8.403865827724427
666.0 256.0 8.403865827724381
684.0 251.0 6.861727714912342
689.0 249.0 9.719624808723344
691.0 277.0 9.719624808723344
694.0 246.0 9.300406367129948
696.0 259.0 7.593750000000077
700.0 277.0 7.593750000000086
705.0 262.0 9.300406367129977
708.0 282.0 7.593750000000086
717.0 213.0 9.300406367129998
720.0 259.0 9.719624808723344
724.0 295.0 9.300406367130039
727.0 282.0 8.403865827724427
736.0 246.0 9.300406367129952
754.0 247.0 9.719624808723344
759.0 301.0 9.719624808723344
762.0 261.0 9.300406367129936
762.0 289.0 9.719624808723344
767.0 276.0 8.403865827724358
768.0 287.0 9.719624808723344
772.0 266.0 9.30040636712999
773.0 255.0 9.300406367129959
780.0 265.0 9.719624808723344
781.0 308.0 9.300406367129982
784.0 240.0 9.719624808723344
797.0 277.0 9.719624808723344
799.0 231.0 9.719624808723344
801.0 314.0 9.719624808723344
815.0 288.0 9.719624808723344
825.0 260.0 9.719624808723344
830.0 243.0 9.719624808723344
837.0 263.0 9.719624808723344
840.0 275.0 9.719624808723344
841.0 252.0 9.719624808723344
845.0 289.0 9.719624808723344
845.0 274.0 8.403865827724442
847.0 297.0 9.300406367129925
849.0 291.0 9.719624808723344
852.0 271.0 9.719624808723344
854.0 261.0 8.403865827724442
855.0 284.0 9.719624808723344
858.0 259.0 9.719624808723344
862.0 286.0 9.719624808723344
866.0 255.0 9.719624808723344
868.0 257.0 9.719624808723344
869.0 299.0 9.719624808723344
878.0 252.0 9.719624808723344
880.0 323.0 9.719624808723344
884.0 290.0 9.30040636712999
896.0 289.0 9.719624808723344
897.0 301.0 8.403865827724438
901.0 305.0 9.300406367129986
904.0 268.0 9.719624808723344
912.0 289.0 9.719624808723344
914.0 269.0 9.719624808723344
916.0 258.0 9.719624808723344
917.0 272.0 9.719624808723344
922.0 254.0 9.719624808723344
929.0 288.0 8.4038658277244
930.0 305.0 9.719624808723344
935.0 312.0 9.719624808723344
937.0 288.0 9.300406367129977
942.0 295.0 9.719624808723344
947.0 307.0 9.719624808723344
949.0 277.0 9.719624808723344
961.0 265.0 9.719624808723344
964.0 300.0 9.719624808723344
977.0 254.0 9.719624808723344
980.0 278.0 9.719624808723344
982.0 265.0 9.719624808723344
985.0 261.0 9.719624808723344
986.0 287.0 9.719624808723344
987.0 296.0 9.719624808723344
990.0 314.0 9.719624808723344
993.0 264.0 9.719624808723344
994.0 274.0 9.719624808723344
994.0 307.0 9.719624808723344
1010.0 271.0 9.719624808723344
1019.0 276.0 9.719624808723344
1022.0 296.0 9.719624808723344
1023.0 291.0 9.719624808723344
1030.0 281.0 9.719624808723344
1030.0 272.0 9.719624808723344
1039.0 285.0 9.719624808723344
1040.0 273.0 9.719624808723344
1048.0 297.0 9.719624808723344
1050.0 290.0 9.719624808723344
1061.0 290.0 9.719624808723344
1067.0 267.0 9.719624808723344
1072.0 274.0 9.719624808723344
1078.0 270.0 9.719624808723344
1111.0 288.0 9.719624808723344
1132.0 289.0 9.719624808723344
1132.0 291.0 9.719624808723344
1147.0 290.0 9.719624808723344
1165.0 294.0 9.719624808723344
1263.0 316.0 9.719624808723344
