rev2
359.0 117.0 4.133513940946629
363.0 114.0 5.062500000000016
375.0 139.0 3.735051478988596
401.0 123.0 6.861727714912293
403.0 136.0 5.062500000000016
403.0 117.0 8.348774539791274
411.0 112.0 6.861727714912298
417.0 136.0 6.200270911419976
425.0 116.0 5.062500000000041
427.0 145.0 4.574485143274859
437.0 118.0 8.348774539791274
443.0 126.0 5.602577218482927
447.0 141.0 5.062500000000029
457.0 117.0 5.602577218482908
459.0 126.0 5.602577218482916
461.0 127.0 6.861727714912307
461.0 136.0 5.062500000000034
463.0 140.0 6.861727714912301
473.0 107.0 7.593750000000064
473.0 127.0 6.861727714912307
477.0 133.0 8.348774539791274
483.0 116.0 6.200270911419957
483.0 141.0 7.593750000000064
487.0 155.0 5.062500000000049
489.0 118.0 7.59375000000003
491.0 145.0 6.861727714912327
491.0 142.0 6.200270911419983
495.0 157.0 6.20027091141997
495.0 120.0 5.602577218482914
497.0 124.0 8.348774539791274
507.0 128.0 8.348774539791274
507.0 123.0 8.348774539791274
525.0 136.0 7.593750000000064
525.0 131.0 8.348774539791274
525.0 128.0 5.602577218482921
529.0 139.0 6.861727714912291
531.0 137.0 7.5937500000000435
533.0 153.0 8.348774539791274
537.0 171.0 7.593750000000036
547.0 141.0 7.593750000000044
553.0 132.0 8.348774539791274
555.0 125.0 8.348774539791274
557.0 131.0 8.348774539791274
559.0 161.0 5.602577218482934
561.0 139.0 8.348774539791274
563.0 163.0 8.348774539791274
563.0 144.0 8.348774539791274
563.0 146.0 7.593750000000032
565.0 132.0 8.348774539791274
569.0 122.0 7.593750000000051
569.0 150.0 8.348774539791274
573.0 162.0 7.593750000000071
575.0 155.0 8.348774539791274
575.0 128.0 7.593750000000032
575.0 144.0 8.348774539791274
575.0 169.0 8.348774539791274
577.0 146.0 6.861727714912301
577.0 159.0 8.348774539791274
581.0 139.0 8.348774539791274
583.0 133.0 8.348774539791274
587.0 138.0 8.348774539791274
595.0 140.0 8.348774539791274
595.0 138.0 8.348774539791274
595.0 143.0 8.348774539791274
597.0 126.0 8.348774539791274
597.0 149.0 6.861727714912308
597.0 139.0 8.348774539791274
599.0 137.0 8.348774539791274
601.0 154.0 8.348774539791274
603.0 139.0 8.348774539791274
605.0 135.0 8.348774539791274
609.0 149.0 8.348774539791274
617.0 160.0 5.062500000000043
617.0 142.0 8.348774539791274
621.0 140.0 8.348774539791274
627.0 142.0 6.861727714912282
629.0 160.0 8.348774539791274
629.0 132.0 6.200270911419937
631.0 142.0 7.593750000000056
631.0 124.0 8.348774539791274
631.0 138.0 8.348774539791274
631.0 152.0 8.348774539791274
633.0 153.0 8.348774539791274
639.0 161.0 8.348774539791274
641.0 162.0 8.348774539791274
641.0 153.0 8.348774539791274
657.0 133.0 8.348774539791274
669.0 146.0 8.348774539791274
671.0 148.0 8.348774539791274
677.0 140.0 8.348774539791274
693.0 152.0 8.348774539791274
699.0 135.0 8.348774539791274
699.0 158.0 8.348774539791274
705.0 125.0 8.348774539791274
771.0 174.0 8.348774539791274
773.0 133.0 8.348774539791274
775.0 137.0 8.348774539791274
777.0 166.0 8.348774539791274
859.0 134.0 8.348774539791274
971.0 201.0 8.348774539791274
