rev2
5933947.0 1048053.0 26.33959667597155
5944643.0 1050111.0 26.33959667597155
5960649.0 1050248.0 26.33959667597155
5971659.0 1050525.0 26.33959667597155
5998013.0 1052866.0 26.33959667597155
5999969.0 1051225.0 26.33959667597155
6006819.0 1052827.0 26.33959667597155
6010119.0 1054101.0 26.33959667597155
6013697.0 1050695.0 26.33959667597155
6017615.0 1051915.0 26.33959667597155
6026673.0 1051404.0 26.33959667597155
6030723.0 1052677.0 26.33959667597155
6047259.0 1052983.0 26.33959667597155
6047895.0 1053240.0 26.33959667597155
6048627.0 1052697.0 26.33959667597155
6059561.0 1052578.0 26.33959667597155
6068163.0 1054276.0 26.33959667597155
6077185.0 1052939.0 26.33959667597155
6080397.0 1056321.0 26.33959667597155
6083037.0 1051547.0 26.33959667597155
6090229.0 1055040.0 26.33959667597155
6091245.0 1053542.0 26.33959667597155
6098069.0 1053474.0 26.33959667597155
6102785.0 1051874.0 26.33959667597155
6107501.0 1055800.0 26.33959667597155
6108733.0 1055800.0 26.33959667597155
6109033.0 1054828.0 26.33959667597155
6111433.0 1053284.0 26.33959667597155
6116629.0 1054347.0 26.33959667597155
6118223.0 1054577.0 26.33959667597155
6119637.0 1054480.0 26.33959667597155
6126139.0 1053933.0 26.33959667597155
6127779.0 1053044.0 26.33959667597155
6131799.0 1053733.0 26.33959667597155
6135095.0 1052938.0 26.33959667597155
6135607.0 1053202.0 26.33959667597155
6139429.0 1056173.0 26.33959667597155
6141131.0 1054147.0 26.33959667597155
6146943.0 1052226.0 26.33959667597155
6150069.0 1053838.0 26.33959667597155
6152573.0 1054581.0 26.33959667597155
6152845.0 1055494.0 26.33959667597155
6155837.0 1054540.0 26.33959667597155
6156325.0 1054672.0 26.33959667597155
6158317.0 1054571.0 26.33959667597155
6158503.0 1053947.0 26.33959667597155
6159089.0 1054232.0 26.33959667597155
6160967.0 1054317.0 26.33959667597155
6167159.0 1057630.0 26.33959667597155
6172519.0 1054551.0 26.33959667597155
6176343.0 1056722.0 26.33959667597155
6181853.0 1054481.0 26.33959667597155
6184477.0 1056971.0 26.33959667597155
6184957.0 1055118.0 26.33959667597155
6201569.0 1056777.0 26.33959667597155
6204607.0 1057026.0 26.33959667597155
6208201.0 1055235.0 26.33959667597155
6212895.0 1054947.0 26.33959667597155
6213209.0 1056642.0 26.33959667597155
6216675.0 1056692.0 26.33959667597155
6217213.0 1053921.0 26.33959667597155
6218485.0 1054608.0 26.33959667597155
6222313.0 1057665.0 26.33959667597155
6225651.0 1055903.0 26.33959667597155
6225707.0 1054818.0 26.33959667597155
6227815.0 1056608.0 26.33959667597155
6234377.0 1058013.0 26.33959667597155
6243231.0 1055721.0 26.33959667597155
6243731.0 1055180.0 26.33959667597155
6250803.0 1056092.0 26.33959667597155
6259445.0 1055699.0 26.33959667597155
6270035.0 1056241.0 26.33959667597155
6276111.0 1058427.0 26.33959667597155
6300269.0 1057671.0 26.33959667597155
6301147.0 1058427.0 26.33959667597155
6311701.0 1058702.0 26.33959667597155
6314987.0 1056549.0 26.33959667597155
6317307.0 1058251.0 26.33959667597155
6318243.0 1055692.0 26.33959667597155
6319691.0 1058610.0 26.33959667597155
6322581.0 1058823.0 26.33959667597155
6325803.0 1059222.0 26.33959667597155
6369209.0 1057557.0 26.33959667597155
6370285.0 1059926.0 26.33959667597155
6372897.0 1058788.0 26.33959667597155
6378405.0 1058547.0 26.33959667597155
6397233.0 1058614.0 26.33959667597155
6419251.0 1058700.0 26.33959667597155
6424031.0 1059694.0 26.33959667597155
6430851.0 1057993.0 26.33959667597155
6447861.0 1060196.0 26.33959667597155
6478039.0 1061447.0 26.33959667597155
6478377.0 1060237.0 26.33959667597155
6496871.0 1060739.0 26.33959667597155
6505315.0 1061695.0 26.33959667597155
6518299.0 1060688.0 26.33959667597155
6569705.0 1061856.0 26.33959667597155
6579375.0 1063646.0 26.33959667597155
6646387.0 1064767.0 26.33959667597155
6708475.0 1067167.0 26.33959667597155
