rev2
4.8645233E7 8400251.0 30.498476421474695
4.8843421E7 8405051.0 30.498476421474695
4.8938009E7 8413366.0 30.498476421474695
4.9026609E7 8401862.0 30.498476421474695
4.9156669E7 8406426.0 30.498476421474695
4.9176071E7 8412089.0 30.498476421474695
4.9233633E7 8406698.0 30.498476421474695
4.9234901E7 8412650.0 30.498476421474695
4.9253725E7 8413157.0 30.498476421474695
4.9313749E7 8411035.0 30.498476421474695
4.9344237E7 8410720.0 30.498476421474695
4.9386273E7 8419687.0 30.498476421474695
4.9445097E7 8413974.0 30.498476421474695
4.9450041E7 8412473.0 30.498476421474695
4.9529095E7 8418845.0 30.498476421474695
4.9529573E7 8422655.0 30.498476421474695
4.9667843E7 8417665.0 30.498476421474695
4.9672437E7 8417143.0 30.498476421474695
4.9687343E7 8419540.0 30.498476421474695
4.9695499E7 8419441.0 30.498476421474695
4.9704977E7 8418843.0 30.498476421474695
4.9733543E7 8420640.0 30.498476421474695
4.9757507E7 8421779.0 30.498476421474695
4.9796061E7 8419651.0 30.498476421474695
4.9819825E7 8419680.0 30.498476421474695
4.9822345E7 8419125.0 30.498476421474695
4.9924205E7 8425084.0 30.498476421474695
4.9928193E7 8418962.0 30.498476421474695
4.9939475E7 8421975.0 30.498476421474695
4.9939813E7 8422292.0 30.498476421474695
4.9968401E7 8422443.0 30.498476421474695
4.9969543E7 8423205.0 30.498476421474695
4.9972259E7 8424710.0 30.498476421474695
5.0003123E7 8427907.0 30.498476421474695
5.0023671E7 8421338.0 30.498476421474695
5.0027739E7 8427948.0 30.498476421474695
5.0072373E7 8428312.0 30.498476421474695
5.0121243E7 8421431.0 30.498476421474695
5.0147549E7 8425191.0 30.498476421474695
5.0178187E7 8428317.0 30.498476421474695
5.0196927E7 8427096.0 30.498476421474695
5.0210599E7 8427870.0 30.498476421474695
5.0238479E7 8427428.0 30.498476421474695
5.0241721E7 8425983.0 30.498476421474695
5.0244371E7 8433306.0 30.498476421474695
5.0248917E7 8424291.0 30.498476421474695
5.0267925E7 8432199.0 30.498476421474695
5.0313273E7 8428756.0 30.498476421474695
5.0450025E7 8430347.0 30.498476421474695
5.0468935E7 8432276.0 30.498476421474695
5.0517553E7 8431206.0 30.498476421474695
5.0595787E7 8434187.0 30.498476421474695
5.0630435E7 8432658.0 30.498476421474695
5.0670583E7 8433032.0 30.498476421474695
5.0678829E7 8438060.0 30.498476421474695
5.0722237E7 8437932.0 30.498476421474695
5.0763299E7 8438895.0 30.498476421474695
5.0784061E7 8439744.0 30.498476421474695
5.0790173E7 8437356.0 30.498476421474695
5.0854145E7 8439429.0 30.498476421474695
5.0932475E7 8434852.0 30.498476421474695
5.0961873E7 8443498.0 30.498476421474695
5.1015267E7 8436575.0 30.498476421474695
5.1037369E7 8445126.0 30.498476421474695
5.1044713E7 8445674.0 30.498476421474695
5.1064623E7 8443542.0 30.498476421474695
5.1100435E7 8442552.0 30.498476421474695
5.1105387E7 8438694.0 30.498476421474695
5.1121577E7 8443224.0 30.498476421474695
5.1125631E7 8441108.0 30.498476421474695
5.1177719E7 8443970.0 30.498476421474695
5.1198109E7 8443834.0 30.498476421474695
5.1222685E7 8439482.0 30.498476421474695
5.1264913E7 8450474.0 30.498476421474695
5.1333349E7 8441181.0 30.498476421474695
5.1357967E7 8450894.0 30.498476421474695
5.1426749E7 8446269.0 30.498476421474695
5.1451343E7 8451915.0 30.498476421474695
5.1500889E7 8451799.0 30.498476421474695
5.1531411E7 8449506.0 30.498476421474695
5.1541729E7 8453001.0 30.498476421474695
5.1566009E7 8459562.0 30.498476421474695
5.1599115E7 8455072.0 30.498476421474695
5.1631765E7 8451683.0 30.498476421474695
5.1667587E7 8450538.0 30.498476421474695
5.1669835E7 8461270.0 30.498476421474695
5.1822827E7 8459086.0 30.498476421474695
5.2086855E7 8456694.0 30.498476421474695
5.2104205E7 8456347.0 30.498476421474695
5.2357977E7 8468422.0 30.498476421474695
5.2365905E7 8461930.0 30.498476421474695
5.2519857E7 8469976.0 30.498476421474695
5.2553621E7 8469276.0 30.498476421474695
5.2560597E7 8462808.0 30.498476421474695
5.2589667E7 8467861.0 30.498476421474695
5.2845115E7 8476936.0 30.498476421474695
5.3759071E7 8485461.0 30.498476421474695
5.3866441E7 8485764.0 30.498476421474695
5.4661311E7 8505583.0 30.498476421474695
5.5516167E7 8512757.0 30.498476421474695
