rev3
124504.0 32405.0 19.40824312226583
125269.0 33072.0 19.40824312226583
125930.0 33058.0 19.40824312226583
126298.0 32527.0 19.40824312226583
127240.0 32448.0 19.40824312226583
128191.0 32714.0 19.40824312226583
128461.0 33011.0 19.40824312226583
128654.0 32759.0 19.40824312226583
129530.0 32870.0 19.40824312226583
130076.0 32723.0 19.40824312226583
130238.0 32449.0 19.40824312226583
130325.0 33096.0 19.40824312226583
130482.0 33111.0 19.40824312226583
130566.0 32610.0 19.40824312226583
130683.0 33276.0 19.40824312226583
130851.0 33022.0 19.40824312226583
130974.0 32830.0 19.40824312226583
131052.0 32878.0 19.40824312226583
131216.0 32849.0 19.40824312226583
131232.0 32793.0 19.40824312226583
131281.0 33041.0 19.40824312226583
131528.0 33086.0 19.40824312226583
131565.0 33228.0 19.40824312226583
131583.0 32819.0 19.40824312226583
131587.0 33015.0 19.40824312226583
131591.0 32957.0 19.40824312226583
131891.0 32690.0 19.40824312226583
131999.0 32958.0 19.40824312226583
132143.0 33018.0 19.40824312226583
132208.0 33053.0 19.40824312226583
132647.0 32807.0 19.40824312226583
132790.0 33078.0 19.40824312226583
133628.0 32805.0 19.40824312226583
133872.0 33138.0 19.40824312226583
133913.0 33090.0 19.40824312226583
134222.0 32833.0 19.40824312226583
134377.0 32981.0 19.40824312226583
134538.0 32710.0 19.40824312226583
134724.0 32805.0 19.40824312226583
134739.0 33110.0 19.40824312226583
134768.0 33176.0 19.40824312226583
134808.0 33247.0 19.40824312226583
135270.0 33299.0 19.40824312226583
135442.0 33525.0 19.40824312226583
135777.0 33223.0 19.40824312226583
135888.0 32936.0 19.40824312226583
135929.0 33139.0 19.40824312226583
136158.0 32910.0 19.40824312226583
136231.0 33225.0 19.40824312226583
136405.0 33316.0 19.40824312226583
136454.0 32717.0 19.40824312226583
136537.0 33008.0 19.40824312226583
136594.0 32826.0 19.40824312226583
136722.0 33392.0 19.40824312226583
136771.0 33097.0 19.40824312226583
136843.0 33141.0 19.40824312226583
136845.0 32869.0 19.40824312226583
137029.0 33276.0 19.40824312226583
137113.0 33495.0 19.40824312226583
137283.0 33204.0 19.40824312226583
137313.0 32722.0 19.40824312226583
137809.0 32570.0 19.40824312226583
138015.0 32891.0 19.40824312226583
138087.0 33409.0 19.40824312226583
138485.0 32914.0 19.40824312226583
138488.0 33203.0 19.40824312226583
138782.0 33175.0 19.40824312226583
139385.0 33319.0 19.40824312226583
139393.0 33440.0 19.40824312226583
139726.0 33283.0 19.40824312226583
140180.0 33313.0 19.40824312226583
140203.0 33369.0 19.40824312226583
140214.0 33746.0 19.40824312226583
140269.0 33106.0 19.40824312226583
140277.0 33091.0 19.40824312226583
140485.0 33052.0 19.40824312226583
141118.0 33477.0 19.40824312226583
142311.0 32826.0 19.40824312226583
142690.0 33732.0 19.40824312226583
142825.0 33329.0 19.40824312226583
142910.0 33069.0 19.40824312226583
143176.0 33268.0 19.40824312226583
143627.0 33449.0 19.40824312226583
144829.0 33259.0 19.40824312226583
145010.0 33047.0 19.40824312226583
145427.0 33595.0 19.40824312226583
145850.0 33528.0 19.40824312226583
146827.0 33568.0 19.40824312226583
146857.0 33367.0 19.40824312226583
147227.0 33348.0 19.40824312226583
147640.0 33298.0 19.40824312226583
147666.0 33664.0 19.40824312226583
147784.0 33703.0 19.40824312226583
147999.0 33185.0 19.40824312226583
148309.0 33393.0 19.40824312226583
148973.0 33597.0 19.40824312226583
149889.0 33420.0 19.40824312226583
150786.0 33387.0 19.40824312226583
151731.0 33113.0 19.40824312226583
152076.0 34006.0 19.40824312226583
