rev4
442540.0 113270.0 22.180740295263547
448280.0 113113.0 22.180740295263547
448566.0 113062.0 22.180740295263547
449775.0 112992.0 22.180740295263547
449786.0 113594.0 22.180740295263547
450049.0 113458.0 22.180740295263547
453913.0 113207.0 22.180740295263547
453951.0 112942.0 22.180740295263547
456304.0 113388.0 22.180740295263547
456555.0 113708.0 22.180740295263547
457834.0 113891.0 22.180740295263547
458170.0 113396.0 22.180740295263547
458802.0 114197.0 22.180740295263547
459098.0 113437.0 22.180740295263547
459099.0 113915.0 22.180740295263547
460130.0 113126.0 22.180740295263547
461918.0 114374.0 22.180740295263547
462225.0 113970.0 22.180740295263547
462393.0 114507.0 22.180740295263547
462561.0 113753.0 22.180740295263547
462699.0 112962.0 22.180740295263547
462939.0 113632.0 22.180740295263547
463367.0 113711.0 22.180740295263547
463412.0 113380.0 22.180740295263547
463672.0 113519.0 22.180740295263547
464134.0 113199.0 22.180740295263547
464226.0 113955.0 22.180740295263547
464654.0 113568.0 22.180740295263547
464687.0 113696.0 22.180740295263547
465273.0 113884.0 22.180740295263547
465623.0 113799.0 22.180740295263547
465744.0 113321.0 22.180740295263547
465854.0 113309.0 22.180740295263547
466134.0 113445.0 22.180740295263547
466708.0 113429.0 22.180740295263547
467057.0 113610.0 22.180740295263547
467063.0 114130.0 22.180740295263547
469643.0 113852.0 22.180740295263547
469714.0 113159.0 22.180740295263547
469850.0 113226.0 22.180740295263547
470056.0 113034.0 22.180740295263547
470179.0 113357.0 22.180740295263547
470238.0 113397.0 22.180740295263547
470694.0 113713.0 22.180740295263547
470798.0 114407.0 22.180740295263547
471071.0 113149.0 22.180740295263547
472158.0 113946.0 22.180740295263547
473022.0 114306.0 22.180740295263547
473183.0 114027.0 22.180740295263547
473717.0 114293.0 22.180740295263547
473964.0 114052.0 22.180740295263547
475038.0 113765.0 22.180740295263547
475199.0 113708.0 22.180740295263547
475386.0 114394.0 22.180740295263547
476099.0 113882.0 22.180740295263547
476858.0 113057.0 22.180740295263547
477480.0 113523.0 22.180740295263547
477518.0 113343.0 22.180740295263547
477549.0 114071.0 22.180740295263547
477954.0 113652.0 22.180740295263547
478056.0 114363.0 22.180740295263547
479026.0 114457.0 22.180740295263547
479446.0 114162.0 22.180740295263547
479980.0 114138.0 22.180740295263547
480314.0 114466.0 22.180740295263547
480564.0 114014.0 22.180740295263547
481324.0 114335.0 22.180740295263547
483668.0 113314.0 22.180740295263547
484484.0 114686.0 22.180740295263547
484628.0 114123.0 22.180740295263547
485278.0 114088.0 22.180740295263547
485426.0 114300.0 22.180740295263547
485549.0 113990.0 22.180740295263547
486023.0 113729.0 22.180740295263547
487125.0 113993.0 22.180740295263547
487877.0 114047.0 22.180740295263547
490053.0 114475.0 22.180740295263547
490442.0 114001.0 22.180740295263547
492934.0 114562.0 22.180740295263547
493148.0 114436.0 22.180740295263547
493286.0 114197.0 22.180740295263547
493456.0 114862.0 22.180740295263547
493861.0 114069.0 22.180740295263547
494062.0 115114.0 22.180740295263547
496229.0 115094.0 22.180740295263547
496314.0 113976.0 22.180740295263547
497510.0 115201.0 22.180740295263547
498370.0 114503.0 22.180740295263547
498623.0 114766.0 22.180740295263547
499988.0 114711.0 22.180740295263547
502270.0 114554.0 22.180740295263547
503676.0 114568.0 22.180740295263547
504281.0 114417.0 22.180740295263547
510465.0 115078.0 22.180740295263547
511082.0 114874.0 22.180740295263547
512214.0 114275.0 22.180740295263547
513131.0 114207.0 22.180740295263547
517198.0 114181.0 22.180740295263547
563259.0 116545.0 22.180740295263547
571369.0 115786.0 22.180740295263547
