rev3
88.0 56.0 3.049656762183237
93.0 68.0 2.4900343193257273
96.0 42.0 4.574485143274848
97.0 74.0 3.04965676218323
98.0 44.0 4.574485143274848
99.0 58.0 2.755675960631082
101.0 52.0 5.062500000000016
103.0 63.0 4.574485143274854
107.0 68.0 3.735051478988596
108.0 67.0 3.735051478988597
112.0 69.0 3.735051478988597
114.0 63.0 3.7350514789885905
121.0 71.0 4.133513940946622
122.0 85.0 3.7350514789885927
123.0 69.0 4.133513940946622
126.0 71.0 3.735051478988602
131.0 75.0 4.133513940946632
131.0 67.0 5.062500000000017
134.0 73.0 4.574485143274851
137.0 75.0 5.602577218482893
140.0 60.0 4.57448514327485
144.0 77.0 3.735051478988596
145.0 80.0 5.0625000000000195
150.0 93.0 5.06250000000001
154.0 74.0 3.7350514789886025
156.0 68.0 6.861727714912288
156.0 72.0 5.602577218482893
160.0 75.0 4.574485143274854
162.0 80.0 4.133513940946629
162.0 66.0 5.062500000000013
162.0 76.0 6.861727714912285
163.0 79.0 6.20027091141994
164.0 81.0 5.062500000000027
164.0 62.0 5.062500000000018
166.0 68.0 6.200270911419942
167.0 71.0 5.602577218482896
170.0 63.0 6.9930151229329605
171.0 76.0 5.062500000000027
172.0 64.0 6.20027091141994
173.0 72.0 5.062500000000024
175.0 68.0 5.062500000000023
177.0 71.0 6.200270911419939
177.0 58.0 5.0625000000000195
178.0 72.0 5.602577218482893
179.0 95.0 6.200270911419943
183.0 73.0 6.200270911419936
183.0 87.0 6.9930151229329605
184.0 68.0 6.861727714912274
187.0 72.0 6.861727714912297
188.0 66.0 6.9930151229329605
188.0 62.0 6.9930151229329605
190.0 95.0 6.200270911419933
193.0 98.0 6.200270911419962
193.0 72.0 4.574485143274854
194.0 66.0 5.6025772184828995
196.0 70.0 6.9930151229329605
197.0 89.0 5.602577218482916
198.0 85.0 6.200270911419948
199.0 77.0 6.200270911419942
200.0 65.0 5.602577218482904
201.0 80.0 4.5744851432748606
202.0 71.0 5.062500000000018
202.0 77.0 6.200270911419942
203.0 58.0 6.861727714912282
204.0 72.0 5.602577218482903
206.0 77.0 6.9930151229329605
209.0 98.0 5.602577218482893
210.0 71.0 6.861727714912291
212.0 79.0 5.062500000000018
213.0 82.0 6.9930151229329605
213.0 66.0 6.9930151229329605
215.0 67.0 4.57448514327486
217.0 73.0 6.200270911419948
220.0 77.0 6.2002709114199535
223.0 90.0 6.200270911419961
223.0 79.0 6.9930151229329605
225.0 92.0 6.9930151229329605
226.0 73.0 6.9930151229329605
226.0 64.0 6.9930151229329605
226.0 65.0 6.9930151229329605
227.0 88.0 6.9930151229329605
232.0 84.0 6.2002709114199535
233.0 67.0 6.861727714912285
236.0 83.0 6.9930151229329605
237.0 72.0 6.9930151229329605
238.0 86.0 6.9930151229329605
238.0 72.0 6.9930151229329605
260.0 93.0 6.9930151229329605
263.0 73.0 6.9930151229329605
263.0 89.0 6.861727714912286
264.0 101.0 6.9930151229329605
271.0 81.0 6.9930151229329605
272.0 80.0 6.9930151229329605
273.0 99.0 6.9930151229329605
278.0 86.0 6.9930151229329605
295.0 76.0 6.9930151229329605
297.0 89.0 6.9930151229329605
314.0 93.0 6.9930151229329605
320.0 91.0 6.9930151229329605
325.0 78.0 6.9930151229329605
