rev4
221172.0 56536.0 20.794476451023307
221228.0 55948.0 20.794476451023307
221328.0 56345.0 20.794476451023307
222000.0 56846.0 20.794476451023307
222221.0 56564.0 20.794476451023307
222785.0 57062.0 20.794476451023307
223226.0 56777.0 20.794476451023307
223310.0 56303.0 20.794476451023307
223870.0 56541.0 20.794476451023307
224789.0 56881.0 20.794476451023307
224801.0 56927.0 20.794476451023307
225028.0 55985.0 20.794476451023307
225038.0 56507.0 20.794476451023307
226096.0 56820.0 20.794476451023307
226246.0 56721.0 20.794476451023307
226754.0 56715.0 20.794476451023307
227050.0 56925.0 20.794476451023307
227356.0 56756.0 20.794476451023307
227797.0 56745.0 20.794476451023307
227892.0 57185.0 20.794476451023307
228191.0 57099.0 20.794476451023307
228301.0 56601.0 20.794476451023307
228379.0 56329.0 20.794476451023307
228617.0 56382.0 20.794476451023307
229106.0 57225.0 20.794476451023307
229628.0 56900.0 20.794476451023307
229801.0 56915.0 20.794476451023307
229830.0 57307.0 20.794476451023307
229881.0 56521.0 20.794476451023307
229908.0 56954.0 20.794476451023307
230016.0 56705.0 20.794476451023307
230063.0 56224.0 20.794476451023307
230491.0 57045.0 20.794476451023307
231430.0 57281.0 20.794476451023307
231513.0 56634.0 20.794476451023307
231651.0 56856.0 20.794476451023307
231780.0 56504.0 20.794476451023307
232015.0 57114.0 20.794476451023307
232065.0 56739.0 20.794476451023307
232184.0 56910.0 20.794476451023307
232659.0 57191.0 20.794476451023307
232659.0 57046.0 20.794476451023307
233445.0 57132.0 20.794476451023307
233700.0 56503.0 20.794476451023307
233986.0 57111.0 20.794476451023307
233997.0 56894.0 20.794476451023307
234482.0 56899.0 20.794476451023307
234570.0 56676.0 20.794476451023307
234619.0 57645.0 20.794476451023307
234721.0 56862.0 20.794476451023307
234836.0 57119.0 20.794476451023307
234871.0 56887.0 20.794476451023307
235154.0 57607.0 20.794476451023307
235507.0 57137.0 20.794476451023307
235706.0 56806.0 20.794476451023307
235787.0 56834.0 20.794476451023307
235789.0 56581.0 20.794476451023307
235794.0 57336.0 20.794476451023307
236323.0 56820.0 20.794476451023307
236477.0 56740.0 20.794476451023307
236845.0 57149.0 20.794476451023307
236892.0 57302.0 20.794476451023307
237792.0 57095.0 20.794476451023307
238094.0 56913.0 20.794476451023307
238744.0 56864.0 20.794476451023307
239011.0 57352.0 20.794476451023307
239222.0 57291.0 20.794476451023307
239583.0 56855.0 20.794476451023307
239809.0 57458.0 20.794476451023307
239937.0 56829.0 20.794476451023307
239989.0 56684.0 20.794476451023307
240370.0 57084.0 20.794476451023307
240689.0 57342.0 20.794476451023307
240896.0 56577.0 20.794476451023307
241183.0 56890.0 20.794476451023307
241718.0 57066.0 20.794476451023307
241780.0 57665.0 20.794476451023307
241992.0 57356.0 20.794476451023307
242004.0 57486.0 20.794476451023307
242162.0 57163.0 20.794476451023307
243263.0 57115.0 20.794476451023307
243411.0 57114.0 20.794476451023307
243561.0 57221.0 20.794476451023307
245740.0 57310.0 20.794476451023307
245843.0 57048.0 20.794476451023307
246065.0 57126.0 20.794476451023307
246114.0 56737.0 20.794476451023307
246287.0 56924.0 20.794476451023307
246461.0 57531.0 20.794476451023307
247867.0 57188.0 20.794476451023307
248800.0 57442.0 20.794476451023307
250882.0 57380.0 20.794476451023307
250897.0 57724.0 20.794476451023307
252028.0 57581.0 20.794476451023307
254275.0 57856.0 20.794476451023307
254759.0 57834.0 20.794476451023307
257258.0 57640.0 20.794476451023307
257321.0 57402.0 20.794476451023307
261713.0 57711.0 20.794476451023307
261786.0 57552.0 20.794476451023307
