rev4
900786.0 226250.0 23.567019397768995
911111.0 226836.0 23.567019397768995
912058.0 227073.0 23.567019397768995
914753.0 226678.0 23.567019397768995
919986.0 226130.0 23.567019397768995
922976.0 228000.0 23.567019397768995
925575.0 226551.0 23.567019397768995
927433.0 227363.0 23.567019397768995
928856.0 227902.0 23.567019397768995
929731.0 227410.0 23.567019397768995
930092.0 227464.0 23.567019397768995
930201.0 227216.0 23.567019397768995
930709.0 226102.0 23.567019397768995
930864.0 227732.0 23.567019397768995
931168.0 226798.0 23.567019397768995
931324.0 226278.0 23.567019397768995
933613.0 227521.0 23.567019397768995
934804.0 227574.0 23.567019397768995
936300.0 226139.0 23.567019397768995
936443.0 227977.0 23.567019397768995
936528.0 228039.0 23.567019397768995
936671.0 227211.0 23.567019397768995
939200.0 226907.0 23.567019397768995
940758.0 227791.0 23.567019397768995
940794.0 227369.0 23.567019397768995
940949.0 226789.0 23.567019397768995
941823.0 227830.0 23.567019397768995
941855.0 227956.0 23.567019397768995
942992.0 227206.0 23.567019397768995
943941.0 227745.0 23.567019397768995
944000.0 227104.0 23.567019397768995
945794.0 227783.0 23.567019397768995
946494.0 228039.0 23.567019397768995
946575.0 227017.0 23.567019397768995
947611.0 227083.0 23.567019397768995
947637.0 227319.0 23.567019397768995
948698.0 227478.0 23.567019397768995
949432.0 227977.0 23.567019397768995
950769.0 227032.0 23.567019397768995
951665.0 227470.0 23.567019397768995
953169.0 227977.0 23.567019397768995
954180.0 227597.0 23.567019397768995
954606.0 227587.0 23.567019397768995
955271.0 228804.0 23.567019397768995
955396.0 227340.0 23.567019397768995
955784.0 228711.0 23.567019397768995
956772.0 228296.0 23.567019397768995
957100.0 227156.0 23.567019397768995
957201.0 227944.0 23.567019397768995
957393.0 228326.0 23.567019397768995
957597.0 227282.0 23.567019397768995
958453.0 227899.0 23.567019397768995
958674.0 227895.0 23.567019397768995
958882.0 227464.0 23.567019397768995
959880.0 227424.0 23.567019397768995
961065.0 227758.0 23.567019397768995
961803.0 228866.0 23.567019397768995
962243.0 227592.0 23.567019397768995
962715.0 227144.0 23.567019397768995
962738.0 228073.0 23.567019397768995
963512.0 228938.0 23.567019397768995
964270.0 227034.0 23.567019397768995
964746.0 227864.0 23.567019397768995
965016.0 228891.0 23.567019397768995
966025.0 228322.0 23.567019397768995
966059.0 227483.0 23.567019397768995
966346.0 227898.0 23.567019397768995
967086.0 227071.0 23.567019397768995
968355.0 227995.0 23.567019397768995
968630.0 228578.0 23.567019397768995
968659.0 228183.0 23.567019397768995
971060.0 227968.0 23.567019397768995
971931.0 228744.0 23.567019397768995
972008.0 227015.0 23.567019397768995
974262.0 228320.0 23.567019397768995
974364.0 228381.0 23.567019397768995
974734.0 228181.0 23.567019397768995
976027.0 228762.0 23.567019397768995
977066.0 228833.0 23.567019397768995
977210.0 228117.0 23.567019397768995
977882.0 228146.0 23.567019397768995
979314.0 228996.0 23.567019397768995
979393.0 227858.0 23.567019397768995
982583.0 227537.0 23.567019397768995
984338.0 229260.0 23.567019397768995
985239.0 228253.0 23.567019397768995
985460.0 228307.0 23.567019397768995
988009.0 227933.0 23.567019397768995
995440.0 227479.0 23.567019397768995
998296.0 228120.0 23.567019397768995
999352.0 228713.0 23.567019397768995
1010517.0 229019.0 23.567019397768995
1016085.0 228785.0 23.567019397768995
1017415.0 228668.0 23.567019397768995
1017853.0 229396.0 23.567019397768995
1018003.0 229464.0 23.567019397768995
1018920.0 228571.0 23.567019397768995
1020877.0 229247.0 23.567019397768995
1045709.0 229729.0 23.567019397768995
1149283.0 231094.0 23.567019397768995
