rev2
4331.0 970.0 12.480551690341539
4365.0 1059.0 11.390625000000565
4431.0 1008.0 12.480551690341539
4443.0 1005.0 12.480551690341539
4561.0 971.0 12.480551690341539
4577.0 1070.0 12.480551690341539
4641.0 996.0 12.480551690341539
4645.0 991.0 12.480551690341539
4675.0 941.0 12.480551690341539
4691.0 1027.0 12.480551690341539
4707.0 1054.0 12.480551690341539
4717.0 999.0 12.480551690341539
4745.0 1007.0 12.480551690341539
4749.0 1008.0 12.480551690341539
4749.0 1028.0 12.480551690341539
4753.0 1030.0 12.480551690341539
4761.0 995.0 12.480551690341539
4763.0 1005.0 12.480551690341539
4775.0 1044.0 12.480551690341539
4781.0 1015.0 12.480551690341539
4789.0 1028.0 12.480551690341539
4799.0 1019.0 12.480551690341539
4823.0 1058.0 12.480551690341539
4869.0 1080.0 12.480551690341539
4871.0 1053.0 12.480551690341539
4879.0 1077.0 12.480551690341539
4883.0 1065.0 12.480551690341539
4915.0 1090.0 12.480551690341539
4953.0 1045.0 12.480551690341539
4983.0 1114.0 12.480551690341539
4987.0 1063.0 12.480551690341539
4989.0 1038.0 12.480551690341539
5009.0 1074.0 12.480551690341539
5013.0 1065.0 12.480551690341539
5017.0 1084.0 12.480551690341539
5051.0 1092.0 12.480551690341539
5093.0 964.0 12.480551690341539
5097.0 1032.0 12.480551690341539
5121.0 1088.0 12.480551690341539
5129.0 963.0 12.480551690341539
5143.0 1016.0 12.480551690341539
5149.0 1087.0 12.480551690341539
5153.0 1057.0 12.480551690341539
5155.0 1126.0 12.480551690341539
5167.0 1049.0 12.480551690341539
5193.0 1014.0 12.480551690341539
5253.0 1062.0 12.480551690341539
5261.0 1059.0 12.480551690341539
5273.0 1078.0 12.480551690341539
5295.0 1069.0 12.480551690341539
5319.0 1056.0 12.480551690341539
5329.0 1078.0 12.480551690341539
5333.0 1086.0 12.480551690341539
5339.0 1057.0 12.480551690341539
5343.0 1107.0 12.480551690341539
5365.0 1059.0 12.480551690341539
5371.0 1126.0 12.480551690341539
5379.0 1083.0 12.480551690341539
5381.0 1048.0 12.480551690341539
5387.0 1079.0 12.480551690341539
5393.0 1064.0 12.480551690341539
5395.0 1117.0 12.480551690341539
5419.0 1060.0 12.480551690341539
5447.0 1116.0 12.480551690341539
5471.0 1023.0 12.480551690341539
5481.0 1100.0 12.480551690341539
5481.0 1112.0 12.480551690341539
5505.0 1048.0 12.480551690341539
5505.0 1020.0 12.480551690341539
5559.0 1087.0 12.480551690341539
5577.0 1096.0 12.480551690341539
5577.0 1085.0 12.480551690341539
5579.0 1040.0 12.480551690341539
5579.0 1021.0 12.480551690341539
5585.0 1085.0 12.480551690341539
5585.0 1049.0 12.480551690341539
5589.0 1040.0 12.480551690341539
5605.0 1083.0 12.480551690341539
5607.0 1121.0 12.480551690341539
5645.0 1050.0 12.480551690341539
5669.0 1096.0 12.480551690341539
5687.0 1129.0 12.480551690341539
5719.0 1063.0 12.480551690341539
5723.0 1035.0 12.480551690341539
5733.0 1035.0 12.480551690341539
5773.0 1034.0 12.480551690341539
5779.0 1076.0 12.480551690341539
5841.0 1057.0 12.480551690341539
5857.0 1126.0 12.480551690341539
5863.0 1037.0 12.480551690341539
5959.0 1127.0 12.480551690341539
5977.0 1188.0 12.480551690341539
5985.0 1073.0 12.480551690341539
6035.0 1096.0 12.480551690341539
6091.0 1093.0 12.480551690341539
6107.0 1080.0 12.480551690341539
6143.0 1130.0 12.480551690341539
6219.0 1083.0 12.480551690341539
6221.0 1117.0 12.480551690341539
6419.0 1040.0 12.480551690341539
