rev2
2.4014133E7 4196380.0 29.112182537191792
2.4029089E7 4196013.0 29.112182537191792
2.4131893E7 4200559.0 29.112182537191792
2.4179105E7 4199117.0 29.112182537191792
2.4199035E7 4199925.0 29.112182537191792
2.4230325E7 4198674.0 29.112182537191792
2.4269931E7 4199348.0 29.112182537191792
2.4329951E7 4202603.0 29.112182537191792
2.4375141E7 4207689.0 29.112182537191792
2.4410369E7 4205344.0 29.112182537191792
2.4435251E7 4210074.0 29.112182537191792
2.4449241E7 4209530.0 29.112182537191792
2.4468355E7 4210469.0 29.112182537191792
2.4486963E7 4201142.0 29.112182537191792
2.4494543E7 4206662.0 29.112182537191792
2.4498377E7 4210542.0 29.112182537191792
2.4517763E7 4205726.0 29.112182537191792
2.4523147E7 4204548.0 29.112182537191792
2.4525939E7 4210494.0 29.112182537191792
2.4551331E7 4204493.0 29.112182537191792
2.4551701E7 4207682.0 29.112182537191792
2.4578357E7 4210944.0 29.112182537191792
2.4592473E7 4204072.0 29.112182537191792
2.4601615E7 4205394.0 29.112182537191792
2.4630521E7 4210125.0 29.112182537191792
2.4668419E7 4210021.0 29.112182537191792
2.4680759E7 4209593.0 29.112182537191792
2.4685479E7 4209005.0 29.112182537191792
2.4698027E7 4212535.0 29.112182537191792
2.4721725E7 4209474.0 29.112182537191792
2.4738907E7 4210679.0 29.112182537191792
2.4769193E7 4212864.0 29.112182537191792
2.4772491E7 4212423.0 29.112182537191792
2.4792809E7 4212404.0 29.112182537191792
2.4802187E7 4211874.0 29.112182537191792
2.4853411E7 4212646.0 29.112182537191792
2.4857137E7 4211964.0 29.112182537191792
2.4858069E7 4212573.0 29.112182537191792
2.4861059E7 4209950.0 29.112182537191792
2.4873903E7 4213296.0 29.112182537191792
2.4895841E7 4212146.0 29.112182537191792
2.4902283E7 4211642.0 29.112182537191792
2.4924739E7 4212057.0 29.112182537191792
2.4948361E7 4212311.0 29.112182537191792
2.4952857E7 4218926.0 29.112182537191792
2.4994581E7 4217213.0 29.112182537191792
2.4997497E7 4217536.0 29.112182537191792
2.4998859E7 4218870.0 29.112182537191792
2.5006067E7 4212913.0 29.112182537191792
2.5011485E7 4217698.0 29.112182537191792
2.5019031E7 4216710.0 29.112182537191792
2.5020063E7 4216079.0 29.112182537191792
2.5021443E7 4215556.0 29.112182537191792
2.5021813E7 4211180.0 29.112182537191792
2.5025559E7 4216628.0 29.112182537191792
2.5071971E7 4217783.0 29.112182537191792
2.5079913E7 4213789.0 29.112182537191792
2.5080889E7 4218247.0 29.112182537191792
2.5081293E7 4215926.0 29.112182537191792
2.5118631E7 4213655.0 29.112182537191792
2.5125381E7 4219593.0 29.112182537191792
2.5143441E7 4217232.0 29.112182537191792
2.5148995E7 4216458.0 29.112182537191792
2.5162059E7 4218613.0 29.112182537191792
2.5180167E7 4218091.0 29.112182537191792
2.5194897E7 4221321.0 29.112182537191792
2.5210317E7 4216794.0 29.112182537191792
2.5217947E7 4217780.0 29.112182537191792
2.5236201E7 4223525.0 29.112182537191792
2.5261539E7 4214692.0 29.112182537191792
2.5277185E7 4218743.0 29.112182537191792
2.5287965E7 4220868.0 29.112182537191792
2.5290273E7 4220995.0 29.112182537191792
2.5302631E7 4219093.0 29.112182537191792
2.5399335E7 4226632.0 29.112182537191792
2.5419653E7 4225172.0 29.112182537191792
2.5423631E7 4222504.0 29.112182537191792
2.5438985E7 4223866.0 29.112182537191792
2.5476743E7 4223025.0 29.112182537191792
2.5488503E7 4221408.0 29.112182537191792
2.5498005E7 4221804.0 29.112182537191792
2.5498465E7 4225658.0 29.112182537191792
2.5500673E7 4223881.0 29.112182537191792
2.5560051E7 4221113.0 29.112182537191792
2.5563339E7 4225621.0 29.112182537191792
2.5749683E7 4226276.0 29.112182537191792
2.5757265E7 4228479.0 29.112182537191792
2.5785703E7 4233735.0 29.112182537191792
2.5791887E7 4228370.0 29.112182537191792
2.5843381E7 4230685.0 29.112182537191792
2.5886069E7 4229315.0 29.112182537191792
2.6020487E7 4229481.0 29.112182537191792
2.6046977E7 4236755.0 29.112182537191792
2.6216319E7 4234563.0 29.112182537191792
2.6324035E7 4235148.0 29.112182537191792
2.6331627E7 4234517.0 29.112182537191792
2.6975871E7 4248905.0 29.112182537191792
2.7510695E7 4260938.0 29.112182537191792
2.7606649E7 4261289.0 29.112182537191792
2.7772881E7 4257626.0 29.112182537191792
