rev3
29557.0 8152.0 16.636020555093744
29808.0 8189.0 16.636020555093744
29814.0 8107.0 16.636020555093744
29951.0 8282.0 16.636020555093744
30021.0 8286.0 16.636020555093744
30071.0 8236.0 16.636020555093744
30243.0 8134.0 16.636020555093744
30401.0 8311.0 16.636020555093744
30408.0 8339.0 16.636020555093744
30680.0 8001.0 16.636020555093744
30780.0 8158.0 16.636020555093744
30825.0 8365.0 16.636020555093744
30878.0 8200.0 16.636020555093744
30892.0 7952.0 16.636020555093744
31318.0 8153.0 16.636020555093744
31375.0 8238.0 16.636020555093744
31390.0 8288.0 16.636020555093744
31441.0 8276.0 16.636020555093744
31453.0 8186.0 16.636020555093744
31488.0 8051.0 16.636020555093744
31615.0 8437.0 16.636020555093744
31685.0 8209.0 16.636020555093744
31715.0 8375.0 16.636020555093744
31752.0 8171.0 16.636020555093744
31774.0 8400.0 16.636020555093744
31811.0 8204.0 16.636020555093744
31853.0 7976.0 16.636020555093744
31926.0 8135.0 16.636020555093744
31931.0 8479.0 16.636020555093744
31944.0 8453.0 16.636020555093744
31956.0 8285.0 16.636020555093744
31990.0 8349.0 16.636020555093744
32020.0 8363.0 16.636020555093744
32035.0 8188.0 16.636020555093744
32046.0 8560.0 16.636020555093744
32102.0 8150.0 16.636020555093744
32160.0 8391.0 16.636020555093744
32258.0 8290.0 16.636020555093744
32380.0 8207.0 16.636020555093744
32430.0 8303.0 16.636020555093744
32431.0 8154.0 16.636020555093744
32451.0 8284.0 16.636020555093744
32465.0 8360.0 16.636020555093744
32628.0 8335.0 16.636020555093744
32686.0 8190.0 16.636020555093744
32725.0 8470.0 16.636020555093744
32738.0 8253.0 16.636020555093744
32789.0 8393.0 16.636020555093744
32852.0 8578.0 16.636020555093744
32874.0 8237.0 16.636020555093744
32877.0 8235.0 16.636020555093744
32896.0 8237.0 16.636020555093744
32964.0 8357.0 16.636020555093744
32969.0 8269.0 16.636020555093744
33034.0 8324.0 16.636020555093744
33074.0 8348.0 16.636020555093744
33115.0 8268.0 16.636020555093744
33188.0 7951.0 16.636020555093744
33296.0 8263.0 16.636020555093744
33383.0 8369.0 16.636020555093744
33649.0 8279.0 16.636020555093744
33678.0 8639.0 16.636020555093744
33726.0 8201.0 16.636020555093744
33743.0 8294.0 16.636020555093744
33820.0 8104.0 16.636020555093744
33881.0 8155.0 16.636020555093744
33966.0 8115.0 16.636020555093744
34021.0 8336.0 16.636020555093744
34093.0 8093.0 16.636020555093744
34166.0 8443.0 16.636020555093744
34166.0 8279.0 16.636020555093744
34234.0 8273.0 16.636020555093744
34355.0 8251.0 16.636020555093744
34383.0 8193.0 16.636020555093744
34448.0 8292.0 16.636020555093744
34523.0 8261.0 16.636020555093744
34670.0 8262.0 16.636020555093744
35065.0 8440.0 16.636020555093744
35066.0 8437.0 16.636020555093744
35130.0 8458.0 16.636020555093744
35157.0 8226.0 16.636020555093744
35229.0 8620.0 16.636020555093744
35514.0 8389.0 16.636020555093744
35526.0 8311.0 16.636020555093744
35604.0 8405.0 16.636020555093744
35934.0 8459.0 16.636020555093744
35995.0 8351.0 16.636020555093744
36060.0 8269.0 16.636020555093744
36060.0 8341.0 16.636020555093744
36136.0 8356.0 16.636020555093744
36238.0 8040.0 16.636020555093744
36250.0 8388.0 16.636020555093744
36287.0 8632.0 16.636020555093744
36410.0 8411.0 16.636020555093744
36710.0 8518.0 16.636020555093744
36822.0 8467.0 16.636020555093744
37081.0 8085.0 16.636020555093744
37770.0 8480.0 16.636020555093744
37773.0 8428.0 16.636020555093744
37901.0 8524.0 16.636020555093744
