rev2
1.97331219E8 3.3586725E7 33.27106478608666
1.97414527E8 3.3589201E7 33.27106478608666
1.97482283E8 3.3590892E7 33.27106478608666
1.97517937E8 3.3593183E7 33.27106478608666
1.98464653E8 3.3607421E7 33.27106478608666
1.98600881E8 3.3626746E7 33.27106478608666
1.98751763E8 3.3621714E7 33.27106478608666
1.98907729E8 3.3627357E7 33.27106478608666
1.98989087E8 3.3619468E7 33.27106478608666
1.99357053E8 3.3627393E7 33.27106478608666
1.99824465E8 3.3642159E7 33.27106478608666
1.99828663E8 3.3629461E7 33.27106478608666
1.99868569E8 3.3632438E7 33.27106478608666
2.00149147E8 3.3639119E7 33.27106478608666
2.00230953E8 3.3631252E7 33.27106478608666
2.00419609E8 3.3642644E7 33.27106478608666
2.00445837E8 3.3644177E7 33.27106478608666
2.00726153E8 3.3635739E7 33.27106478608666
2.00745499E8 3.3652781E7 33.27106478608666
2.00805333E8 3.3645445E7 33.27106478608666
2.00866249E8 3.3647671E7 33.27106478608666
2.00915297E8 3.3645103E7 33.27106478608666
2.00924287E8 3.3650359E7 33.27106478608666
2.00974785E8 3.3646407E7 33.27106478608666
2.01007383E8 3.3639594E7 33.27106478608666
2.01031683E8 3.3646986E7 33.27106478608666
2.01198753E8 3.3652214E7 33.27106478608666
2.01257177E8 3.3652948E7 33.27106478608666
2.01263053E8 3.3654123E7 33.27106478608666
2.01295055E8 3.3654188E7 33.27106478608666
2.01418989E8 3.3661137E7 33.27106478608666
2.01486411E8 3.3651695E7 33.27106478608666
2.01629887E8 3.3648855E7 33.27106478608666
2.01636099E8 3.3651243E7 33.27106478608666
2.01746729E8 3.3655723E7 33.27106478608666
2.01756423E8 3.3660837E7 33.27106478608666
2.01770941E8 3.3660867E7 33.27106478608666
2.01966599E8 3.3652954E7 33.27106478608666
2.02003447E8 3.3658788E7 33.27106478608666
2.02016973E8 3.3660382E7 33.27106478608666
2.02105605E8 3.3667291E7 33.27106478608666
2.02219587E8 3.3661779E7 33.27106478608666
2.02343059E8 3.3664053E7 33.27106478608666
2.02346817E8 3.3673006E7 33.27106478608666
2.02404269E8 3.3673482E7 33.27106478608666
2.02434149E8 3.3670657E7 33.27106478608666
2.02449979E8 3.3674379E7 33.27106478608666
2.02520965E8 3.3659686E7 33.27106478608666
2.02542689E8 3.3677951E7 33.27106478608666
2.02609485E8 3.3672974E7 33.27106478608666
2.02654723E8 3.366638E7 33.27106478608666
2.02704725E8 3.3664686E7 33.27106478608666
2.02857185E8 3.367533E7 33.27106478608666
2.02863961E8 3.3665273E7 33.27106478608666
2.02947397E8 3.3676295E7 33.27106478608666
2.03049945E8 3.3687278E7 33.27106478608666
2.03210023E8 3.367519E7 33.27106478608666
2.03293833E8 3.3690823E7 33.27106478608666
2.03411185E8 3.3698197E7 33.27106478608666
2.03521269E8 3.3691877E7 33.27106478608666
2.03704599E8 3.3694823E7 33.27106478608666
2.03725063E8 3.369054E7 33.27106478608666
2.03876193E8 3.3696314E7 33.27106478608666
2.04013055E8 3.3701484E7 33.27106478608666
2.04063567E8 3.3685506E7 33.27106478608666
2.04200805E8 3.3704401E7 33.27106478608666
2.04634667E8 3.3712026E7 33.27106478608666
2.04721769E8 3.3701757E7 33.27106478608666
2.05184927E8 3.3714508E7 33.27106478608666
2.05259767E8 3.3704706E7 33.27106478608666
2.05328181E8 3.371752E7 33.27106478608666
2.06006551E8 3.3723773E7 33.27106478608666
2.06067715E8 3.3736453E7 33.27106478608666
2.06493383E8 3.3721314E7 33.27106478608666
2.06773049E8 3.3735941E7 33.27106478608666
2.06913055E8 3.3752361E7 33.27106478608666
2.07212777E8 3.3741956E7 33.27106478608666
2.07219853E8 3.3734675E7 33.27106478608666
2.07468561E8 3.3754259E7 33.27106478608666
2.07861809E8 3.3753013E7 33.27106478608666
2.07886983E8 3.3755939E7 33.27106478608666
2.07990605E8 3.3763922E7 33.27106478608666
2.08277239E8 3.3762363E7 33.27106478608666
2.08684275E8 3.3772936E7 33.27106478608666
2.08751721E8 3.3779518E7 33.27106478608666
2.09006651E8 3.3783515E7 33.27106478608666
2.09255933E8 3.3777772E7 33.27106478608666
2.09561425E8 3.378521E7 33.27106478608666
2.10603993E8 3.3787213E7 33.27106478608666
2.10762931E8 3.3801357E7 33.27106478608666
2.11093621E8 3.3803951E7 33.27106478608666
2.11642907E8 3.3812466E7 33.27106478608666
2.11765679E8 3.3818327E7 33.27106478608666
2.12208851E8 3.3805818E7 33.27106478608666
2.12599057E8 3.3828678E7 33.27106478608666
2.15327249E8 3.3864348E7 33.27106478608666
2.18409199E8 3.391273E7 33.27106478608666
2.19197599E8 3.3940916E7 33.27106478608666
2.19567755E8 3.3918863E7 33.27106478608666
2.27180319E8 3.4038827E7 33.27106478608666
