rev2
5395.0 1202.0 12.480551690341539
5417.0 1284.0 12.480551690341539
5435.0 1268.0 12.480551690341539
5483.0 1312.0 12.480551690341539
5697.0 1281.0 12.480551690341539
5867.0 1277.0 12.480551690341539
5871.0 1301.0 12.480551690341539
5901.0 1321.0 12.480551690341539
5913.0 1362.0 12.480551690341539
6019.0 1285.0 12.480551690341539
6025.0 1316.0 12.480551690341539
6035.0 1343.0 12.480551690341539
6037.0 1349.0 12.480551690341539
6059.0 1232.0 12.480551690341539
6061.0 1366.0 12.480551690341539
6151.0 1445.0 12.480551690341539
6205.0 1367.0 12.480551690341539
6245.0 1245.0 12.480551690341539
6269.0 1329.0 12.480551690341539
6279.0 1364.0 12.480551690341539
6283.0 1384.0 12.480551690341539
6297.0 1297.0 12.480551690341539
6323.0 1287.0 12.480551690341539
6351.0 1422.0 12.480551690341539
6367.0 1382.0 12.480551690341539
6375.0 1391.0 12.480551690341539
6411.0 1333.0 12.480551690341539
6423.0 1327.0 12.480551690341539
6447.0 1411.0 12.480551690341539
6501.0 1374.0 12.480551690341539
6513.0 1453.0 12.480551690341539
6525.0 1386.0 12.480551690341539
6543.0 1342.0 12.480551690341539
6567.0 1467.0 12.480551690341539
6587.0 1369.0 12.480551690341539
6625.0 1408.0 12.480551690341539
6625.0 1459.0 12.480551690341539
6651.0 1506.0 12.480551690341539
6679.0 1301.0 12.480551690341539
6685.0 1356.0 12.480551690341539
6753.0 1365.0 12.480551690341539
6821.0 1471.0 12.480551690341539
6873.0 1392.0 12.480551690341539
6881.0 1443.0 12.480551690341539
6885.0 1462.0 12.480551690341539
6927.0 1447.0 12.480551690341539
6955.0 1390.0 12.480551690341539
6959.0 1396.0 12.480551690341539
7009.0 1328.0 12.480551690341539
7011.0 1352.0 12.480551690341539
7025.0 1399.0 12.480551690341539
7037.0 1341.0 12.480551690341539
7045.0 1503.0 12.480551690341539
7071.0 1445.0 12.480551690341539
7097.0 1499.0 12.480551690341539
7099.0 1398.0 12.480551690341539
7147.0 1261.0 12.480551690341539
7181.0 1388.0 12.480551690341539
7205.0 1392.0 12.480551690341539
7231.0 1484.0 12.480551690341539
7255.0 1478.0 12.480551690341539
7257.0 1487.0 12.480551690341539
7289.0 1500.0 12.480551690341539
7291.0 1425.0 12.480551690341539
7311.0 1393.0 12.480551690341539
7339.0 1510.0 12.480551690341539
7347.0 1372.0 12.480551690341539
7383.0 1419.0 12.480551690341539
7451.0 1570.0 12.480551690341539
7551.0 1385.0 12.480551690341539
7603.0 1454.0 12.480551690341539
7643.0 1446.0 12.480551690341539
7645.0 1409.0 12.480551690341539
7707.0 1478.0 12.480551690341539
7729.0 1448.0 12.480551690341539
7747.0 1478.0 12.480551690341539
7801.0 1452.0 12.480551690341539
7829.0 1327.0 12.480551690341539
7835.0 1474.0 12.480551690341539
7871.0 1454.0 12.480551690341539
7959.0 1471.0 12.480551690341539
7967.0 1402.0 12.480551690341539
7969.0 1593.0 12.480551690341539
7975.0 1482.0 12.480551690341539
7979.0 1468.0 12.480551690341539
8025.0 1443.0 12.480551690341539
8067.0 1367.0 12.480551690341539
8071.0 1449.0 12.480551690341539
8077.0 1352.0 12.480551690341539
8091.0 1472.0 12.480551690341539
8291.0 1467.0 12.480551690341539
8327.0 1416.0 12.480551690341539
8353.0 1333.0 12.480551690341539
8747.0 1428.0 12.480551690341539
8809.0 1476.0 12.480551690341539
8987.0 1449.0 12.480551690341539
9031.0 1478.0 12.480551690341539
9219.0 1538.0 12.480551690341539
9235.0 1433.0 12.480551690341539
9375.0 1548.0 12.480551690341539
