rev2
7722763.0 1312289.0 26.33959667597155
7813617.0 1313892.0 26.33959667597155
7818717.0 1315719.0 26.33959667597155
7858235.0 1319233.0 26.33959667597155
7860859.0 1317955.0 26.33959667597155
7873103.0 1315475.0 26.33959667597155
7889161.0 1316216.0 26.33959667597155
7891615.0 1317866.0 26.33959667597155
7918767.0 1315553.0 26.33959667597155
7919241.0 1319352.0 26.33959667597155
7926669.0 1315162.0 26.33959667597155
7951109.0 1314753.0 26.33959667597155
7955331.0 1317966.0 26.33959667597155
8008653.0 1319779.0 26.33959667597155
8016699.0 1316848.0 26.33959667597155
8020115.0 1320619.0 26.33959667597155
8037563.0 1318594.0 26.33959667597155
8045553.0 1323933.0 26.33959667597155
8050905.0 1322091.0 26.33959667597155
8058571.0 1320338.0 26.33959667597155
8075357.0 1321893.0 26.33959667597155
8131535.0 1317211.0 26.33959667597155
8135207.0 1322890.0 26.33959667597155
8140445.0 1321221.0 26.33959667597155
8189829.0 1324795.0 26.33959667597155
8192737.0 1319516.0 26.33959667597155
8193965.0 1323102.0 26.33959667597155
8206183.0 1324893.0 26.33959667597155
8212901.0 1321843.0 26.33959667597155
8219639.0 1324705.0 26.33959667597155
8243195.0 1322735.0 26.33959667597155
8245037.0 1319393.0 26.33959667597155
8249777.0 1325200.0 26.33959667597155
8253043.0 1324553.0 26.33959667597155
8256145.0 1324791.0 26.33959667597155
8281235.0 1321147.0 26.33959667597155
8290597.0 1322372.0 26.33959667597155
8309347.0 1323454.0 26.33959667597155
8321869.0 1325735.0 26.33959667597155
8329167.0 1324308.0 26.33959667597155
8336169.0 1323254.0 26.33959667597155
8359579.0 1326211.0 26.33959667597155
8365831.0 1325102.0 26.33959667597155
8368399.0 1327746.0 26.33959667597155
8379515.0 1325323.0 26.33959667597155
8380501.0 1323669.0 26.33959667597155
8406981.0 1324288.0 26.33959667597155
8416725.0 1326716.0 26.33959667597155
8420073.0 1326319.0 26.33959667597155
8424737.0 1328179.0 26.33959667597155
8427023.0 1325747.0 26.33959667597155
8434059.0 1328000.0 26.33959667597155
8454615.0 1328156.0 26.33959667597155
8472409.0 1324014.0 26.33959667597155
8486103.0 1326023.0 26.33959667597155
8491465.0 1331377.0 26.33959667597155
8496129.0 1327583.0 26.33959667597155
8496545.0 1326596.0 26.33959667597155
8503717.0 1331292.0 26.33959667597155
8513411.0 1326436.0 26.33959667597155
8517785.0 1329495.0 26.33959667597155
8529701.0 1330248.0 26.33959667597155
8533839.0 1328988.0 26.33959667597155
8536783.0 1327841.0 26.33959667597155
8565051.0 1331722.0 26.33959667597155
8597253.0 1330834.0 26.33959667597155
8597529.0 1328632.0 26.33959667597155
8597753.0 1328262.0 26.33959667597155
8610631.0 1332617.0 26.33959667597155
8612147.0 1331411.0 26.33959667597155
8657213.0 1334259.0 26.33959667597155
8658839.0 1331291.0 26.33959667597155
8676283.0 1332756.0 26.33959667597155
8683457.0 1330984.0 26.33959667597155
8751787.0 1330552.0 26.33959667597155
8781861.0 1334158.0 26.33959667597155
8795543.0 1337070.0 26.33959667597155
8797035.0 1333750.0 26.33959667597155
8809467.0 1329774.0 26.33959667597155
8815647.0 1331845.0 26.33959667597155
8837335.0 1336540.0 26.33959667597155
8844119.0 1335466.0 26.33959667597155
9001991.0 1337576.0 26.33959667597155
9032785.0 1337379.0 26.33959667597155
9060267.0 1342472.0 26.33959667597155
9091973.0 1340798.0 26.33959667597155
9107693.0 1338816.0 26.33959667597155
9161761.0 1342443.0 26.33959667597155
9265625.0 1344914.0 26.33959667597155
9282309.0 1343731.0 26.33959667597155
9289453.0 1343096.0 26.33959667597155
9301469.0 1344821.0 26.33959667597155
9301771.0 1341324.0 26.33959667597155
9335065.0 1342848.0 26.33959667597155
9408975.0 1348009.0 26.33959667597155
9443843.0 1345861.0 26.33959667597155
9493627.0 1347055.0 26.33959667597155
9517281.0 1350641.0 26.33959667597155
9885923.0 1353353.0 26.33959667597155
1.0103373E7 1355383.0 26.33959667597155
