rev3
74051.0 20888.0 18.02207082028363
74389.0 20921.0 18.02207082028363
75163.0 20693.0 18.02207082028363
77223.0 20940.0 18.02207082028363
77257.0 21052.0 18.02207082028363
77616.0 20892.0 18.02207082028363
77777.0 21032.0 18.02207082028363
78365.0 20419.0 18.02207082028363
78377.0 21056.0 18.02207082028363
78453.0 21181.0 18.02207082028363
78792.0 20906.0 18.02207082028363
79116.0 21189.0 18.02207082028363
79187.0 21122.0 18.02207082028363
79775.0 21121.0 18.02207082028363
79780.0 20926.0 18.02207082028363
80891.0 21187.0 18.02207082028363
80947.0 21460.0 18.02207082028363
81022.0 20909.0 18.02207082028363
81394.0 21359.0 18.02207082028363
81613.0 21262.0 18.02207082028363
81714.0 21002.0 18.02207082028363
82157.0 21404.0 18.02207082028363
82345.0 21596.0 18.02207082028363
82487.0 21020.0 18.02207082028363
82554.0 21450.0 18.02207082028363
82567.0 20871.0 18.02207082028363
82599.0 21315.0 18.02207082028363
83075.0 21142.0 18.02207082028363
83426.0 21076.0 18.02207082028363
83444.0 21546.0 18.02207082028363
83749.0 21042.0 18.02207082028363
83805.0 21152.0 18.02207082028363
83913.0 21406.0 18.02207082028363
84099.0 21509.0 18.02207082028363
84187.0 21632.0 18.02207082028363
84259.0 21205.0 18.02207082028363
84310.0 20478.0 18.02207082028363
84473.0 21469.0 18.02207082028363
84561.0 21562.0 18.02207082028363
84714.0 21457.0 18.02207082028363
84986.0 21315.0 18.02207082028363
85101.0 20984.0 18.02207082028363
85260.0 21482.0 18.02207082028363
85282.0 21284.0 18.02207082028363
85515.0 21140.0 18.02207082028363
85965.0 21315.0 18.02207082028363
86021.0 21257.0 18.02207082028363
86345.0 20730.0 18.02207082028363
86408.0 21073.0 18.02207082028363
86771.0 21203.0 18.02207082028363
86792.0 21255.0 18.02207082028363
86880.0 21008.0 18.02207082028363
87068.0 21169.0 18.02207082028363
87100.0 20769.0 18.02207082028363
87442.0 21374.0 18.02207082028363
87507.0 21501.0 18.02207082028363
87580.0 21582.0 18.02207082028363
88031.0 21414.0 18.02207082028363
88081.0 21423.0 18.02207082028363
88171.0 21414.0 18.02207082028363
88251.0 21718.0 18.02207082028363
88358.0 21012.0 18.02207082028363
89092.0 21560.0 18.02207082028363
89601.0 21151.0 18.02207082028363
89663.0 21813.0 18.02207082028363
89698.0 21383.0 18.02207082028363
89819.0 21667.0 18.02207082028363
89991.0 21564.0 18.02207082028363
90821.0 21312.0 18.02207082028363
90957.0 21145.0 18.02207082028363
91061.0 21290.0 18.02207082028363
91100.0 21415.0 18.02207082028363
91234.0 21713.0 18.02207082028363
91527.0 21723.0 18.02207082028363
92698.0 21482.0 18.02207082028363
93063.0 21126.0 18.02207082028363
93565.0 21650.0 18.02207082028363
93774.0 21493.0 18.02207082028363
94617.0 21586.0 18.02207082028363
94889.0 21959.0 18.02207082028363
95044.0 21997.0 18.02207082028363
95387.0 21678.0 18.02207082028363
95544.0 21637.0 18.02207082028363
96231.0 21731.0 18.02207082028363
96709.0 21943.0 18.02207082028363
96871.0 21571.0 18.02207082028363
96892.0 21633.0 18.02207082028363
97485.0 21449.0 18.02207082028363
97894.0 21133.0 18.02207082028363
97903.0 21737.0 18.02207082028363
99716.0 21895.0 18.02207082028363
101333.0 21864.0 18.02207082028363
101904.0 21864.0 18.02207082028363
102010.0 21769.0 18.02207082028363
102877.0 22328.0 18.02207082028363
104068.0 21949.0 18.02207082028363
104462.0 22108.0 18.02207082028363
104711.0 21114.0 18.02207082028363
105206.0 21992.0 18.02207082028363
107568.0 21747.0 18.02207082028363
