rev4
531.0 278.0 4.574485143274857
602.0 272.0 5.062500000000034
654.0 274.0 6.861727714912298
681.0 324.0 4.574485143274851
683.0 276.0 5.602577218482914
684.0 256.0 6.861727714912322
689.0 296.0 5.062500000000051
766.0 306.0 7.593750000000074
771.0 257.0 9.719624808723344
784.0 304.0 6.20027091141994
787.0 334.0 8.403865827724363
800.0 275.0 9.719624808723344
802.0 260.0 9.719624808723344
813.0 285.0 9.719624808723344
822.0 313.0 8.403865827724388
822.0 279.0 9.300406367129936
839.0 283.0 8.403865827724369
840.0 315.0 9.719624808723344
844.0 248.0 9.719624808723344
845.0 283.0 7.593750000000032
847.0 313.0 6.200270911419983
860.0 289.0 9.719624808723344
866.0 331.0 9.300406367129982
872.0 283.0 9.719624808723344
891.0 292.0 9.719624808723344
896.0 295.0 9.719624808723344
897.0 330.0 9.719624808723344
898.0 295.0 9.719624808723344
900.0 288.0 9.300406367129932
902.0 308.0 9.719624808723344
904.0 259.0 9.719624808723344
915.0 275.0 9.719624808723344
920.0 336.0 9.300406367130027
929.0 275.0 9.719624808723344
942.0 291.0 9.719624808723344
961.0 342.0 9.300406367129918
963.0 314.0 9.719624808723344
972.0 296.0 9.719624808723344
974.0 318.0 9.719624808723344
977.0 285.0 9.719624808723344
982.0 304.0 9.719624808723344
990.0 321.0 9.719624808723344
990.0 334.0 9.719624808723344
991.0 324.0 9.300406367129991
993.0 320.0 8.403865827724353
1004.0 284.0 8.403865827724397
1006.0 318.0 6.861727714912385
1014.0 299.0 9.719624808723344
1030.0 318.0 9.719624808723344
1031.0 395.0 6.2002709114199765
1032.0 293.0 9.719624808723344
1032.0 316.0 9.719624808723344
1037.0 296.0 9.719624808723344
1039.0 304.0 9.300406367129957
1060.0 338.0 9.719624808723344
1073.0 320.0 6.8617277149123375
1074.0 338.0 9.719624808723344
1088.0 334.0 9.719624808723344
1094.0 311.0 9.719624808723344
1106.0 315.0 9.719624808723344
1113.0 341.0 9.719624808723344
1130.0 265.0 9.719624808723344
1130.0 342.0 9.719624808723344
1131.0 358.0 9.719624808723344
1152.0 334.0 9.719624808723344
1156.0 334.0 9.719624808723344
1157.0 337.0 9.719624808723344
1160.0 364.0 9.719624808723344
1171.0 376.0 9.719624808723344
1172.0 363.0 9.719624808723344
1175.0 338.0 9.30040636712997
1181.0 309.0 9.719624808723344
1195.0 247.0 9.719624808723344
1201.0 358.0 9.30040636712992
1211.0 319.0 9.719624808723344
1213.0 366.0 9.719624808723344
1238.0 368.0 9.719624808723344
1242.0 363.0 9.719624808723344
1244.0 377.0 9.719624808723344
1245.0 361.0 9.719624808723344
1263.0 367.0 9.719624808723344
1282.0 347.0 9.719624808723344
1287.0 373.0 9.719624808723344
1289.0 317.0 9.719624808723344
1300.0 291.0 9.719624808723344
1303.0 367.0 9.719624808723344
1309.0 329.0 9.719624808723344
1311.0 314.0 9.719624808723344
1312.0 319.0 9.719624808723344
1313.0 323.0 9.719624808723344
1338.0 337.0 9.719624808723344
1363.0 374.0 9.719624808723344
1372.0 295.0 9.719624808723344
1387.0 350.0 9.719624808723344
1403.0 374.0 9.719624808723344
1404.0 312.0 9.719624808723344
1564.0 290.0 9.719624808723344
1683.0 378.0 9.719624808723344
1889.0 400.0 9.719624808723344
2370.0 348.0 9.719624808723344
