rev2
212895.0 42493.0 19.40824312226583
213245.0 41924.0 19.40824312226583
214939.0 41618.0 19.40824312226583
215005.0 41851.0 19.40824312226583
217045.0 41882.0 19.40824312226583
217849.0 41729.0 19.40824312226583
219533.0 41577.0 19.40824312226583
220345.0 42136.0 19.40824312226583
223171.0 42203.0 19.40824312226583
223477.0 41485.0 19.40824312226583
223853.0 41575.0 19.40824312226583
224301.0 41695.0 19.40824312226583
225823.0 41841.0 19.40824312226583
226551.0 42185.0 19.40824312226583
227099.0 41778.0 19.40824312226583
227629.0 40984.0 19.40824312226583
230185.0 42376.0 19.40824312226583
230239.0 42562.0 19.40824312226583
230277.0 42060.0 19.40824312226583
230433.0 42432.0 19.40824312226583
231061.0 42245.0 19.40824312226583
231285.0 41916.0 19.40824312226583
231569.0 41687.0 19.40824312226583
232075.0 42265.0 19.40824312226583
232889.0 42431.0 19.40824312226583
233361.0 41877.0 19.40824312226583
234127.0 42138.0 19.40824312226583
234543.0 42147.0 19.40824312226583
234817.0 41948.0 19.40824312226583
235377.0 42165.0 19.40824312226583
235471.0 42606.0 19.40824312226583
236189.0 42707.0 19.40824312226583
236533.0 42190.0 19.40824312226583
236673.0 42340.0 19.40824312226583
238871.0 42431.0 19.40824312226583
239031.0 42132.0 19.40824312226583
239327.0 42661.0 19.40824312226583
239399.0 41638.0 19.40824312226583
239959.0 42670.0 19.40824312226583
239983.0 42032.0 19.40824312226583
240153.0 41951.0 19.40824312226583
240191.0 41962.0 19.40824312226583
240797.0 41874.0 19.40824312226583
241351.0 42820.0 19.40824312226583
242369.0 42760.0 19.40824312226583
242849.0 42605.0 19.40824312226583
243935.0 42295.0 19.40824312226583
244397.0 41982.0 19.40824312226583
244645.0 42008.0 19.40824312226583
244731.0 42345.0 19.40824312226583
245063.0 42536.0 19.40824312226583
245111.0 42402.0 19.40824312226583
245823.0 42641.0 19.40824312226583
245895.0 42313.0 19.40824312226583
246175.0 42327.0 19.40824312226583
248757.0 42299.0 19.40824312226583
248837.0 42693.0 19.40824312226583
249073.0 42811.0 19.40824312226583
249285.0 42540.0 19.40824312226583
249553.0 42773.0 19.40824312226583
250491.0 42438.0 19.40824312226583
250913.0 42359.0 19.40824312226583
251573.0 42672.0 19.40824312226583
252249.0 43090.0 19.40824312226583
252623.0 42534.0 19.40824312226583
253751.0 42423.0 19.40824312226583
253905.0 42549.0 19.40824312226583
254587.0 42379.0 19.40824312226583
255009.0 42818.0 19.40824312226583
255031.0 42772.0 19.40824312226583
255215.0 42235.0 19.40824312226583
255619.0 43029.0 19.40824312226583
256507.0 42647.0 19.40824312226583
257393.0 42984.0 19.40824312226583
258513.0 42340.0 19.40824312226583
258789.0 42563.0 19.40824312226583
261373.0 43455.0 19.40824312226583
262523.0 42704.0 19.40824312226583
262719.0 42657.0 19.40824312226583
262805.0 41901.0 19.40824312226583
263675.0 42387.0 19.40824312226583
264417.0 43701.0 19.40824312226583
265673.0 42834.0 19.40824312226583
266505.0 42802.0 19.40824312226583
267461.0 43099.0 19.40824312226583
268317.0 43278.0 19.40824312226583
268691.0 43573.0 19.40824312226583
268781.0 43237.0 19.40824312226583
272731.0 43766.0 19.40824312226583
274595.0 43116.0 19.40824312226583
274873.0 43031.0 19.40824312226583
275951.0 43231.0 19.40824312226583
277735.0 43109.0 19.40824312226583
283715.0 44192.0 19.40824312226583
288081.0 43894.0 19.40824312226583
289377.0 43669.0 19.40824312226583
290325.0 44277.0 19.40824312226583
297037.0 43899.0 19.40824312226583
300487.0 44290.0 19.40824312226583
302015.0 44037.0 19.40824312226583
