rev2
23789.0 5192.0 15.2502142964778
24891.0 5224.0 15.2502142964778
24983.0 5107.0 15.2502142964778
25019.0 5266.0 15.2502142964778
25223.0 5505.0 15.2502142964778
25305.0 5161.0 15.2502142964778
25311.0 5390.0 15.2502142964778
25341.0 5403.0 15.2502142964778
25359.0 5219.0 15.2502142964778
25501.0 5377.0 15.2502142964778
25565.0 5280.0 15.2502142964778
25657.0 5592.0 15.2502142964778
25673.0 5167.0 15.2502142964778
26079.0 5199.0 15.2502142964778
26183.0 5202.0 15.2502142964778
26281.0 5147.0 15.2502142964778
26313.0 5383.0 15.2502142964778
26375.0 5131.0 15.2502142964778
26383.0 5274.0 15.2502142964778
26523.0 5460.0 15.2502142964778
26539.0 5390.0 15.2502142964778
26625.0 5501.0 15.2502142964778
26771.0 5231.0 15.2502142964778
26841.0 5168.0 15.2502142964778
26871.0 5315.0 15.2502142964778
26903.0 5191.0 15.2502142964778
27045.0 5386.0 15.2502142964778
27049.0 5531.0 15.2502142964778
27383.0 5374.0 15.2502142964778
27521.0 5330.0 15.2502142964778
27557.0 5291.0 15.2502142964778
27585.0 5241.0 15.2502142964778
27641.0 5335.0 15.2502142964778
27663.0 5241.0 15.2502142964778
27681.0 5263.0 15.2502142964778
27811.0 5495.0 15.2502142964778
27837.0 5320.0 15.2502142964778
27849.0 5462.0 15.2502142964778
27897.0 5368.0 15.2502142964778
28059.0 5490.0 15.2502142964778
28063.0 5357.0 15.2502142964778
28079.0 5300.0 15.2502142964778
28105.0 5463.0 15.2502142964778
28111.0 5460.0 15.2502142964778
28161.0 5522.0 15.2502142964778
28187.0 5381.0 15.2502142964778
28379.0 5544.0 15.2502142964778
28399.0 5527.0 15.2502142964778
28439.0 5514.0 15.2502142964778
28453.0 5346.0 15.2502142964778
28549.0 5751.0 15.2502142964778
28595.0 5263.0 15.2502142964778
28617.0 5446.0 15.2502142964778
28663.0 5556.0 15.2502142964778
28681.0 5466.0 15.2502142964778
28849.0 5720.0 15.2502142964778
28909.0 5703.0 15.2502142964778
29095.0 5399.0 15.2502142964778
29101.0 5461.0 15.2502142964778
29129.0 5579.0 15.2502142964778
29197.0 5641.0 15.2502142964778
29307.0 5605.0 15.2502142964778
29351.0 5365.0 15.2502142964778
29419.0 5569.0 15.2502142964778
29479.0 5257.0 15.2502142964778
29557.0 5645.0 15.2502142964778
29587.0 5245.0 15.2502142964778
29683.0 5364.0 15.2502142964778
29683.0 5290.0 15.2502142964778
29685.0 5643.0 15.2502142964778
29791.0 5432.0 15.2502142964778
29881.0 5439.0 15.2502142964778
29897.0 5572.0 15.2502142964778
29975.0 5260.0 15.2502142964778
29979.0 5553.0 15.2502142964778
30069.0 5366.0 15.2502142964778
30085.0 5672.0 15.2502142964778
30175.0 5509.0 15.2502142964778
30181.0 5435.0 15.2502142964778
30321.0 5715.0 15.2502142964778
30427.0 5522.0 15.2502142964778
30429.0 5440.0 15.2502142964778
30451.0 5529.0 15.2502142964778
30543.0 5547.0 15.2502142964778
30593.0 5548.0 15.2502142964778
30743.0 5498.0 15.2502142964778
31015.0 5585.0 15.2502142964778
31087.0 5479.0 15.2502142964778
31163.0 5602.0 15.2502142964778
31297.0 5597.0 15.2502142964778
31433.0 5504.0 15.2502142964778
32595.0 5509.0 15.2502142964778
32623.0 5477.0 15.2502142964778
33491.0 5591.0 15.2502142964778
33503.0 5620.0 15.2502142964778
33965.0 5721.0 15.2502142964778
34841.0 5732.0 15.2502142964778
36243.0 5815.0 15.2502142964778
37031.0 5828.0 15.2502142964778
45007.0 5976.0 15.2502142964778
