rev3
332507.0 83999.0 20.794476451023307
334354.0 82942.0 20.794476451023307
334940.0 84173.0 20.794476451023307
334958.0 82845.0 20.794476451023307
335039.0 83534.0 20.794476451023307
335138.0 82230.0 20.794476451023307
335199.0 83576.0 20.794476451023307
335502.0 82730.0 20.794476451023307
335582.0 83386.0 20.794476451023307
340027.0 84126.0 20.794476451023307
340079.0 83855.0 20.794476451023307
341152.0 83013.0 20.794476451023307
341207.0 83849.0 20.794476451023307
342663.0 84153.0 20.794476451023307
342732.0 83754.0 20.794476451023307
342857.0 84066.0 20.794476451023307
343096.0 84365.0 20.794476451023307
343906.0 84661.0 20.794476451023307
344047.0 84179.0 20.794476451023307
344843.0 84114.0 20.794476451023307
345787.0 83556.0 20.794476451023307
346008.0 84454.0 20.794476451023307
346500.0 84321.0 20.794476451023307
348792.0 82756.0 20.794476451023307
349018.0 85466.0 20.794476451023307
349421.0 84455.0 20.794476451023307
350505.0 83782.0 20.794476451023307
351134.0 84229.0 20.794476451023307
351217.0 83711.0 20.794476451023307
351292.0 84222.0 20.794476451023307
352385.0 84282.0 20.794476451023307
353087.0 84142.0 20.794476451023307
353129.0 84809.0 20.794476451023307
353173.0 83711.0 20.794476451023307
354565.0 84254.0 20.794476451023307
356589.0 84270.0 20.794476451023307
357010.0 83543.0 20.794476451023307
357370.0 84591.0 20.794476451023307
357466.0 83202.0 20.794476451023307
358435.0 85060.0 20.794476451023307
358877.0 83963.0 20.794476451023307
359540.0 84282.0 20.794476451023307
361154.0 83678.0 20.794476451023307
361298.0 84654.0 20.794476451023307
361582.0 83682.0 20.794476451023307
362119.0 84466.0 20.794476451023307
362398.0 84088.0 20.794476451023307
362647.0 84694.0 20.794476451023307
365629.0 84654.0 20.794476451023307
366232.0 83522.0 20.794476451023307
367329.0 85032.0 20.794476451023307
367529.0 85222.0 20.794476451023307
367542.0 83688.0 20.794476451023307
368707.0 84772.0 20.794476451023307
370141.0 85082.0 20.794476451023307
371382.0 84871.0 20.794476451023307
371396.0 84982.0 20.794476451023307
372600.0 83870.0 20.794476451023307
372917.0 84289.0 20.794476451023307
373144.0 84927.0 20.794476451023307
375164.0 85330.0 20.794476451023307
376957.0 85652.0 20.794476451023307
377290.0 84979.0 20.794476451023307
377394.0 84818.0 20.794476451023307
378064.0 83974.0 20.794476451023307
378495.0 85309.0 20.794476451023307
378800.0 85175.0 20.794476451023307
380453.0 84987.0 20.794476451023307
381192.0 84317.0 20.794476451023307
385099.0 85844.0 20.794476451023307
386069.0 84988.0 20.794476451023307
386419.0 85414.0 20.794476451023307
387262.0 86033.0 20.794476451023307
387981.0 84165.0 20.794476451023307
389512.0 84846.0 20.794476451023307
390337.0 85045.0 20.794476451023307
390896.0 85378.0 20.794476451023307
391161.0 86232.0 20.794476451023307
394240.0 85596.0 20.794476451023307
396344.0 85461.0 20.794476451023307
399258.0 86153.0 20.794476451023307
400226.0 85460.0 20.794476451023307
403352.0 85143.0 20.794476451023307
405677.0 85344.0 20.794476451023307
407451.0 84957.0 20.794476451023307
408580.0 85797.0 20.794476451023307
411782.0 86414.0 20.794476451023307
415279.0 86154.0 20.794476451023307
415584.0 85336.0 20.794476451023307
415604.0 85723.0 20.794476451023307
417920.0 85806.0 20.794476451023307
420124.0 86100.0 20.794476451023307
424596.0 86144.0 20.794476451023307
427324.0 86357.0 20.794476451023307
430976.0 87577.0 20.794476451023307
450326.0 86889.0 20.794476451023307
457415.0 87738.0 20.794476451023307
469148.0 87150.0 20.794476451023307
475688.0 88020.0 20.794476451023307
612457.0 92438.0 20.794476451023307
