rev4
1212.0 479.0 8.403865827724388
1330.0 531.0 6.200270911419943
1496.0 548.0 11.09815216979044
1563.0 552.0 7.593750000000051
1621.0 605.0 9.300406367130085
1630.0 574.0 9.30040636713
1637.0 555.0 11.09815216979044
1655.0 588.0 8.40386582772442
1724.0 590.0 11.09815216979044
1725.0 554.0 11.09815216979044
1733.0 566.0 11.09815216979044
1758.0 641.0 9.300406367130002
1758.0 558.0 11.09815216979044
1763.0 575.0 11.09815216979044
1767.0 573.0 11.09815216979044
1776.0 573.0 11.09815216979044
1790.0 631.0 10.292591572368567
1809.0 555.0 11.09815216979044
1809.0 572.0 11.09815216979044
1812.0 608.0 9.300406367130064
1813.0 569.0 11.09815216979044
1814.0 623.0 11.09815216979044
1834.0 575.0 11.09815216979044
1834.0 602.0 11.09815216979044
1836.0 583.0 9.300406367130021
1840.0 592.0 11.09815216979044
1843.0 579.0 11.09815216979044
1845.0 568.0 11.09815216979044
1852.0 629.0 7.593750000000166
1894.0 646.0 11.09815216979044
1897.0 592.0 11.09815216979044
1917.0 624.0 11.09815216979044
1936.0 660.0 11.09815216979044
1943.0 603.0 11.09815216979044
1944.0 603.0 11.09815216979044
1970.0 630.0 11.09815216979044
1970.0 639.0 11.09815216979044
1988.0 670.0 11.09815216979044
1996.0 559.0 11.09815216979044
1996.0 565.0 11.09815216979044
1998.0 596.0 11.09815216979044
1998.0 650.0 11.09815216979044
2007.0 590.0 11.09815216979044
2025.0 599.0 11.09815216979044
2027.0 613.0 11.09815216979044
2035.0 597.0 11.09815216979044
2040.0 616.0 11.09815216979044
2041.0 545.0 11.09815216979044
2046.0 632.0 11.09815216979044
2051.0 659.0 10.292591572368535
2056.0 625.0 11.09815216979044
2057.0 684.0 11.09815216979044
2063.0 667.0 11.09815216979044
2066.0 602.0 11.09815216979044
2069.0 587.0 11.09815216979044
2075.0 688.0 11.09815216979044
2091.0 522.0 11.09815216979044
2115.0 693.0 8.403865827724442
2118.0 612.0 11.09815216979044
2120.0 603.0 11.09815216979044
2123.0 576.0 11.09815216979044
2129.0 663.0 11.09815216979044
2136.0 593.0 11.09815216979044
2140.0 597.0 11.09815216979044
2160.0 572.0 11.09815216979044
2168.0 593.0 11.09815216979044
2229.0 640.0 11.09815216979044
2229.0 662.0 11.09815216979044
2236.0 577.0 11.09815216979044
2264.0 615.0 11.09815216979044
2284.0 692.0 11.09815216979044
2289.0 627.0 11.09815216979044
2295.0 607.0 11.09815216979044
2328.0 662.0 11.09815216979044
2351.0 593.0 11.09815216979044
2357.0 604.0 11.09815216979044
2357.0 587.0 11.09815216979044
2360.0 617.0 11.09815216979044
2378.0 672.0 11.09815216979044
2391.0 618.0 11.09815216979044
2393.0 582.0 11.09815216979044
2395.0 586.0 11.09815216979044
2407.0 686.0 11.09815216979044
2409.0 605.0 11.09815216979044
2456.0 622.0 11.09815216979044
2496.0 662.0 11.09815216979044
2541.0 587.0 11.09815216979044
2543.0 668.0 11.09815216979044
2549.0 683.0 11.09815216979044
2553.0 664.0 11.09815216979044
2557.0 687.0 11.09815216979044
2593.0 636.0 11.09815216979044
2617.0 624.0 11.09815216979044
2636.0 596.0 11.09815216979044
2639.0 655.0 11.09815216979044
2656.0 726.0 11.09815216979044
2686.0 646.0 11.09815216979044
3563.0 644.0 11.09815216979044
3758.0 628.0 11.09815216979044
4068.0 849.0 11.09815216979044
