rev4
555939.0 139945.0 22.180740295263547
555943.0 139935.0 22.180740295263547
561355.0 139964.0 22.180740295263547
567205.0 140196.0 22.180740295263547
571254.0 141159.0 22.180740295263547
573331.0 140277.0 22.180740295263547
574516.0 140480.0 22.180740295263547
577071.0 140732.0 22.180740295263547
577968.0 140082.0 22.180740295263547
578403.0 140765.0 22.180740295263547
579315.0 140601.0 22.180740295263547
582052.0 141391.0 22.180740295263547
582542.0 141183.0 22.180740295263547
583692.0 140837.0 22.180740295263547
584401.0 141073.0 22.180740295263547
586078.0 140846.0 22.180740295263547
587326.0 141237.0 22.180740295263547
587745.0 140163.0 22.180740295263547
590275.0 140675.0 22.180740295263547
591974.0 141570.0 22.180740295263547
592699.0 140470.0 22.180740295263547
593635.0 140906.0 22.180740295263547
594823.0 140400.0 22.180740295263547
595955.0 140534.0 22.180740295263547
596955.0 140566.0 22.180740295263547
597352.0 140330.0 22.180740295263547
598044.0 140909.0 22.180740295263547
600117.0 141004.0 22.180740295263547
600562.0 141431.0 22.180740295263547
601902.0 140468.0 22.180740295263547
602950.0 140799.0 22.180740295263547
602973.0 140368.0 22.180740295263547
604663.0 141729.0 22.180740295263547
606357.0 140817.0 22.180740295263547
607325.0 140681.0 22.180740295263547
608014.0 141502.0 22.180740295263547
608635.0 142647.0 22.180740295263547
608740.0 141152.0 22.180740295263547
609575.0 141458.0 22.180740295263547
610114.0 142164.0 22.180740295263547
610176.0 141137.0 22.180740295263547
610989.0 141302.0 22.180740295263547
611521.0 142114.0 22.180740295263547
612524.0 141054.0 22.180740295263547
613375.0 140166.0 22.180740295263547
613445.0 141205.0 22.180740295263547
614803.0 141819.0 22.180740295263547
616053.0 141374.0 22.180740295263547
618708.0 141771.0 22.180740295263547
620038.0 140870.0 22.180740295263547
622615.0 141659.0 22.180740295263547
623057.0 141315.0 22.180740295263547
623151.0 141507.0 22.180740295263547
624752.0 142088.0 22.180740295263547
625623.0 141633.0 22.180740295263547
626640.0 141778.0 22.180740295263547
626990.0 140480.0 22.180740295263547
627415.0 142571.0 22.180740295263547
629488.0 141695.0 22.180740295263547
629797.0 141563.0 22.180740295263547
629993.0 142613.0 22.180740295263547
630111.0 141483.0 22.180740295263547
631722.0 142869.0 22.180740295263547
632617.0 142000.0 22.180740295263547
632898.0 142561.0 22.180740295263547
635723.0 142099.0 22.180740295263547
640452.0 142247.0 22.180740295263547
640552.0 141048.0 22.180740295263547
641424.0 141745.0 22.180740295263547
641956.0 142355.0 22.180740295263547
644378.0 141083.0 22.180740295263547
648005.0 142660.0 22.180740295263547
648653.0 141912.0 22.180740295263547
653437.0 142261.0 22.180740295263547
653552.0 142383.0 22.180740295263547
654851.0 141568.0 22.180740295263547
660560.0 141788.0 22.180740295263547
664792.0 142375.0 22.180740295263547
668470.0 142253.0 22.180740295263547
669851.0 142764.0 22.180740295263547
670281.0 142467.0 22.180740295263547
670370.0 142485.0 22.180740295263547
677117.0 142632.0 22.180740295263547
677142.0 143592.0 22.180740295263547
679377.0 143072.0 22.180740295263547
680238.0 143346.0 22.180740295263547
682924.0 141693.0 22.180740295263547
684776.0 142272.0 22.180740295263547
686240.0 143220.0 22.180740295263547
688780.0 143918.0 22.180740295263547
694756.0 142952.0 22.180740295263547
706968.0 143053.0 22.180740295263547
714379.0 144858.0 22.180740295263547
733998.0 143853.0 22.180740295263547
735006.0 144464.0 22.180740295263547
737030.0 143325.0 22.180740295263547
780220.0 145081.0 22.180740295263547
788369.0 145082.0 22.180740295263547
828919.0 146108.0 22.180740295263547
1068915.0 152185.0 22.180740295263547
