rev2
1.5989647E7 2622802.0 27.725889129745536
1.6004153E7 2626858.0 27.725889129745536
1.6019937E7 2623427.0 27.725889129745536
1.6239503E7 2634038.0 27.725889129745536
1.6280411E7 2630207.0 27.725889129745536
1.6317083E7 2627977.0 27.725889129745536
1.6327039E7 2635059.0 27.725889129745536
1.6339965E7 2633088.0 27.725889129745536
1.6383393E7 2633583.0 27.725889129745536
1.6411335E7 2629452.0 27.725889129745536
1.6443117E7 2630974.0 27.725889129745536
1.6482533E7 2632254.0 27.725889129745536
1.6534865E7 2630368.0 27.725889129745536
1.6554277E7 2639515.0 27.725889129745536
1.6577835E7 2635480.0 27.725889129745536
1.6584775E7 2633043.0 27.725889129745536
1.6603277E7 2635966.0 27.725889129745536
1.6603333E7 2640454.0 27.725889129745536
1.6613609E7 2642685.0 27.725889129745536
1.6681701E7 2640182.0 27.725889129745536
1.6698401E7 2642793.0 27.725889129745536
1.6731007E7 2635624.0 27.725889129745536
1.6751397E7 2638560.0 27.725889129745536
1.6767405E7 2637609.0 27.725889129745536
1.6793601E7 2643138.0 27.725889129745536
1.6806455E7 2638224.0 27.725889129745536
1.6811133E7 2637718.0 27.725889129745536
1.6813519E7 2638593.0 27.725889129745536
1.6824473E7 2643183.0 27.725889129745536
1.6830195E7 2640441.0 27.725889129745536
1.6836859E7 2641527.0 27.725889129745536
1.6880297E7 2646843.0 27.725889129745536
1.6930629E7 2640296.0 27.725889129745536
1.7028257E7 2639178.0 27.725889129745536
1.7029795E7 2646409.0 27.725889129745536
1.7030495E7 2648070.0 27.725889129745536
1.7050721E7 2644898.0 27.725889129745536
1.7056297E7 2641646.0 27.725889129745536
1.7207133E7 2649222.0 27.725889129745536
1.7257881E7 2649446.0 27.725889129745536
1.7261023E7 2649034.0 27.725889129745536
1.7267453E7 2652454.0 27.725889129745536
1.7298717E7 2651710.0 27.725889129745536
1.7343167E7 2647068.0 27.725889129745536
1.7351115E7 2654297.0 27.725889129745536
1.7374371E7 2643783.0 27.725889129745536
1.7408621E7 2650607.0 27.725889129745536
1.7413665E7 2656788.0 27.725889129745536
1.7417815E7 2653671.0 27.725889129745536
1.7427351E7 2651769.0 27.725889129745536
1.7437059E7 2651912.0 27.725889129745536
1.7465661E7 2649293.0 27.725889129745536
1.7473797E7 2652343.0 27.725889129745536
1.7488683E7 2654916.0 27.725889129745536
1.7498651E7 2650948.0 27.725889129745536
1.7533407E7 2652496.0 27.725889129745536
1.7555049E7 2653311.0 27.725889129745536
1.7561337E7 2651766.0 27.725889129745536
1.7576617E7 2654261.0 27.725889129745536
1.7581651E7 2652798.0 27.725889129745536
1.7609631E7 2656826.0 27.725889129745536
1.7641969E7 2659500.0 27.725889129745536
1.7646361E7 2656580.0 27.725889129745536
1.7663311E7 2655051.0 27.725889129745536
1.7675335E7 2653299.0 27.725889129745536
1.7685011E7 2659715.0 27.725889129745536
1.7705431E7 2658696.0 27.725889129745536
1.7773901E7 2657792.0 27.725889129745536
1.7806769E7 2657194.0 27.725889129745536
1.7821147E7 2658807.0 27.725889129745536
1.7872125E7 2655992.0 27.725889129745536
1.7885215E7 2661873.0 27.725889129745536
1.7889119E7 2655912.0 27.725889129745536
1.7914387E7 2657974.0 27.725889129745536
1.7918033E7 2660018.0 27.725889129745536
1.7924885E7 2658950.0 27.725889129745536
1.7951157E7 2666907.0 27.725889129745536
1.8050091E7 2664309.0 27.725889129745536
1.8058779E7 2662874.0 27.725889129745536
1.8064347E7 2668810.0 27.725889129745536
1.8080343E7 2664892.0 27.725889129745536
1.8149369E7 2667691.0 27.725889129745536
1.8152197E7 2671370.0 27.725889129745536
1.8183427E7 2664006.0 27.725889129745536
1.8342963E7 2669588.0 27.725889129745536
1.8343641E7 2669447.0 27.725889129745536
1.8440107E7 2671933.0 27.725889129745536
1.8445157E7 2669433.0 27.725889129745536
1.8457119E7 2671940.0 27.725889129745536
1.8528217E7 2670567.0 27.725889129745536
1.8699301E7 2676497.0 27.725889129745536
1.8735375E7 2675673.0 27.725889129745536
1.8777361E7 2675289.0 27.725889129745536
1.8835543E7 2676953.0 27.725889129745536
1.9006989E7 2677090.0 27.725889129745536
1.9067427E7 2682315.0 27.725889129745536
1.9280951E7 2685465.0 27.725889129745536
1.9817443E7 2693552.0 27.725889129745536
1.9847091E7 2698967.0 27.725889129745536
2.0972325E7 2719474.0 27.725889129745536
