rev2
1806747.0 329962.0 23.567019397768995
1846215.0 331013.0 23.567019397768995
1856421.0 329415.0 23.567019397768995
1895559.0 330947.0 23.567019397768995
1906637.0 331379.0 23.567019397768995
1907605.0 331231.0 23.567019397768995
1915507.0 331122.0 23.567019397768995
1916249.0 332328.0 23.567019397768995
1919447.0 331064.0 23.567019397768995
1928555.0 330512.0 23.567019397768995
1939503.0 331643.0 23.567019397768995
1946975.0 333172.0 23.567019397768995
1948199.0 332306.0 23.567019397768995
1950211.0 332033.0 23.567019397768995
1950455.0 332501.0 23.567019397768995
1955307.0 333316.0 23.567019397768995
1956945.0 331432.0 23.567019397768995
1966467.0 331859.0 23.567019397768995
1969033.0 332690.0 23.567019397768995
1970705.0 335133.0 23.567019397768995
1975509.0 334794.0 23.567019397768995
1978521.0 335151.0 23.567019397768995
1978853.0 332791.0 23.567019397768995
1987125.0 334078.0 23.567019397768995
1988287.0 333513.0 23.567019397768995
1990437.0 332228.0 23.567019397768995
1994085.0 334456.0 23.567019397768995
1998285.0 333344.0 23.567019397768995
1998545.0 332849.0 23.567019397768995
1999161.0 333900.0 23.567019397768995
2002319.0 332681.0 23.567019397768995
2003407.0 334315.0 23.567019397768995
2015933.0 334398.0 23.567019397768995
2018951.0 335409.0 23.567019397768995
2018969.0 334731.0 23.567019397768995
2020387.0 333379.0 23.567019397768995
2023169.0 333988.0 23.567019397768995
2023953.0 335399.0 23.567019397768995
2024859.0 334145.0 23.567019397768995
2027081.0 335188.0 23.567019397768995
2040461.0 333125.0 23.567019397768995
2041739.0 332013.0 23.567019397768995
2043377.0 334482.0 23.567019397768995
2045985.0 334950.0 23.567019397768995
2048981.0 334790.0 23.567019397768995
2055223.0 334468.0 23.567019397768995
2056341.0 333126.0 23.567019397768995
2061843.0 333801.0 23.567019397768995
2067019.0 333931.0 23.567019397768995
2068631.0 335689.0 23.567019397768995
2069703.0 336758.0 23.567019397768995
2070279.0 335630.0 23.567019397768995
2071733.0 334624.0 23.567019397768995
2071807.0 333563.0 23.567019397768995
2071995.0 335561.0 23.567019397768995
2074657.0 334946.0 23.567019397768995
2076551.0 335264.0 23.567019397768995
2078595.0 334130.0 23.567019397768995
2081469.0 334397.0 23.567019397768995
2082789.0 335468.0 23.567019397768995
2091775.0 333669.0 23.567019397768995
2101129.0 336756.0 23.567019397768995
2101285.0 336309.0 23.567019397768995
2106489.0 336346.0 23.567019397768995
2112891.0 335805.0 23.567019397768995
2113451.0 335947.0 23.567019397768995
2115087.0 334646.0 23.567019397768995
2116635.0 335889.0 23.567019397768995
2119891.0 336847.0 23.567019397768995
2120431.0 335087.0 23.567019397768995
2126391.0 336199.0 23.567019397768995
2137529.0 336732.0 23.567019397768995
2144533.0 338020.0 23.567019397768995
2147969.0 337580.0 23.567019397768995
2154777.0 337560.0 23.567019397768995
2158951.0 337002.0 23.567019397768995
2161557.0 336468.0 23.567019397768995
2167607.0 336972.0 23.567019397768995
2178255.0 337423.0 23.567019397768995
2180551.0 338171.0 23.567019397768995
2196935.0 338224.0 23.567019397768995
2206645.0 336798.0 23.567019397768995
2206819.0 338477.0 23.567019397768995
2218761.0 338437.0 23.567019397768995
2218833.0 338960.0 23.567019397768995
2220123.0 338963.0 23.567019397768995
2220687.0 338336.0 23.567019397768995
2223791.0 339195.0 23.567019397768995
2239277.0 339808.0 23.567019397768995
2239783.0 338077.0 23.567019397768995
2240981.0 339101.0 23.567019397768995
2245541.0 338935.0 23.567019397768995
2260411.0 338705.0 23.567019397768995
2267119.0 338449.0 23.567019397768995
2278909.0 339531.0 23.567019397768995
2284205.0 339263.0 23.567019397768995
2310731.0 341965.0 23.567019397768995
2353307.0 340430.0 23.567019397768995
2389701.0 340797.0 23.567019397768995
2422069.0 341466.0 23.567019397768995
