rev4
2348468.0 554722.0 24.95330612953801
2391343.0 556092.0 24.95330612953801
2396898.0 556345.0 24.95330612953801
2397281.0 557542.0 24.95330612953801
2399360.0 556679.0 24.95330612953801
2406100.0 558001.0 24.95330612953801
2413774.0 556389.0 24.95330612953801
2424132.0 559578.0 24.95330612953801
2427697.0 558327.0 24.95330612953801
2430872.0 556047.0 24.95330612953801
2432872.0 556072.0 24.95330612953801
2434172.0 560152.0 24.95330612953801
2436512.0 557511.0 24.95330612953801
2438568.0 557570.0 24.95330612953801
2439341.0 556785.0 24.95330612953801
2446903.0 558671.0 24.95330612953801
2456872.0 556949.0 24.95330612953801
2460168.0 557127.0 24.95330612953801
2460702.0 558450.0 24.95330612953801
2465290.0 558274.0 24.95330612953801
2467965.0 560062.0 24.95330612953801
2468014.0 559066.0 24.95330612953801
2474133.0 560460.0 24.95330612953801
2479904.0 559970.0 24.95330612953801
2485589.0 557661.0 24.95330612953801
2487826.0 557963.0 24.95330612953801
2487974.0 557827.0 24.95330612953801
2492064.0 557890.0 24.95330612953801
2502062.0 559402.0 24.95330612953801
2507449.0 560910.0 24.95330612953801
2509648.0 559869.0 24.95330612953801
2511263.0 561645.0 24.95330612953801
2513135.0 559758.0 24.95330612953801
2527179.0 559875.0 24.95330612953801
2528214.0 558726.0 24.95330612953801
2528910.0 557707.0 24.95330612953801
2532949.0 560227.0 24.95330612953801
2533651.0 561382.0 24.95330612953801
2535292.0 559831.0 24.95330612953801
2538645.0 562689.0 24.95330612953801
2541229.0 556397.0 24.95330612953801
2542115.0 560707.0 24.95330612953801
2543928.0 559056.0 24.95330612953801
2545116.0 557576.0 24.95330612953801
2546913.0 558855.0 24.95330612953801
2551714.0 562475.0 24.95330612953801
2568073.0 558263.0 24.95330612953801
2572447.0 559693.0 24.95330612953801
2578600.0 560775.0 24.95330612953801
2592166.0 560026.0 24.95330612953801
2594220.0 561695.0 24.95330612953801
2597835.0 563009.0 24.95330612953801
2599497.0 562114.0 24.95330612953801
2603584.0 561649.0 24.95330612953801
2608737.0 561749.0 24.95330612953801
2618207.0 562300.0 24.95330612953801
2619838.0 561023.0 24.95330612953801
2620491.0 562097.0 24.95330612953801
2623070.0 559366.0 24.95330612953801
2624146.0 562297.0 24.95330612953801
2631864.0 561578.0 24.95330612953801
2640620.0 562486.0 24.95330612953801
2642506.0 563156.0 24.95330612953801
2648509.0 564114.0 24.95330612953801
2653256.0 562326.0 24.95330612953801
2660136.0 562116.0 24.95330612953801
2661910.0 561296.0 24.95330612953801
2667328.0 562717.0 24.95330612953801
2676205.0 564439.0 24.95330612953801
2678343.0 561754.0 24.95330612953801
2681894.0 560028.0 24.95330612953801
2682894.0 561331.0 24.95330612953801
2690814.0 559964.0 24.95330612953801
2691514.0 560834.0 24.95330612953801
2691775.0 561219.0 24.95330612953801
2695786.0 562812.0 24.95330612953801
2703455.0 563730.0 24.95330612953801
2703588.0 562207.0 24.95330612953801
2726356.0 564588.0 24.95330612953801
2730911.0 563243.0 24.95330612953801
2735340.0 563239.0 24.95330612953801
2741967.0 562900.0 24.95330612953801
2744182.0 563378.0 24.95330612953801
2756817.0 566816.0 24.95330612953801
2757312.0 563790.0 24.95330612953801
2769466.0 565691.0 24.95330612953801
2780016.0 564069.0 24.95330612953801
2794395.0 565621.0 24.95330612953801
2805563.0 565485.0 24.95330612953801
2809426.0 565987.0 24.95330612953801
2818801.0 566905.0 24.95330612953801
2822090.0 567259.0 24.95330612953801
2826905.0 566496.0 24.95330612953801
2844009.0 565149.0 24.95330612953801
2845728.0 568003.0 24.95330612953801
2887973.0 568728.0 24.95330612953801
2904659.0 568066.0 24.95330612953801
2958038.0 570057.0 24.95330612953801
2980068.0 568580.0 24.95330612953801
2991579.0 570438.0 24.95330612953801
