rev3
35263.0 10594.0 16.636020555093744
36679.0 10655.0 16.636020555093744
37381.0 10514.0 16.636020555093744
37560.0 10714.0 16.636020555093744
37798.0 10498.0 16.636020555093744
38072.0 10549.0 16.636020555093744
38374.0 10480.0 16.636020555093744
38817.0 10570.0 16.636020555093744
38895.0 10655.0 16.636020555093744
38905.0 10613.0 16.636020555093744
39026.0 10226.0 16.636020555093744
39069.0 10231.0 16.636020555093744
39074.0 10512.0 16.636020555093744
39084.0 10259.0 16.636020555093744
39151.0 10639.0 16.636020555093744
39290.0 10637.0 16.636020555093744
39531.0 10622.0 16.636020555093744
39664.0 10648.0 16.636020555093744
39701.0 10597.0 16.636020555093744
39709.0 10878.0 16.636020555093744
39784.0 10746.0 16.636020555093744
40015.0 10823.0 16.636020555093744
40116.0 10750.0 16.636020555093744
40273.0 10951.0 16.636020555093744
40324.0 10560.0 16.636020555093744
40481.0 10460.0 16.636020555093744
40538.0 10447.0 16.636020555093744
40541.0 10775.0 16.636020555093744
40938.0 10603.0 16.636020555093744
41032.0 10652.0 16.636020555093744
41127.0 10788.0 16.636020555093744
41209.0 10869.0 16.636020555093744
41257.0 10431.0 16.636020555093744
41315.0 10385.0 16.636020555093744
41347.0 10672.0 16.636020555093744
41380.0 10574.0 16.636020555093744
41491.0 10662.0 16.636020555093744
41529.0 10758.0 16.636020555093744
41692.0 11205.0 16.636020555093744
41743.0 10609.0 16.636020555093744
41782.0 10753.0 16.636020555093744
41788.0 10870.0 16.636020555093744
41837.0 10719.0 16.636020555093744
41859.0 10672.0 16.636020555093744
41899.0 10257.0 16.636020555093744
42004.0 10932.0 16.636020555093744
42230.0 10813.0 16.636020555093744
42278.0 10587.0 16.636020555093744
42414.0 11071.0 16.636020555093744
42431.0 10662.0 16.636020555093744
42461.0 10965.0 16.636020555093744
42465.0 10609.0 16.636020555093744
42602.0 10678.0 16.636020555093744
42631.0 10498.0 16.636020555093744
42635.0 10959.0 16.636020555093744
42935.0 10864.0 16.636020555093744
43072.0 10518.0 16.636020555093744
43092.0 10772.0 16.636020555093744
43365.0 10830.0 16.636020555093744
43522.0 10618.0 16.636020555093744
43543.0 10750.0 16.636020555093744
43595.0 10809.0 16.636020555093744
43623.0 11028.0 16.636020555093744
43668.0 10080.0 16.636020555093744
43753.0 10606.0 16.636020555093744
43851.0 10828.0 16.636020555093744
43981.0 10872.0 16.636020555093744
44131.0 11210.0 16.636020555093744
44243.0 10851.0 16.636020555093744
44720.0 10400.0 16.636020555093744
44720.0 11240.0 16.636020555093744
45080.0 10665.0 16.636020555093744
45134.0 10551.0 16.636020555093744
45144.0 10877.0 16.636020555093744
45152.0 10879.0 16.636020555093744
45285.0 10801.0 16.636020555093744
45351.0 10986.0 16.636020555093744
45523.0 10914.0 16.636020555093744
45616.0 10564.0 16.636020555093744
45722.0 10703.0 16.636020555093744
45784.0 10871.0 16.636020555093744
45958.0 10860.0 16.636020555093744
45993.0 10679.0 16.636020555093744
46477.0 10708.0 16.636020555093744
46640.0 11124.0 16.636020555093744
46703.0 11263.0 16.636020555093744
47115.0 10989.0 16.636020555093744
47121.0 10578.0 16.636020555093744
47121.0 10875.0 16.636020555093744
47304.0 10810.0 16.636020555093744
47430.0 11225.0 16.636020555093744
47606.0 10927.0 16.636020555093744
48070.0 11292.0 16.636020555093744
48129.0 11145.0 16.636020555093744
49361.0 10815.0 16.636020555093744
50804.0 10835.0 16.636020555093744
51838.0 11301.0 16.636020555093744
52199.0 11445.0 16.636020555093744
52268.0 11066.0 16.636020555093744
52754.0 11159.0 16.636020555093744
