rev4
10921.0 274.0 20.0
11041.0 277.0 20.0
11241.0 282.0 20.0
11281.0 283.0 20.0
11401.0 286.0 20.0
11481.0 288.0 20.0
11521.0 289.0 20.0
11521.0 289.0 20.0
11561.0 290.0 20.0
11601.0 291.0 20.0
11601.0 291.0 20.0
11641.0 292.0 20.0
11641.0 292.0 20.0
11641.0 292.0 20.0
11681.0 293.0 20.0
11681.0 293.0 20.0
11681.0 293.0 20.0
11681.0 293.0 20.0
11681.0 293.0 20.0
11681.0 293.0 20.0
11721.0 294.0 20.0
11721.0 294.0 20.0
11761.0 295.0 20.0
11801.0 296.0 20.0
11801.0 296.0 20.0
11841.0 297.0 20.0
11841.0 297.0 20.0
11841.0 297.0 20.0
11841.0 297.0 20.0
11841.0 297.0 20.0
11881.0 298.0 20.0
11881.0 298.0 20.0
11881.0 298.0 20.0
11921.0 299.0 20.0
11921.0 299.0 20.0
11921.0 299.0 20.0
11961.0 300.0 20.0
11961.0 300.0 20.0
11961.0 300.0 20.0
11961.0 300.0 20.0
11961.0 300.0 20.0
12001.0 301.0 20.0
12001.0 301.0 20.0
12081.0 303.0 20.0
12081.0 303.0 20.0
12081.0 303.0 20.0
12081.0 303.0 20.0
12121.0 304.0 20.0
12161.0 305.0 20.0
12161.0 305.0 20.0
12161.0 305.0 20.0
12161.0 305.0 20.0
12201.0 306.0 20.0
12201.0 306.0 20.0
12241.0 307.0 20.0
12241.0 307.0 20.0
12241.0 307.0 20.0
12241.0 307.0 20.0
12241.0 307.0 20.0
12281.0 308.0 20.0
12281.0 308.0 20.0
12281.0 308.0 20.0
12281.0 308.0 20.0
12281.0 308.0 20.0
12321.0 309.0 20.0
12361.0 310.0 20.0
12361.0 310.0 20.0
12361.0 310.0 20.0
12361.0 310.0 20.0
12361.0 310.0 20.0
12401.0 311.0 20.0
12401.0 311.0 20.0
12401.0 311.0 20.0
12401.0 311.0 20.0
12441.0 312.0 20.0
12441.0 312.0 20.0
12441.0 312.0 20.0
12481.0 313.0 20.0
12481.0 313.0 20.0
12481.0 313.0 20.0
12521.0 314.0 20.0
12521.0 314.0 20.0
12521.0 314.0 20.0
12561.0 315.0 20.0
12561.0 315.0 20.0
12601.0 316.0 20.0
12681.0 318.0 20.0
12721.0 319.0 20.0
12801.0 321.0 20.0
12841.0 322.0 20.0
12881.0 323.0 20.0
12961.0 325.0 20.0
12961.0 325.0 20.0
12961.0 325.0 20.0
13001.0 326.0 20.0
13041.0 327.0 20.0
13081.0 328.0 20.0
13321.0 334.0 20.0
13481.0 338.0 20.0
13561.0 340.0 20.0
