rev4
393961.0 9850.0 20.0
398321.0 9959.0 20.0
398481.0 9963.0 20.0
400961.0 10025.0 20.0
401041.0 10027.0 20.0
401361.0 10035.0 20.0
403041.0 10077.0 20.0
403201.0 10081.0 20.0
403241.0 10082.0 20.0
403561.0 10090.0 20.0
403801.0 10096.0 20.0
404161.0 10105.0 20.0
405241.0 10132.0 20.0
405361.0 10135.0 20.0
405641.0 10142.0 20.0
405721.0 10144.0 20.0
406081.0 10153.0 20.0
406281.0 10158.0 20.0
406281.0 10158.0 20.0
406321.0 10159.0 20.0
406561.0 10165.0 20.0
406721.0 10169.0 20.0
406801.0 10171.0 20.0
406841.0 10172.0 20.0
407201.0 10181.0 20.0
407561.0 10190.0 20.0
407721.0 10194.0 20.0
408641.0 10217.0 20.0
408681.0 10218.0 20.0
408761.0 10220.0 20.0
409041.0 10227.0 20.0
409241.0 10232.0 20.0
409281.0 10233.0 20.0
409601.0 10241.0 20.0
409721.0 10244.0 20.0
409761.0 10245.0 20.0
409761.0 10245.0 20.0
410001.0 10251.0 20.0
410241.0 10257.0 20.0
410401.0 10261.0 20.0
410801.0 10271.0 20.0
411081.0 10278.0 20.0
411521.0 10289.0 20.0
411801.0 10296.0 20.0
412201.0 10306.0 20.0
412281.0 10308.0 20.0
412521.0 10314.0 20.0
412761.0 10320.0 20.0
412761.0 10320.0 20.0
413681.0 10343.0 20.0
413761.0 10345.0 20.0
413841.0 10347.0 20.0
414321.0 10359.0 20.0
414601.0 10366.0 20.0
414881.0 10373.0 20.0
414921.0 10374.0 20.0
415121.0 10379.0 20.0
415121.0 10379.0 20.0
415641.0 10392.0 20.0
416041.0 10402.0 20.0
416041.0 10402.0 20.0
416081.0 10403.0 20.0
416121.0 10404.0 20.0
416201.0 10406.0 20.0
416241.0 10407.0 20.0
416361.0 10410.0 20.0
416481.0 10413.0 20.0
416521.0 10414.0 20.0
416681.0 10418.0 20.0
417201.0 10431.0 20.0
417481.0 10438.0 20.0
417721.0 10444.0 20.0
417881.0 10448.0 20.0
418121.0 10454.0 20.0
418561.0 10465.0 20.0
418601.0 10466.0 20.0
419001.0 10476.0 20.0
419161.0 10480.0 20.0
419881.0 10498.0 20.0
420001.0 10501.0 20.0
420041.0 10502.0 20.0
420361.0 10510.0 20.0
420401.0 10511.0 20.0
420881.0 10523.0 20.0
421241.0 10532.0 20.0
421681.0 10543.0 20.0
421841.0 10547.0 20.0
421881.0 10548.0 20.0
421881.0 10548.0 20.0
422041.0 10552.0 20.0
422241.0 10557.0 20.0
423481.0 10588.0 20.0
423841.0 10597.0 20.0
424121.0 10604.0 20.0
425361.0 10635.0 20.0
425601.0 10641.0 20.0
426761.0 10670.0 20.0
428561.0 10715.0 20.0
439961.0 11000.0 20.0
441321.0 11034.0 20.0
