rev4
1.11398759E8 2784970.0 20.0
1.1190568E8 2797643.0 20.0
1.12358761E8 2808970.0 20.0
1.12470401E8 2811761.0 20.0
1.12768078E8 2819203.0 20.0
1.1294224E8 2823557.0 20.0
1.13024281E8 2825608.0 20.0
1.13078361E8 2826960.0 20.0
1.13282159E8 2832055.0 20.0
1.1340948E8 2835238.0 20.0
1.13464681E8 2836618.0 20.0
1.13467158E8 2836680.0 20.0
1.1362612E8 2840654.0 20.0
1.13635401E8 2840886.0 20.0
1.13771441E8 2844287.0 20.0
1.1378304E8 2844577.0 20.0
1.13886841E8 2847172.0 20.0
1.13910161E8 2847755.0 20.0
1.1405912E8 2851479.0 20.0
1.14059641E8 2851492.0 20.0
1.1420556E8 2855140.0 20.0
1.14393801E8 2859846.0 20.0
1.1448908E8 2862228.0 20.0
1.14528961E8 2863225.0 20.0
1.14683601E8 2867091.0 20.0
1.14693801E8 2867346.0 20.0
1.1474544E8 2868637.0 20.0
1.147988E8 2869971.0 20.0
1.14825561E8 2870640.0 20.0
1.14874541E8 2871865.0 20.0
1.14909358E8 2872735.0 20.0
1.14915497E8 2872889.0 20.0
1.14935881E8 2873398.0 20.0
1.14940438E8 2873512.0 20.0
1.14949721E8 2873744.0 20.0
1.14956081E8 2873903.0 20.0
1.1497892E8 2874474.0 20.0
1.1498268E8 2874568.0 20.0
1.15001241E8 2875032.0 20.0
1.1508384E8 2877097.0 20.0
1.15159041E8 2878977.0 20.0
1.1520984E8 2880247.0 20.0
1.15268761E8 2881720.0 20.0
1.1527246E8 2881813.0 20.0
1.1531864E8 2882967.0 20.0
1.15329961E8 2883250.0 20.0
1.15340399E8 2883512.0 20.0
1.15525001E8 2888126.0 20.0
1.1555012E8 2888754.0 20.0
1.15586838E8 2889672.0 20.0
1.1571652E8 2892914.0 20.0
1.15811881E8 2895298.0 20.0
1.15918801E8 2897972.0 20.0
1.16006517E8 2900164.0 20.0
1.160246E8 2900616.0 20.0
1.16109561E8 2902740.0 20.0
1.16110161E8 2902755.0 20.0
1.16119279E8 2902983.0 20.0
1.16154481E8 2903863.0 20.0
1.16201559E8 2905040.0 20.0
1.16226001E8 2905651.0 20.0
1.16236241E8 2905907.0 20.0
1.1627976E8 2906995.0 20.0
1.16476761E8 2911920.0 20.0
1.16487901E8 2912199.0 20.0
1.1649524E8 2912382.0 20.0
1.16513641E8 2912842.0 20.0
1.1652648E8 2913163.0 20.0
1.16608881E8 2915223.0 20.0
1.16623641E8 2915592.0 20.0
1.16641161E8 2916030.0 20.0
1.16990621E8 2924767.0 20.0
1.17106598E8 2927666.0 20.0
1.17125681E8 2928143.0 20.0
1.17127081E8 2928178.0 20.0
1.17203681E8 2930093.0 20.0
1.17242561E8 2931065.0 20.0
1.1725712E8 2931429.0 20.0
1.17265517E8 2931639.0 20.0
1.17332241E8 2933307.0 20.0
1.17393021E8 2934827.0 20.0
1.17448519E8 2936214.0 20.0
1.17485801E8 2937146.0 20.0
1.17489281E8 2937234.0 20.0
1.175048E8 2937621.0 20.0
1.1767996E8 2942000.0 20.0
1.17747801E8 2943696.0 20.0
1.17789281E8 2944733.0 20.0
1.1779492E8 2944874.0 20.0
1.1802128E8 2950533.0 20.0
1.18023921E8 2950599.0 20.0
1.18339761E8 2958495.0 20.0
1.18565799E8 2964146.0 20.0
1.1871202E8 2967802.0 20.0
1.18974321E8 2974359.0 20.0
1.19211799E8 2980296.0 20.0
1.20807961E8 3020200.0 20.0
1.2216984E8 3054247.0 20.0
1.23354799E8 3083871.0 20.0
1.25259001E8 3131476.0 20.0
