rev4
803521.0 20089.0 20.0
807761.0 20195.0 20.0
807761.0 20195.0 20.0
808241.0 20207.0 20.0
808441.0 20212.0 20.0
808961.0 20225.0 20.0
809521.0 20239.0 20.0
811401.0 20286.0 20.0
811681.0 20293.0 20.0
812161.0 20305.0 20.0
812321.0 20309.0 20.0
812441.0 20312.0 20.0
813281.0 20333.0 20.0
813801.0 20346.0 20.0
815841.0 20397.0 20.0
817441.0 20437.0 20.0
817481.0 20438.0 20.0
817761.0 20445.0 20.0
818281.0 20458.0 20.0
818281.0 20458.0 20.0
819361.0 20485.0 20.0
819641.0 20492.0 20.0
819801.0 20496.0 20.0
821601.0 20541.0 20.0
821641.0 20542.0 20.0
822001.0 20551.0 20.0
822001.0 20551.0 20.0
822601.0 20566.0 20.0
822921.0 20574.0 20.0
823001.0 20576.0 20.0
824081.0 20603.0 20.0
824201.0 20606.0 20.0
824321.0 20609.0 20.0
824721.0 20619.0 20.0
825041.0 20627.0 20.0
825361.0 20635.0 20.0
825681.0 20643.0 20.0
826641.0 20667.0 20.0
826761.0 20670.0 20.0
827041.0 20677.0 20.0
827641.0 20692.0 20.0
827881.0 20698.0 20.0
827961.0 20700.0 20.0
827961.0 20700.0 20.0
828001.0 20701.0 20.0
828041.0 20702.0 20.0
828201.0 20706.0 20.0
828881.0 20723.0 20.0
831041.0 20777.0 20.0
832681.0 20818.0 20.0
833001.0 20826.0 20.0
833201.0 20831.0 20.0
835081.0 20878.0 20.0
835881.0 20898.0 20.0
835921.0 20899.0 20.0
836041.0 20902.0 20.0
836041.0 20902.0 20.0
836161.0 20905.0 20.0
836401.0 20911.0 20.0
836481.0 20913.0 20.0
837281.0 20933.0 20.0
837401.0 20936.0 20.0
837601.0 20941.0 20.0
838081.0 20953.0 20.0
839081.0 20978.0 20.0
839081.0 20978.0 20.0
839481.0 20988.0 20.0
839801.0 20996.0 20.0
840281.0 21008.0 20.0
840641.0 21017.0 20.0
841881.0 21048.0 20.0
843521.0 21089.0 20.0
843561.0 21090.0 20.0
843881.0 21098.0 20.0
844081.0 21103.0 20.0
844161.0 21105.0 20.0
845881.0 21148.0 20.0
846201.0 21156.0 20.0
846561.0 21165.0 20.0
848401.0 21211.0 20.0
850801.0 21271.0 20.0
851281.0 21283.0 20.0
853281.0 21333.0 20.0
855441.0 21387.0 20.0
859561.0 21490.0 20.0
860361.0 21510.0 20.0
860881.0 21523.0 20.0
861321.0 21534.0 20.0
861681.0 21543.0 20.0
864681.0 21618.0 20.0
866321.0 21659.0 20.0
868561.0 21715.0 20.0
870481.0 21763.0 20.0
870841.0 21772.0 20.0
871721.0 21794.0 20.0
874881.0 21873.0 20.0
877041.0 21927.0 20.0
886441.0 22162.0 20.0
888601.0 22216.0 20.0
893361.0 22335.0 20.0
