rev4
194961.0 4875.0 20.0
196281.0 4908.0 20.0
196361.0 4910.0 20.0
196441.0 4912.0 20.0
196481.0 4913.0 20.0
196601.0 4916.0 20.0
196921.0 4924.0 20.0
197281.0 4933.0 20.0
197921.0 4949.0 20.0
198201.0 4956.0 20.0
198281.0 4958.0 20.0
198361.0 4960.0 20.0
198361.0 4960.0 20.0
198641.0 4967.0 20.0
198801.0 4971.0 20.0
199041.0 4977.0 20.0
199641.0 4992.0 20.0
199761.0 4995.0 20.0
200161.0 5005.0 20.0
200161.0 5005.0 20.0
200201.0 5006.0 20.0
200361.0 5010.0 20.0
200561.0 5015.0 20.0
200641.0 5017.0 20.0
200841.0 5022.0 20.0
201041.0 5027.0 20.0
201121.0 5029.0 20.0
201161.0 5030.0 20.0
201201.0 5031.0 20.0
201321.0 5034.0 20.0
201641.0 5042.0 20.0
201721.0 5044.0 20.0
201881.0 5048.0 20.0
201921.0 5049.0 20.0
201961.0 5050.0 20.0
202081.0 5053.0 20.0
202281.0 5058.0 20.0
202601.0 5066.0 20.0
202641.0 5067.0 20.0
202841.0 5072.0 20.0
203081.0 5078.0 20.0
203241.0 5082.0 20.0
203401.0 5086.0 20.0
203641.0 5092.0 20.0
203881.0 5098.0 20.0
203921.0 5099.0 20.0
203961.0 5100.0 20.0
204121.0 5104.0 20.0
204161.0 5105.0 20.0
204201.0 5106.0 20.0
204561.0 5115.0 20.0
204641.0 5117.0 20.0
204721.0 5119.0 20.0
204721.0 5119.0 20.0
204961.0 5125.0 20.0
205001.0 5126.0 20.0
205201.0 5131.0 20.0
205281.0 5133.0 20.0
205321.0 5134.0 20.0
205481.0 5138.0 20.0
205481.0 5138.0 20.0
205481.0 5138.0 20.0
205481.0 5138.0 20.0
205521.0 5139.0 20.0
205641.0 5142.0 20.0
205721.0 5144.0 20.0
205841.0 5147.0 20.0
206081.0 5153.0 20.0
206121.0 5154.0 20.0
206161.0 5155.0 20.0
206201.0 5156.0 20.0
206241.0 5157.0 20.0
206241.0 5157.0 20.0
206881.0 5173.0 20.0
207081.0 5178.0 20.0
207201.0 5181.0 20.0
207321.0 5184.0 20.0
207681.0 5193.0 20.0
207841.0 5197.0 20.0
208081.0 5203.0 20.0
208241.0 5207.0 20.0
208281.0 5208.0 20.0
208521.0 5214.0 20.0
208761.0 5220.0 20.0
209081.0 5228.0 20.0
209121.0 5229.0 20.0
209441.0 5237.0 20.0
209441.0 5237.0 20.0
210361.0 5260.0 20.0
210721.0 5269.0 20.0
210961.0 5275.0 20.0
211201.0 5281.0 20.0
211641.0 5292.0 20.0
211801.0 5296.0 20.0
212281.0 5308.0 20.0
212641.0 5317.0 20.0
212881.0 5323.0 20.0
215921.0 5399.0 20.0
216041.0 5402.0 20.0
218721.0 5469.0 20.0
