rev4
1628481.0 40713.0 20.0
1633201.0 40831.0 20.0
1633521.0 40839.0 20.0
1639281.0 40983.0 20.0
1641841.0 41047.0 20.0
1641961.0 41050.0 20.0
1643801.0 41096.0 20.0
1644401.0 41111.0 20.0
1644441.0 41112.0 20.0
1645841.0 41147.0 20.0
1646961.0 41175.0 20.0
1647961.0 41200.0 20.0
1648641.0 41217.0 20.0
1649521.0 41239.0 20.0
1650601.0 41266.0 20.0
1654281.0 41358.0 20.0
1654761.0 41370.0 20.0
1657161.0 41430.0 20.0
1657441.0 41437.0 20.0
1658921.0 41474.0 20.0
1659441.0 41487.0 20.0
1659641.0 41492.0 20.0
1659641.0 41492.0 20.0
1659761.0 41495.0 20.0
1659761.0 41495.0 20.0
1661321.0 41534.0 20.0
1663441.0 41587.0 20.0
1664240.0 41607.0 20.0
1665801.0 41646.0 20.0
1666241.0 41657.0 20.0
1666401.0 41661.0 20.0
1666561.0 41665.0 20.0
1666801.0 41671.0 20.0
1669161.0 41730.0 20.0
1671001.0 41776.0 20.0
1671281.0 41783.0 20.0
1672521.0 41814.0 20.0
1673121.0 41829.0 20.0
1673601.0 41841.0 20.0
1674681.0 41868.0 20.0
1674721.0 41869.0 20.0
1674721.0 41869.0 20.0
1675561.0 41890.0 20.0
1677241.0 41932.0 20.0
1677601.0 41941.0 20.0
1678281.0 41958.0 20.0
1678521.0 41964.0 20.0
1678881.0 41973.0 20.0
1680121.0 42004.0 20.0
1680401.0 42011.0 20.0
1681241.0 42032.0 20.0
1681521.0 42039.0 20.0
1683561.0 42090.0 20.0
1687121.0 42179.0 20.0
1688161.0 42205.0 20.0
1688281.0 42208.0 20.0
1688361.0 42210.0 20.0
1688881.0 42223.0 20.0
1690561.0 42265.0 20.0
1693201.0 42331.0 20.0
1693921.0 42349.0 20.0
1694121.0 42354.0 20.0
1696561.0 42415.0 20.0
1697281.0 42433.0 20.0
1698641.0 42467.0 20.0
1698921.0 42474.0 20.0
1700321.0 42509.0 20.0
1700321.0 42509.0 20.0
1701761.0 42545.0 20.0
1703881.0 42598.0 20.0
1705481.0 42638.0 20.0
1705481.0 42638.0 20.0
1708241.0 42707.0 20.0
1710241.0 42757.0 20.0
1711921.0 42799.0 20.0
1715401.0 42886.0 20.0
1715881.0 42898.0 20.0
1716121.0 42904.0 20.0
1718201.0 42956.0 20.0
1719881.0 42998.0 20.0
1722201.0 43056.0 20.0
1728961.0 43225.0 20.0
1732521.0 43314.0 20.0
1733321.0 43334.0 20.0
1737801.0 43446.0 20.0
1739601.0 43491.0 20.0
1739921.0 43499.0 20.0
1743081.0 43578.0 20.0
1756401.0 43911.0 20.0
1762361.0 44060.0 20.0
1762801.0 44071.0 20.0
1766561.0 44165.0 20.0
1766681.0 44168.0 20.0
1769041.0 44227.0 20.0
1772961.0 44325.0 20.0
1778761.0 44470.0 20.0
1794321.0 44859.0 20.0
1797241.0 44932.0 20.0
1822401.0 45561.0 20.0
1832241.0 45807.0 20.0
