rev4
1201.0 31.0 20.0
1201.0 31.0 20.0
1241.0 32.0 20.0
1241.0 32.0 20.0
1241.0 32.0 20.0
1241.0 32.0 20.0
1241.0 32.0 20.0
1241.0 32.0 20.0
1241.0 32.0 20.0
1281.0 33.0 20.0
1281.0 33.0 20.0
1281.0 33.0 20.0
1281.0 33.0 20.0
1321.0 34.0 20.0
1321.0 34.0 20.0
1321.0 34.0 20.0
1321.0 34.0 20.0
1361.0 35.0 20.0
1361.0 35.0 20.0
1361.0 35.0 20.0
1361.0 35.0 20.0
1361.0 35.0 20.0
1361.0 35.0 20.0
1361.0 35.0 20.0
1361.0 35.0 20.0
1361.0 35.0 20.0
1361.0 35.0 20.0
1361.0 35.0 20.0
1401.0 36.0 20.0
1401.0 36.0 20.0
1401.0 36.0 20.0
1401.0 36.0 20.0
1401.0 36.0 20.0
1401.0 36.0 20.0
1401.0 36.0 20.0
1401.0 36.0 20.0
1401.0 36.0 20.0
1401.0 36.0 20.0
1401.0 36.0 20.0
1441.0 37.0 20.0
1441.0 37.0 20.0
1441.0 37.0 20.0
1441.0 37.0 20.0
1441.0 37.0 20.0
1441.0 37.0 20.0
1441.0 37.0 20.0
1441.0 37.0 20.0
1441.0 37.0 20.0
1441.0 37.0 20.0
1441.0 37.0 20.0
1441.0 37.0 20.0
1441.0 37.0 20.0
1441.0 37.0 20.0
1481.0 38.0 20.0
1481.0 38.0 20.0
1481.0 38.0 20.0
1481.0 38.0 20.0
1481.0 38.0 20.0
1481.0 38.0 20.0
1481.0 38.0 20.0
1481.0 38.0 20.0
1481.0 38.0 20.0
1481.0 38.0 20.0
1481.0 38.0 20.0
1481.0 38.0 20.0
1481.0 38.0 20.0
1521.0 39.0 20.0
1521.0 39.0 20.0
1521.0 39.0 20.0
1521.0 39.0 20.0
1521.0 39.0 20.0
1521.0 39.0 20.0
1521.0 39.0 20.0
1521.0 39.0 20.0
1561.0 40.0 20.0
1561.0 40.0 20.0
1561.0 40.0 20.0
1561.0 40.0 20.0
1561.0 40.0 20.0
1561.0 40.0 20.0
1561.0 40.0 20.0
1561.0 40.0 20.0
1601.0 41.0 20.0
1601.0 41.0 20.0
1601.0 41.0 20.0
1601.0 41.0 20.0
1641.0 42.0 20.0
1641.0 42.0 20.0
1641.0 42.0 20.0
1641.0 42.0 20.0
1641.0 42.0 20.0
1681.0 43.0 20.0
1681.0 43.0 20.0
1681.0 43.0 20.0
1681.0 43.0 20.0
1681.0 43.0 20.0
1721.0 44.0 20.0
1841.0 47.0 20.0
1841.0 47.0 20.0
1881.0 48.0 20.0
