rev4
81.0 3.0 20.0
153.0 5.0 20.0
161.0 5.0 20.0
161.0 5.0 20.0
161.0 5.0 20.0
161.0 5.0 20.0
161.0 5.0 20.0
193.0 6.0 20.0
201.0 6.0 20.0
201.0 6.0 20.0
201.0 6.0 20.0
201.0 6.0 20.0
201.0 6.0 20.0
201.0 6.0 20.0
201.0 6.0 20.0
201.0 6.0 20.0
201.0 6.0 20.0
201.0 6.0 20.0
201.0 6.0 20.0
201.0 6.0 20.0
201.0 6.0 20.0
201.0 6.0 20.0
201.0 6.0 20.0
201.0 6.0 20.0
201.0 6.0 20.0
201.0 6.0 20.0
201.0 6.0 20.0
201.0 6.0 20.0
201.0 6.0 20.0
201.0 6.0 20.0
201.0 6.0 20.0
233.0 7.0 20.0
233.0 7.0 20.0
233.0 7.0 20.0
233.0 7.0 20.0
233.0 7.0 20.0
233.0 7.0 20.0
241.0 7.0 20.0
241.0 7.0 20.0
241.0 7.0 20.0
241.0 7.0 20.0
241.0 7.0 20.0
241.0 7.0 20.0
241.0 7.0 20.0
241.0 7.0 20.0
241.0 7.0 20.0
241.0 7.0 20.0
241.0 7.0 20.0
241.0 7.0 20.0
241.0 7.0 20.0
241.0 7.0 20.0
241.0 7.0 20.0
241.0 7.0 20.0
241.0 7.0 20.0
241.0 7.0 20.0
241.0 7.0 20.0
241.0 7.0 20.0
241.0 7.0 20.0
249.0 8.0 20.0
257.0 8.0 20.0
265.0 8.0 20.0
273.0 8.0 20.0
273.0 8.0 20.0
273.0 8.0 20.0
273.0 8.0 20.0
273.0 8.0 20.0
273.0 8.0 20.0
273.0 8.0 20.0
273.0 8.0 20.0
273.0 8.0 20.0
273.0 8.0 20.0
281.0 8.0 20.0
281.0 8.0 20.0
281.0 8.0 20.0
281.0 8.0 20.0
281.0 8.0 20.0
281.0 8.0 20.0
281.0 8.0 20.0
281.0 8.0 20.0
281.0 8.0 20.0
305.0 9.0 20.0
305.0 9.0 20.0
305.0 9.0 20.0
305.0 9.0 20.0
305.0 9.0 20.0
305.0 9.0 20.0
313.0 9.0 20.0
313.0 9.0 20.0
313.0 9.0 20.0
313.0 9.0 20.0
337.0 10.0 20.0
337.0 10.0 20.0
345.0 10.0 20.0
353.0 11.0 20.0
353.0 11.0 20.0
369.0 11.0 20.0
369.0 11.0 20.0
377.0 11.0 20.0
433.0 13.0 20.0
441.0 13.0 20.0
