rev4
46161.0 1155.0 20.0
46961.0 1175.0 20.0
47041.0 1177.0 20.0
47281.0 1183.0 20.0
47481.0 1188.0 20.0
47521.0 1189.0 20.0
47561.0 1190.0 20.0
47601.0 1191.0 20.0
47641.0 1192.0 20.0
47681.0 1193.0 20.0
47721.0 1194.0 20.0
47721.0 1194.0 20.0
47721.0 1194.0 20.0
47761.0 1195.0 20.0
47841.0 1197.0 20.0
47921.0 1199.0 20.0
47961.0 1200.0 20.0
47961.0 1200.0 20.0
48161.0 1205.0 20.0
48241.0 1207.0 20.0
48241.0 1207.0 20.0
48361.0 1210.0 20.0
48441.0 1212.0 20.0
48481.0 1213.0 20.0
48481.0 1213.0 20.0
48521.0 1214.0 20.0
48601.0 1216.0 20.0
48641.0 1217.0 20.0
48721.0 1219.0 20.0
48721.0 1219.0 20.0
48721.0 1219.0 20.0
48761.0 1220.0 20.0
48801.0 1221.0 20.0
48801.0 1221.0 20.0
48841.0 1222.0 20.0
48841.0 1222.0 20.0
48961.0 1225.0 20.0
49041.0 1227.0 20.0
49041.0 1227.0 20.0
49041.0 1227.0 20.0
49121.0 1229.0 20.0
49121.0 1229.0 20.0
49161.0 1230.0 20.0
49321.0 1234.0 20.0
49321.0 1234.0 20.0
49401.0 1236.0 20.0
49401.0 1236.0 20.0
49401.0 1236.0 20.0
49441.0 1237.0 20.0
49441.0 1237.0 20.0
49441.0 1237.0 20.0
49561.0 1240.0 20.0
49561.0 1240.0 20.0
49601.0 1241.0 20.0
49601.0 1241.0 20.0
49601.0 1241.0 20.0
49681.0 1243.0 20.0
49721.0 1244.0 20.0
49721.0 1244.0 20.0
49761.0 1245.0 20.0
49761.0 1245.0 20.0
49881.0 1248.0 20.0
49921.0 1249.0 20.0
50001.0 1251.0 20.0
50001.0 1251.0 20.0
50041.0 1252.0 20.0
50081.0 1253.0 20.0
50081.0 1253.0 20.0
50121.0 1254.0 20.0
50121.0 1254.0 20.0
50161.0 1255.0 20.0
50201.0 1256.0 20.0
50241.0 1257.0 20.0
50281.0 1258.0 20.0
50281.0 1258.0 20.0
50321.0 1259.0 20.0
50361.0 1260.0 20.0
50441.0 1262.0 20.0
50481.0 1263.0 20.0
50481.0 1263.0 20.0
50681.0 1268.0 20.0
50761.0 1270.0 20.0
50841.0 1272.0 20.0
50841.0 1272.0 20.0
50961.0 1275.0 20.0
51001.0 1276.0 20.0
51241.0 1282.0 20.0
51401.0 1286.0 20.0
51601.0 1291.0 20.0
51601.0 1291.0 20.0
52041.0 1302.0 20.0
52161.0 1305.0 20.0
52281.0 1308.0 20.0
52441.0 1312.0 20.0
52601.0 1316.0 20.0
52921.0 1324.0 20.0
53201.0 1331.0 20.0
53481.0 1338.0 20.0
53721.0 1344.0 20.0
54041.0 1352.0 20.0
