rev4
3313361.0 82835.0 20.0
3314521.0 82864.0 20.0
3316001.0 82901.0 20.0
3317801.0 82946.0 20.0
3318321.0 82959.0 20.0
3322001.0 83051.0 20.0
3323801.0 83096.0 20.0
3328881.0 83223.0 20.0
3329921.0 83249.0 20.0
3333241.0 83332.0 20.0
3336241.0 83407.0 20.0
3343601.0 83591.0 20.0
3345481.0 83638.0 20.0
3346161.0 83655.0 20.0
3350441.0 83762.0 20.0
3350801.0 83771.0 20.0
3351641.0 83792.0 20.0
3356401.0 83911.0 20.0
3364401.0 84111.0 20.0
3367481.0 84188.0 20.0
3367761.0 84195.0 20.0
3370641.0 84267.0 20.0
3371121.0 84279.0 20.0
3372081.0 84303.0 20.0
3373321.0 84334.0 20.0
3373761.0 84345.0 20.0
3374601.0 84366.0 20.0
3377121.0 84429.0 20.0
3377681.0 84443.0 20.0
3378761.0 84470.0 20.0
3378841.0 84472.0 20.0
3380121.0 84504.0 20.0
3380721.0 84519.0 20.0
3382521.0 84564.0 20.0
3383201.0 84581.0 20.0
3383841.0 84597.0 20.0
3386561.0 84665.0 20.0
3389161.0 84730.0 20.0
3390681.0 84768.0 20.0
3392641.0 84817.0 20.0
3399001.0 84976.0 20.0
3402401.0 85061.0 20.0
3403641.0 85092.0 20.0
3405121.0 85129.0 20.0
3406201.0 85156.0 20.0
3406321.0 85159.0 20.0
3407321.0 85184.0 20.0
3410361.0 85260.0 20.0
3412161.0 85305.0 20.0
3413641.0 85342.0 20.0
3414361.0 85360.0 20.0
3415241.0 85382.0 20.0
3416281.0 85408.0 20.0
3418681.0 85468.0 20.0
3425401.0 85636.0 20.0
3427361.0 85685.0 20.0
3429641.0 85742.0 20.0
3431721.0 85794.0 20.0
3431801.0 85796.0 20.0
3432401.0 85811.0 20.0
3434201.0 85856.0 20.0
3439841.0 85997.0 20.0
3441481.0 86038.0 20.0
3446521.0 86164.0 20.0
3448721.0 86219.0 20.0
3451041.0 86277.0 20.0
3460881.0 86523.0 20.0
3461561.0 86540.0 20.0
3462321.0 86559.0 20.0
3464601.0 86616.0 20.0
3467121.0 86679.0 20.0
3468241.0 86707.0 20.0
3470601.0 86766.0 20.0
3471441.0 86787.0 20.0
3474001.0 86851.0 20.0
3475441.0 86887.0 20.0
3476481.0 86913.0 20.0
3478121.0 86954.0 20.0
3480721.0 87019.0 20.0
3481921.0 87049.0 20.0
3482681.0 87068.0 20.0
3493121.0 87329.0 20.0
3493401.0 87336.0 20.0
3495841.0 87397.0 20.0
3496961.0 87425.0 20.0
3504801.0 87621.0 20.0
3507281.0 87683.0 20.0
3508001.0 87701.0 20.0
3514881.0 87873.0 20.0
3545761.0 88645.0 20.0
3554081.0 88853.0 20.0
3556881.0 88923.0 20.0
3573041.0 89327.0 20.0
3580321.0 89509.0 20.0
3588401.0 89711.0 20.0
3675721.0 91894.0 20.0
3710721.0 92769.0 20.0
3711721.0 92794.0 20.0
3778401.0 94461.0 20.0
3838801.0 95971.0 20.0
