rev4
14281.0 358.0 20.0
14761.0 370.0 20.0
15121.0 379.0 20.0
15401.0 386.0 20.0
15401.0 386.0 20.0
15481.0 388.0 20.0
15521.0 389.0 20.0
15681.0 393.0 20.0
15761.0 395.0 20.0
15801.0 396.0 20.0
15801.0 396.0 20.0
15881.0 398.0 20.0
15881.0 398.0 20.0
15921.0 399.0 20.0
15921.0 399.0 20.0
15961.0 400.0 20.0
16001.0 401.0 20.0
16081.0 403.0 20.0
16081.0 403.0 20.0
16081.0 403.0 20.0
16121.0 404.0 20.0
16161.0 405.0 20.0
16161.0 405.0 20.0
16201.0 406.0 20.0
16201.0 406.0 20.0
16241.0 407.0 20.0
16241.0 407.0 20.0
16281.0 408.0 20.0
16281.0 408.0 20.0
16281.0 408.0 20.0
16361.0 410.0 20.0
16361.0 410.0 20.0
16401.0 411.0 20.0
16401.0 411.0 20.0
16441.0 412.0 20.0
16441.0 412.0 20.0
16441.0 412.0 20.0
16481.0 413.0 20.0
16521.0 414.0 20.0
16521.0 414.0 20.0
16561.0 415.0 20.0
16641.0 417.0 20.0
16641.0 417.0 20.0
16641.0 417.0 20.0
16641.0 417.0 20.0
16721.0 419.0 20.0
16761.0 420.0 20.0
16761.0 420.0 20.0
16761.0 420.0 20.0
16801.0 421.0 20.0
16801.0 421.0 20.0
16841.0 422.0 20.0
16921.0 424.0 20.0
16921.0 424.0 20.0
16961.0 425.0 20.0
17001.0 426.0 20.0
17041.0 427.0 20.0
17081.0 428.0 20.0
17281.0 433.0 20.0
17281.0 433.0 20.0
17281.0 433.0 20.0
17321.0 434.0 20.0
17321.0 434.0 20.0
17361.0 435.0 20.0
17401.0 436.0 20.0
17441.0 437.0 20.0
17441.0 437.0 20.0
17481.0 438.0 20.0
17481.0 438.0 20.0
17561.0 440.0 20.0
17601.0 441.0 20.0
17641.0 442.0 20.0
17681.0 443.0 20.0
17721.0 444.0 20.0
17721.0 444.0 20.0
17761.0 445.0 20.0
17761.0 445.0 20.0
17761.0 445.0 20.0
17841.0 447.0 20.0
18041.0 452.0 20.0
18121.0 454.0 20.0
18281.0 458.0 20.0
18481.0 463.0 20.0
18481.0 463.0 20.0
18481.0 463.0 20.0
18521.0 464.0 20.0
19081.0 478.0 20.0
19161.0 480.0 20.0
19161.0 480.0 20.0
19281.0 483.0 20.0
19361.0 485.0 20.0
19401.0 486.0 20.0
19601.0 491.0 20.0
19761.0 495.0 20.0
20321.0 509.0 20.0
20361.0 510.0 20.0
21041.0 527.0 20.0
21521.0 539.0 20.0
22041.0 552.0 20.0
22681.0 568.0 20.0
