rev4
1021761.0 25545.0 20.0
1022441.0 25562.0 20.0
1025641.0 25642.0 20.0
1038801.0 25971.0 20.0
1043081.0 26078.0 20.0
1043281.0 26083.0 20.0
1049521.0 26239.0 20.0
1049721.0 26244.0 20.0
1051161.0 26280.0 20.0
1055361.0 26385.0 20.0
1056761.0 26420.0 20.0
1058721.0 26469.0 20.0
1059001.0 26476.0 20.0
1061201.0 26531.0 20.0
1063881.0 26598.0 20.0
1064081.0 26603.0 20.0
1067281.0 26683.0 20.0
1070281.0 26758.0 20.0
1071681.0 26793.0 20.0
1072281.0 26808.0 20.0
1072881.0 26823.0 20.0
1073001.0 26826.0 20.0
1074041.0 26852.0 20.0
1074321.0 26859.0 20.0
1074801.0 26871.0 20.0
1075601.0 26891.0 20.0
1075721.0 26894.0 20.0
1076161.0 26905.0 20.0
1076881.0 26923.0 20.0
1077441.0 26937.0 20.0
1077481.0 26938.0 20.0
1078361.0 26960.0 20.0
1078841.0 26972.0 20.0
1079281.0 26983.0 20.0
1079401.0 26986.0 20.0
1079641.0 26992.0 20.0
1080561.0 27015.0 20.0
1080761.0 27020.0 20.0
1081081.0 27028.0 20.0
1081881.0 27048.0 20.0
1082041.0 27052.0 20.0
1082081.0 27053.0 20.0
1083481.0 27088.0 20.0
1084241.0 27107.0 20.0
1084441.0 27112.0 20.0
1084561.0 27115.0 20.0
1084881.0 27123.0 20.0
1086081.0 27153.0 20.0
1086441.0 27162.0 20.0
1087521.0 27189.0 20.0
1088481.0 27213.0 20.0
1089721.0 27244.0 20.0
1091521.0 27289.0 20.0
1091561.0 27290.0 20.0
1091761.0 27295.0 20.0
1092081.0 27303.0 20.0
1093001.0 27326.0 20.0
1094361.0 27360.0 20.0
1094801.0 27371.0 20.0
1095121.0 27379.0 20.0
1097001.0 27426.0 20.0
1098441.0 27462.0 20.0
1099401.0 27486.0 20.0
1099441.0 27487.0 20.0
1100481.0 27513.0 20.0
1101441.0 27537.0 20.0
1102721.0 27569.0 20.0
1102801.0 27571.0 20.0
1103121.0 27579.0 20.0
1103161.0 27580.0 20.0
1103241.0 27582.0 20.0
1103281.0 27583.0 20.0
1104121.0 27604.0 20.0
1104721.0 27619.0 20.0
1105321.0 27634.0 20.0
1106001.0 27651.0 20.0
1108081.0 27703.0 20.0
1108401.0 27711.0 20.0
1110561.0 27765.0 20.0
1110761.0 27770.0 20.0
1116521.0 27914.0 20.0
1118281.0 27958.0 20.0
1119321.0 27984.0 20.0
1119681.0 27993.0 20.0
1120841.0 28022.0 20.0
1121161.0 28030.0 20.0
1128841.0 28222.0 20.0
1129921.0 28249.0 20.0
1130361.0 28260.0 20.0
1131521.0 28289.0 20.0
1138761.0 28470.0 20.0
1138881.0 28473.0 20.0
1143601.0 28591.0 20.0
1145961.0 28650.0 20.0
1169841.0 29247.0 20.0
1185921.0 29649.0 20.0
1187001.0 29676.0 20.0
1194881.0 29873.0 20.0
1205241.0 30132.0 20.0
1261481.0 31538.0 20.0
