rev4
30801.0 771.0 20.0
30881.0 773.0 20.0
30881.0 773.0 20.0
31361.0 785.0 20.0
31481.0 788.0 20.0
31521.0 789.0 20.0
31721.0 794.0 20.0
31881.0 798.0 20.0
31921.0 799.0 20.0
32121.0 804.0 20.0
32201.0 806.0 20.0
32201.0 806.0 20.0
32201.0 806.0 20.0
32201.0 806.0 20.0
32241.0 807.0 20.0
32241.0 807.0 20.0
32241.0 807.0 20.0
32401.0 811.0 20.0
32441.0 812.0 20.0
32561.0 815.0 20.0
32601.0 816.0 20.0
32641.0 817.0 20.0
32681.0 818.0 20.0
32721.0 819.0 20.0
32721.0 819.0 20.0
32721.0 819.0 20.0
32761.0 820.0 20.0
32841.0 822.0 20.0
32881.0 823.0 20.0
32881.0 823.0 20.0
32881.0 823.0 20.0
32921.0 824.0 20.0
32961.0 825.0 20.0
33041.0 827.0 20.0
33041.0 827.0 20.0
33081.0 828.0 20.0
33081.0 828.0 20.0
33121.0 829.0 20.0
33121.0 829.0 20.0
33161.0 830.0 20.0
33161.0 830.0 20.0
33201.0 831.0 20.0
33241.0 832.0 20.0
33361.0 835.0 20.0
33401.0 836.0 20.0
33441.0 837.0 20.0
33561.0 840.0 20.0
33561.0 840.0 20.0
33601.0 841.0 20.0
33601.0 841.0 20.0
33721.0 844.0 20.0
33841.0 847.0 20.0
33881.0 848.0 20.0
33881.0 848.0 20.0
33921.0 849.0 20.0
34041.0 852.0 20.0
34041.0 852.0 20.0
34081.0 853.0 20.0
34121.0 854.0 20.0
34121.0 854.0 20.0
34201.0 856.0 20.0
34201.0 856.0 20.0
34201.0 856.0 20.0
34281.0 858.0 20.0
34321.0 859.0 20.0
34361.0 860.0 20.0
34401.0 861.0 20.0
34481.0 863.0 20.0
34481.0 863.0 20.0
34521.0 864.0 20.0
34521.0 864.0 20.0
34601.0 866.0 20.0
34721.0 869.0 20.0
34721.0 869.0 20.0
34801.0 871.0 20.0
34841.0 872.0 20.0
34961.0 875.0 20.0
35041.0 877.0 20.0
35241.0 882.0 20.0
35281.0 883.0 20.0
35321.0 884.0 20.0
35361.0 885.0 20.0
35401.0 886.0 20.0
35441.0 887.0 20.0
35641.0 892.0 20.0
36161.0 905.0 20.0
36321.0 909.0 20.0
36361.0 910.0 20.0
36361.0 910.0 20.0
36401.0 911.0 20.0
36801.0 921.0 20.0
37241.0 932.0 20.0
37281.0 933.0 20.0
37601.0 941.0 20.0
38041.0 952.0 20.0
38201.0 956.0 20.0
38921.0 974.0 20.0
39721.0 994.0 20.0
40361.0 1010.0 20.0
41281.0 1033.0 20.0
