rev4
4134521.0 103364.0 20.0
4137001.0 103426.0 20.0
4142441.0 103562.0 20.0
4161601.0 104041.0 20.0
4179721.0 104494.0 20.0
4188281.0 104708.0 20.0
4211601.0 105291.0 20.0
4221041.0 105527.0 20.0
4221321.0 105534.0 20.0
4222081.0 105553.0 20.0
4236001.0 105901.0 20.0
4236241.0 105907.0 20.0
4244961.0 106125.0 20.0
4246361.0 106160.0 20.0
4250761.0 106270.0 20.0
4256241.0 106407.0 20.0
4257841.0 106447.0 20.0
4257961.0 106450.0 20.0
4260721.0 106519.0 20.0
4269921.0 106749.0 20.0
4274520.0 106864.0 20.0
4288241.0 107207.0 20.0
4288681.0 107218.0 20.0
4292761.0 107320.0 20.0
4294521.0 107364.0 20.0
4297001.0 107426.0 20.0
4297041.0 107427.0 20.0
4298441.0 107462.0 20.0
4304801.0 107621.0 20.0
4307718.0 107694.0 20.0
4313641.0 107842.0 20.0
4317841.0 107947.0 20.0
4320041.0 108002.0 20.0
4331601.0 108291.0 20.0
4335401.0 108386.0 20.0
4338041.0 108452.0 20.0
4342521.0 108564.0 20.0
4344881.0 108623.0 20.0
4345681.0 108643.0 20.0
4350121.0 108754.0 20.0
4359401.0 108986.0 20.0
4361081.0 109028.0 20.0
4362681.0 109068.0 20.0
4364281.0 109108.0 20.0
4366481.0 109163.0 20.0
4372641.0 109317.0 20.0
4373041.0 109327.0 20.0
4375641.0 109392.0 20.0
4377121.0 109429.0 20.0
4378161.0 109455.0 20.0
4379321.0 109484.0 20.0
4382721.0 109569.0 20.0
4401001.0 110026.0 20.0
4401121.0 110029.0 20.0
4404441.0 110112.0 20.0
4404681.0 110118.0 20.0
4410201.0 110256.0 20.0
4416001.0 110401.0 20.0
4417561.0 110440.0 20.0
4418721.0 110469.0 20.0
4426481.0 110663.0 20.0
4427200.0 110681.0 20.0
4428121.0 110704.0 20.0
4432641.0 110817.0 20.0
4435001.0 110876.0 20.0
4437521.0 110939.0 20.0
4438801.0 110971.0 20.0
4439801.0 110996.0 20.0
4444601.0 111116.0 20.0
4444921.0 111124.0 20.0
4448921.0 111224.0 20.0
4453401.0 111336.0 20.0
4456641.0 111417.0 20.0
4458081.0 111453.0 20.0
4464801.0 111621.0 20.0
4483041.0 112077.0 20.0
4484981.0 112126.0 20.0
4491241.0 112282.0 20.0
4491641.0 112292.0 20.0
4493401.0 112336.0 20.0
4501641.0 112542.0 20.0
4515761.0 112895.0 20.0
4517241.0 112932.0 20.0
4533081.0 113328.0 20.0
4549681.0 113743.0 20.0
4564721.0 114119.0 20.0
4603321.0 115084.0 20.0
4618761.0 115470.0 20.0
4622401.0 115561.0 20.0
4633161.0 115830.0 20.0
4637161.0 115930.0 20.0
4646001.0 116151.0 20.0
4672881.0 116823.0 20.0
4687201.0 117181.0 20.0
4688201.0 117206.0 20.0
4757121.0 118929.0 20.0
4845401.0 121136.0 20.0
4847661.0 121193.0 20.0
4959401.0 123986.0 20.0
5063321.0 126584.0 20.0
