rev4
253041.0 6327.0 20.0
254361.0 6360.0 20.0
257201.0 6431.0 20.0
258601.0 6466.0 20.0
258681.0 6468.0 20.0
258721.0 6469.0 20.0
258921.0 6474.0 20.0
259321.0 6484.0 20.0
259401.0 6486.0 20.0
260521.0 6514.0 20.0
260521.0 6514.0 20.0
260921.0 6524.0 20.0
261961.0 6550.0 20.0
262041.0 6552.0 20.0
262201.0 6556.0 20.0
262801.0 6571.0 20.0
262841.0 6572.0 20.0
263081.0 6578.0 20.0
264201.0 6606.0 20.0
264321.0 6609.0 20.0
264761.0 6620.0 20.0
264921.0 6624.0 20.0
264961.0 6625.0 20.0
265001.0 6626.0 20.0
265481.0 6638.0 20.0
265801.0 6646.0 20.0
266001.0 6651.0 20.0
266161.0 6655.0 20.0
266321.0 6659.0 20.0
266401.0 6661.0 20.0
267041.0 6677.0 20.0
267161.0 6680.0 20.0
267241.0 6682.0 20.0
267441.0 6687.0 20.0
267721.0 6694.0 20.0
268361.0 6710.0 20.0
268601.0 6716.0 20.0
268681.0 6718.0 20.0
268961.0 6725.0 20.0
269001.0 6726.0 20.0
269041.0 6727.0 20.0
269401.0 6736.0 20.0
269441.0 6737.0 20.0
269681.0 6743.0 20.0
270361.0 6760.0 20.0
271081.0 6778.0 20.0
271841.0 6797.0 20.0
272041.0 6802.0 20.0
273201.0 6831.0 20.0
273921.0 6849.0 20.0
274041.0 6852.0 20.0
274321.0 6859.0 20.0
274401.0 6861.0 20.0
275361.0 6885.0 20.0
275641.0 6892.0 20.0
276201.0 6906.0 20.0
276201.0 6906.0 20.0
276401.0 6911.0 20.0
276521.0 6914.0 20.0
276641.0 6917.0 20.0
277481.0 6938.0 20.0
277881.0 6948.0 20.0
278281.0 6958.0 20.0
279001.0 6976.0 20.0
279001.0 6976.0 20.0
279361.0 6985.0 20.0
280201.0 7006.0 20.0
280561.0 7015.0 20.0
280761.0 7020.0 20.0
280801.0 7021.0 20.0
280961.0 7025.0 20.0
281121.0 7029.0 20.0
281441.0 7037.0 20.0
281601.0 7041.0 20.0
283641.0 7092.0 20.0
284041.0 7102.0 20.0
284561.0 7115.0 20.0
285121.0 7129.0 20.0
285441.0 7137.0 20.0
286001.0 7151.0 20.0
286121.0 7154.0 20.0
286521.0 7164.0 20.0
287081.0 7178.0 20.0
287361.0 7185.0 20.0
289201.0 7231.0 20.0
290321.0 7259.0 20.0
290801.0 7271.0 20.0
291641.0 7292.0 20.0
292721.0 7319.0 20.0
293201.0 7331.0 20.0
293241.0 7332.0 20.0
293321.0 7334.0 20.0
293761.0 7345.0 20.0
297761.0 7445.0 20.0
298601.0 7466.0 20.0
299921.0 7499.0 20.0
301361.0 7535.0 20.0
303401.0 7586.0 20.0
303721.0 7594.0 20.0
303961.0 7600.0 20.0
