rev4
2058561.0 51465.0 20.0
2077961.0 51950.0 20.0
2079721.0 51994.0 20.0
2091241.0 52282.0 20.0
2098041.0 52452.0 20.0
2102521.0 52564.0 20.0
2104081.0 52603.0 20.0
2105321.0 52634.0 20.0
2107761.0 52695.0 20.0
2109401.0 52736.0 20.0
2117681.0 52943.0 20.0
2120961.0 53025.0 20.0
2121881.0 53048.0 20.0
2125801.0 53146.0 20.0
2126761.0 53170.0 20.0
2130001.0 53251.0 20.0
2131841.0 53297.0 20.0
2137241.0 53432.0 20.0
2138681.0 53468.0 20.0
2138921.0 53474.0 20.0
2140081.0 53503.0 20.0
2142961.0 53575.0 20.0
2143801.0 53596.0 20.0
2144601.0 53616.0 20.0
2157281.0 53933.0 20.0
2159441.0 53987.0 20.0
2159721.0 53994.0 20.0
2162441.0 54062.0 20.0
2166041.0 54152.0 20.0
2167601.0 54191.0 20.0
2168961.0 54225.0 20.0
2169121.0 54229.0 20.0
2173481.0 54338.0 20.0
2174401.0 54361.0 20.0
2174921.0 54374.0 20.0
2185881.0 54648.0 20.0
2186201.0 54656.0 20.0
2189201.0 54731.0 20.0
2190281.0 54758.0 20.0
2190721.0 54769.0 20.0
2191601.0 54791.0 20.0
2196961.0 54925.0 20.0
2198641.0 54967.0 20.0
2198881.0 54973.0 20.0
2202081.0 55053.0 20.0
2202681.0 55068.0 20.0
2203601.0 55091.0 20.0
2203841.0 55097.0 20.0
2204361.0 55110.0 20.0
2205241.0 55132.0 20.0
2208321.0 55209.0 20.0
2209521.0 55239.0 20.0
2210041.0 55252.0 20.0
2210081.0 55253.0 20.0
2210561.0 55265.0 20.0
2212241.0 55307.0 20.0
2214321.0 55359.0 20.0
2218201.0 55456.0 20.0
2224121.0 55604.0 20.0
2224321.0 55609.0 20.0
2224481.0 55613.0 20.0
2231521.0 55789.0 20.0
2232241.0 55807.0 20.0
2233401.0 55836.0 20.0
2234521.0 55864.0 20.0
2235321.0 55884.0 20.0
2236761.0 55920.0 20.0
2242521.0 56064.0 20.0
2244801.0 56121.0 20.0
2246521.0 56164.0 20.0
2247081.0 56178.0 20.0
2247961.0 56200.0 20.0
2248281.0 56208.0 20.0
2249641.0 56242.0 20.0
2250401.0 56261.0 20.0
2260041.0 56502.0 20.0
2262561.0 56565.0 20.0
2263881.0 56598.0 20.0
2264081.0 56603.0 20.0
2264401.0 56611.0 20.0
2265161.0 56630.0 20.0
2280081.0 57003.0 20.0
2285761.0 57145.0 20.0
2289361.0 57235.0 20.0
2296561.0 57415.0 20.0
2306921.0 57674.0 20.0
2310561.0 57765.0 20.0
2334481.0 58363.0 20.0
2335041.0 58377.0 20.0
2337041.0 58427.0 20.0
2345760.0 58645.0 20.0
2348001.0 58701.0 20.0
2353481.0 58838.0 20.0
2364481.0 59113.0 20.0
2368601.0 59216.0 20.0
2377041.0 59427.0 20.0
2392961.0 59825.0 20.0
2409641.0 60242.0 20.0
2434121.0 60854.0 20.0
2507881.0 62698.0 20.0
