rev4
1.1081112E7 554218.0 10.0
1.133716E7 567037.0 10.0
1.1341562E7 567254.0 10.0
1.1404684E7 570415.0 10.0
1.1452185E7 572775.0 10.0
1.1498991E7 575123.0 10.0
1.1596463E7 579992.0 10.0
1.1604016E7 580380.0 10.0
1.1663755E7 583371.0 10.0
1.1671135E7 583754.0 10.0
1.1678156E7 584082.0 10.0
1.170279E7 585314.0 10.0
1.1703426E7 585347.0 10.0
1.1712293E7 585786.0 10.0
1.1723851E7 586359.0 10.0
1.172979E7 586669.0 10.0
1.1732492E7 586798.0 10.0
1.174067E7 587211.0 10.0
1.1745712E7 587469.0 10.0
1.1772413E7 588804.0 10.0
1.1776848E7 589017.0 10.0
1.1798671E7 590108.0 10.0
1.1853882E7 592891.0 10.0
1.1874586E7 593918.0 10.0
1.1911087E7 595742.0 10.0
1.1911695E7 595749.0 10.0
1.1914854E7 595918.0 10.0
1.1932827E7 596828.0 10.0
1.193343E7 596859.0 10.0
1.1957429E7 598060.0 10.0
1.1971994E7 598805.0 10.0
1.197479E7 598928.0 10.0
1.1975081E7 598946.0 10.0
1.1999395E7 600155.0 10.0
1.2012628E7 600812.0 10.0
1.2018111E7 601083.0 10.0
1.2031901E7 601791.0 10.0
1.2037203E7 602035.0 10.0
1.2114196E7 605897.0 10.0
1.2114763E7 605921.0 10.0
1.2142786E7 607324.0 10.0
1.2175476E7 608961.0 10.0
1.218061E7 609217.0 10.0
1.2187381E7 609544.0 10.0
1.2197077E7 610049.0 10.0
1.2206271E7 610499.0 10.0
1.2209345E7 610647.0 10.0
1.2248943E7 612636.0 10.0
1.2287424E7 614552.0 10.0
1.2291981E7 614793.0 10.0
1.2317214E7 616044.0 10.0
1.2328866E7 616629.0 10.0
1.2351553E7 617758.0 10.0
1.2377541E7 619062.0 10.0
1.2395089E7 619937.0 10.0
1.2427288E7 621546.0 10.0
1.2438415E7 622111.0 10.0
1.2458907E7 623126.0 10.0
1.2474021E7 623905.0 10.0
1.247895E7 624128.0 10.0
1.2484245E7 624404.0 10.0
1.2496806E7 625042.0 10.0
1.2528494E7 626615.0 10.0
1.2575892E7 628989.0 10.0
1.2597682E7 630065.0 10.0
1.2633037E7 631843.0 10.0
1.2662627E7 633325.0 10.0
1.2684102E7 634397.0 10.0
1.2694307E7 634920.0 10.0
1.2749639E7 637668.0 10.0
1.2760784E7 638242.0 10.0
1.2775753E7 638987.0 10.0
1.2792457E7 639812.0 10.0
1.2798108E7 640102.0 10.0
1.2833209E7 641862.0 10.0
1.2934956E7 646949.0 10.0
1.2984629E7 649435.0 10.0
1.3005339E7 650479.0 10.0
1.3041675E7 652286.0 10.0
1.3063124E7 653355.0 10.0
1.3068378E7 653608.0 10.0
1.3081337E7 654250.0 10.0
1.312567E7 656480.0 10.0
1.3164263E7 658424.0 10.0
1.3202256E7 660335.0 10.0
1.3262525E7 663318.0 10.0
1.3283183E7 664357.0 10.0
1.3296185E7 665034.0 10.0
1.338448E7 669424.0 10.0
1.3385573E7 669483.0 10.0
1.338651E7 669520.0 10.0
1.3462308E7 673325.0 10.0
1.3531259E7 676788.0 10.0
1.3626657E7 681546.0 10.0
1.375543E7 687992.0 10.0
1.3977605E7 699101.0 10.0
1.4117395E7 706087.0 10.0
1.4298748E7 715168.0 10.0
1.4433591E7 721886.0 10.0
1.4865697E7 743509.0 10.0
