rev4
7200.0 361.0 10.0
7400.0 371.0 10.0
7461.0 374.0 10.0
7521.0 377.0 10.0
7561.0 379.0 10.0
7641.0 383.0 10.0
7740.0 388.0 10.0
7801.0 391.0 10.0
7919.0 397.0 10.0
7951.0 399.0 10.0
7981.0 400.0 10.0
8079.0 405.0 10.0
8091.0 406.0 10.0
8120.0 407.0 10.0
8121.0 407.0 10.0
8140.0 408.0 10.0
8160.0 409.0 10.0
8161.0 409.0 10.0
8170.0 410.0 10.0
8181.0 410.0 10.0
8181.0 410.0 10.0
8201.0 411.0 10.0
8211.0 412.0 10.0
8221.0 412.0 10.0
8221.0 412.0 10.0
8259.0 414.0 10.0
8261.0 414.0 10.0
8279.0 415.0 10.0
8281.0 415.0 10.0
8301.0 416.0 10.0
8320.0 417.0 10.0
8340.0 418.0 10.0
8359.0 419.0 10.0
8361.0 419.0 10.0
8381.0 420.0 10.0
8391.0 421.0 10.0
8461.0 424.0 10.0
8461.0 424.0 10.0
8461.0 424.0 10.0
8481.0 425.0 10.0
8501.0 426.0 10.0
8501.0 426.0 10.0
8521.0 427.0 10.0
8529.0 428.0 10.0
8540.0 428.0 10.0
8551.0 429.0 10.0
8560.0 429.0 10.0
8600.0 431.0 10.0
8600.0 431.0 10.0
8601.0 431.0 10.0
8601.0 431.0 10.0
8621.0 432.0 10.0
8651.0 434.0 10.0
8661.0 434.0 10.0
8678.0 435.0 10.0
8681.0 435.0 10.0
8690.0 436.0 10.0
8700.0 436.0 10.0
8730.0 438.0 10.0
8781.0 440.0 10.0
8817.0 442.0 10.0
8829.0 443.0 10.0
8839.0 443.0 10.0
8868.0 445.0 10.0
8871.0 445.0 10.0
8871.0 445.0 10.0
8880.0 445.0 10.0
8901.0 446.0 10.0
8920.0 447.0 10.0
8920.0 447.0 10.0
8938.0 448.0 10.0
8940.0 448.0 10.0
8960.0 449.0 10.0
8961.0 449.0 10.0
8971.0 450.0 10.0
8980.0 450.0 10.0
9028.0 453.0 10.0
9031.0 453.0 10.0
9040.0 453.0 10.0
9140.0 458.0 10.0
9141.0 458.0 10.0
9169.0 460.0 10.0
9180.0 460.0 10.0
9190.0 461.0 10.0
9221.0 462.0 10.0
9231.0 463.0 10.0
9301.0 466.0 10.0
9319.0 467.0 10.0
9461.0 474.0 10.0
9481.0 475.0 10.0
9500.0 476.0 10.0
9580.0 480.0 10.0
9601.0 481.0 10.0
9740.0 488.0 10.0
9741.0 488.0 10.0
9760.0 489.0 10.0
9841.0 493.0 10.0
9921.0 497.0 10.0
9961.0 499.0 10.0
10120.0 507.0 10.0
