rev4
143995.0 7203.0 10.0
145575.0 7281.0 10.0
146323.0 7319.0 10.0
147798.0 7395.0 10.0
148875.0 7447.0 10.0
149300.0 7469.0 10.0
149349.0 7472.0 10.0
149747.0 7490.0 10.0
149939.0 7500.0 10.0
150023.0 7504.0 10.0
150296.0 7518.0 10.0
150822.0 7544.0 10.0
151115.0 7558.0 10.0
151594.0 7582.0 10.0
151710.0 7588.0 10.0
151782.0 7593.0 10.0
151823.0 7595.0 10.0
151890.0 7597.0 10.0
151929.0 7600.0 10.0
151934.0 7600.0 10.0
152344.0 7619.0 10.0
152489.0 7629.0 10.0
152685.0 7637.0 10.0
152796.0 7642.0 10.0
152960.0 7651.0 10.0
153484.0 7677.0 10.0
153669.0 7686.0 10.0
153670.0 7689.0 10.0
153733.0 7690.0 10.0
153748.0 7691.0 10.0
153827.0 7693.0 10.0
153829.0 7694.0 10.0
153926.0 7699.0 10.0
153961.0 7701.0 10.0
153962.0 7703.0 10.0
154030.0 7704.0 10.0
154484.0 7729.0 10.0
154633.0 7735.0 10.0
154748.0 7741.0 10.0
155918.0 7800.0 10.0
155945.0 7803.0 10.0
156499.0 7828.0 10.0
156861.0 7846.0 10.0
157251.0 7866.0 10.0
157499.0 7877.0 10.0
157672.0 7886.0 10.0
157730.0 7890.0 10.0
157852.0 7895.0 10.0
158044.0 7905.0 10.0
158477.0 7928.0 10.0
158583.0 7932.0 10.0
158725.0 7939.0 10.0
158949.0 7951.0 10.0
158998.0 7954.0 10.0
159112.0 7960.0 10.0
159331.0 7971.0 10.0
159671.0 7988.0 10.0
159797.0 7993.0 10.0
159910.0 7998.0 10.0
159985.0 8002.0 10.0
160315.0 8018.0 10.0
161392.0 8073.0 10.0
161490.0 8078.0 10.0
161912.0 8102.0 10.0
162171.0 8111.0 10.0
162430.0 8124.0 10.0
162439.0 8127.0 10.0
162468.0 8128.0 10.0
162711.0 8138.0 10.0
162802.0 8143.0 10.0
163441.0 8175.0 10.0
164401.0 8224.0 10.0
164860.0 8248.0 10.0
164891.0 8248.0 10.0
165057.0 8256.0 10.0
166385.0 8322.0 10.0
166579.0 8333.0 10.0
166945.0 8350.0 10.0
167306.0 8367.0 10.0
167774.0 8391.0 10.0
168319.0 8419.0 10.0
168320.0 8418.0 10.0
168380.0 8423.0 10.0
168723.0 8440.0 10.0
168960.0 8451.0 10.0
169342.0 8472.0 10.0
169959.0 8503.0 10.0
170358.0 8520.0 10.0
170396.0 8524.0 10.0
170962.0 8550.0 10.0
171202.0 8565.0 10.0
171209.0 8563.0 10.0
171899.0 8598.0 10.0
174268.0 8719.0 10.0
175595.0 8783.0 10.0
177557.0 8880.0 10.0
179096.0 8959.0 10.0
179282.0 8966.0 10.0
186420.0 9325.0 10.0
200083.0 10007.0 10.0
