rev4
4.7505504E7 2375999.0 10.0
4.7829101E7 2392190.0 10.0
4.789665E7 2395550.0 10.0
4.7915581E7 2396510.0 10.0
4.8394529E7 2420466.0 10.0
4.8982781E7 2449903.0 10.0
4.8990654E7 2450272.0 10.0
4.9155099E7 2458516.0 10.0
4.9222067E7 2461834.0 10.0
4.9285679E7 2465035.0 10.0
4.9336383E7 2467547.0 10.0
4.9378011E7 2469667.0 10.0
4.938802E7 2470161.0 10.0
4.9424609E7 2471979.0 10.0
4.9435633E7 2472536.0 10.0
4.9444038E7 2472955.0 10.0
4.9453579E7 2473457.0 10.0
4.9486612E7 2475094.0 10.0
4.9615354E7 2481509.0 10.0
4.9678433E7 2484671.0 10.0
4.9704005E7 2485983.0 10.0
4.9744983E7 2488009.0 10.0
4.980853E7 2491167.0 10.0
4.9828103E7 2492151.0 10.0
4.9875432E7 2494515.0 10.0
4.9879897E7 2494711.0 10.0
4.9968472E7 2499242.0 10.0
5.0000525E7 2500843.0 10.0
5.0011311E7 2501345.0 10.0
5.0066976E7 2504065.0 10.0
5.0154977E7 2508495.0 10.0
5.0192207E7 2510366.0 10.0
5.0192496E7 2510380.0 10.0
5.0291986E7 2515359.0 10.0
5.0301415E7 2515834.0 10.0
5.0400994E7 2520807.0 10.0
5.044875E7 2523220.0 10.0
5.0488939E7 2525228.0 10.0
5.0540251E7 2527766.0 10.0
5.0564598E7 2529026.0 10.0
5.0629397E7 2532244.0 10.0
5.0633594E7 2532442.0 10.0
5.0684722E7 2535009.0 10.0
5.0734393E7 2537497.0 10.0
5.0736057E7 2537588.0 10.0
5.0850612E7 2543297.0 10.0
5.0895207E7 2545505.0 10.0
5.0945627E7 2548062.0 10.0
5.1041933E7 2552847.0 10.0
5.1056407E7 2553591.0 10.0
5.1141272E7 2557809.0 10.0
5.1191192E7 2560342.0 10.0
5.1212859E7 2561453.0 10.0
5.125162E7 2563350.0 10.0
5.134374E7 2567957.0 10.0
5.1443156E7 2572962.0 10.0
5.1492746E7 2575427.0 10.0
5.149726E7 2575655.0 10.0
5.1626249E7 2582106.0 10.0
5.1700196E7 2585785.0 10.0
5.1727582E7 2587187.0 10.0
5.1741794E7 2587908.0 10.0
5.182492E7 2592024.0 10.0
5.1941572E7 2597862.0 10.0
5.1989521E7 2600269.0 10.0
5.2078922E7 2604749.0 10.0
5.2102703E7 2605925.0 10.0
5.2178157E7 2609671.0 10.0
5.2260408E7 2613813.0 10.0
5.2278472E7 2614719.0 10.0
5.234357E7 2617971.0 10.0
5.2553775E7 2628498.0 10.0
5.2578832E7 2629750.0 10.0
5.2594033E7 2630531.0 10.0
5.2713812E7 2636485.0 10.0
5.2759828E7 2638820.0 10.0
5.2801195E7 2640856.0 10.0
5.2812158E7 2641404.0 10.0
5.2978346E7 2649719.0 10.0
5.3197876E7 2660736.0 10.0
5.3221415E7 2661878.0 10.0
5.3326398E7 2667103.0 10.0
5.3387747E7 2670181.0 10.0
5.3445844E7 2673106.0 10.0
5.3715271E7 2686598.0 10.0
5.3786192E7 2690144.0 10.0
5.3895584E7 2695617.0 10.0
5.4026162E7 2702122.0 10.0
5.4064653E7 2704045.0 10.0
5.4185464E7 2710111.0 10.0
5.4287361E7 2715220.0 10.0
5.4566056E7 2729124.0 10.0
5.4810928E7 2741341.0 10.0
5.4928167E7 2747223.0 10.0
5.5178925E7 2759781.0 10.0
5.5754776E7 2788614.0 10.0
5.7241506E7 2862947.0 10.0
5.7607675E7 2881286.0 10.0
5.8340639E7 2917926.0 10.0
5.965662E7 2983760.0 10.0
