rev4
299926.0 15001.0 10.0
302688.0 15139.0 10.0
303556.0 15182.0 10.0
306163.0 15315.0 10.0
306572.0 15334.0 10.0
307043.0 15359.0 10.0
308385.0 15426.0 10.0
308798.0 15444.0 10.0
309294.0 15469.0 10.0
309719.0 15492.0 10.0
310497.0 15532.0 10.0
310743.0 15542.0 10.0
311008.0 15555.0 10.0
311671.0 15590.0 10.0
312101.0 15614.0 10.0
312285.0 15619.0 10.0
312801.0 15646.0 10.0
312895.0 15651.0 10.0
313040.0 15657.0 10.0
313847.0 15700.0 10.0
313976.0 15703.0 10.0
314292.0 15721.0 10.0
315202.0 15766.0 10.0
315519.0 15783.0 10.0
315949.0 15803.0 10.0
316299.0 15822.0 10.0
320204.0 16014.0 10.0
321398.0 16076.0 10.0
321526.0 16081.0 10.0
321574.0 16083.0 10.0
321914.0 16101.0 10.0
321931.0 16101.0 10.0
322343.0 16123.0 10.0
322770.0 16144.0 10.0
322927.0 16151.0 10.0
322943.0 16152.0 10.0
322965.0 16157.0 10.0
323772.0 16193.0 10.0
324301.0 16221.0 10.0
325749.0 16295.0 10.0
325752.0 16292.0 10.0
326644.0 16338.0 10.0
326784.0 16345.0 10.0
326981.0 16355.0 10.0
327083.0 16361.0 10.0
327375.0 16374.0 10.0
327417.0 16375.0 10.0
327577.0 16385.0 10.0
327796.0 16398.0 10.0
327897.0 16401.0 10.0
327983.0 16406.0 10.0
329027.0 16457.0 10.0
329149.0 16463.0 10.0
329355.0 16473.0 10.0
329411.0 16476.0 10.0
329699.0 16492.0 10.0
330011.0 16505.0 10.0
330680.0 16538.0 10.0
330734.0 16543.0 10.0
331659.0 16592.0 10.0
331680.0 16589.0 10.0
331892.0 16600.0 10.0
332069.0 16609.0 10.0
332495.0 16630.0 10.0
333165.0 16665.0 10.0
333170.0 16663.0 10.0
334340.0 16723.0 10.0
334654.0 16738.0 10.0
334994.0 16753.0 10.0
336073.0 16809.0 10.0
337412.0 16877.0 10.0
337750.0 16894.0 10.0
338018.0 16907.0 10.0
339182.0 16965.0 10.0
339198.0 16966.0 10.0
339210.0 16967.0 10.0
339283.0 16971.0 10.0
339508.0 16981.0 10.0
340091.0 17010.0 10.0
342669.0 17140.0 10.0
342833.0 17148.0 10.0
344231.0 17220.0 10.0
345212.0 17267.0 10.0
345568.0 17284.0 10.0
345647.0 17288.0 10.0
347031.0 17358.0 10.0
350116.0 17511.0 10.0
350754.0 17544.0 10.0
353163.0 17663.0 10.0
355893.0 17800.0 10.0
356986.0 17856.0 10.0
358948.0 17954.0 10.0
361012.0 18058.0 10.0
364251.0 18217.0 10.0
365968.0 18302.0 10.0
374388.0 18728.0 10.0
374546.0 18735.0 10.0
374645.0 18737.0 10.0
378510.0 18930.0 10.0
384635.0 19237.0 10.0
