rev4
1659.0 84.0 10.0
1701.0 86.0 10.0
1739.0 88.0 10.0
1740.0 88.0 10.0
1741.0 88.0 10.0
1761.0 89.0 10.0
1781.0 90.0 10.0
1801.0 91.0 10.0
1811.0 92.0 10.0
1821.0 92.0 10.0
1821.0 92.0 10.0
1821.0 92.0 10.0
1861.0 94.0 10.0
1861.0 94.0 10.0
1881.0 95.0 10.0
1881.0 95.0 10.0
1901.0 96.0 10.0
1901.0 96.0 10.0
1901.0 96.0 10.0
1901.0 96.0 10.0
1901.0 96.0 10.0
1901.0 96.0 10.0
1921.0 97.0 10.0
1921.0 97.0 10.0
1921.0 97.0 10.0
1921.0 97.0 10.0
1921.0 97.0 10.0
1941.0 98.0 10.0
1941.0 98.0 10.0
1941.0 98.0 10.0
1941.0 98.0 10.0
1941.0 98.0 10.0
1949.0 99.0 10.0
1960.0 99.0 10.0
1961.0 99.0 10.0
1981.0 100.0 10.0
1981.0 100.0 10.0
1981.0 100.0 10.0
1981.0 100.0 10.0
1981.0 100.0 10.0
2001.0 101.0 10.0
2001.0 101.0 10.0
2001.0 101.0 10.0
2001.0 101.0 10.0
2001.0 101.0 10.0
2021.0 102.0 10.0
2021.0 102.0 10.0
2021.0 102.0 10.0
2031.0 103.0 10.0
2041.0 103.0 10.0
2041.0 103.0 10.0
2061.0 104.0 10.0
2061.0 104.0 10.0
2080.0 105.0 10.0
2080.0 105.0 10.0
2081.0 105.0 10.0
2081.0 105.0 10.0
2081.0 105.0 10.0
2091.0 106.0 10.0
2101.0 106.0 10.0
2101.0 106.0 10.0
2120.0 107.0 10.0
2121.0 107.0 10.0
2140.0 108.0 10.0
2141.0 108.0 10.0
2141.0 108.0 10.0
2141.0 108.0 10.0
2161.0 109.0 10.0
2161.0 109.0 10.0
2181.0 110.0 10.0
2181.0 110.0 10.0
2191.0 111.0 10.0
2201.0 111.0 10.0
2201.0 111.0 10.0
2201.0 111.0 10.0
2201.0 111.0 10.0
2201.0 111.0 10.0
2221.0 112.0 10.0
2221.0 112.0 10.0
2240.0 113.0 10.0
2241.0 113.0 10.0
2241.0 113.0 10.0
2241.0 113.0 10.0
2261.0 114.0 10.0
2271.0 115.0 10.0
2271.0 115.0 10.0
2281.0 115.0 10.0
2281.0 115.0 10.0
2281.0 115.0 10.0
2281.0 115.0 10.0
2299.0 116.0 10.0
2301.0 116.0 10.0
2301.0 116.0 10.0
2301.0 116.0 10.0
2341.0 118.0 10.0
2461.0 124.0 10.0
2461.0 124.0 10.0
2521.0 127.0 10.0
2681.0 135.0 10.0
2821.0 142.0 10.0
