rev4
9.6386721E7 4820807.0 10.0
9.8959451E7 4949487.0 10.0
9.9028139E7 4952901.0 10.0
9.9151831E7 4959099.0 10.0
9.922393E7 4962622.0 10.0
9.9398199E7 4971433.0 10.0
1.00088199E8 5005960.0 10.0
1.00109687E8 5007016.0 10.0
1.00268286E8 5014963.0 10.0
1.00278178E8 5015412.0 10.0
1.00310331E8 5017012.0 10.0
1.00377458E8 5020382.0 10.0
1.00647897E8 5033915.0 10.0
1.00751548E8 5039053.0 10.0
1.01184294E8 5060766.0 10.0
1.01227293E8 5062904.0 10.0
1.01243291E8 5063728.0 10.0
1.01524784E8 5077776.0 10.0
1.01691433E8 5086109.0 10.0
1.01731546E8 5088121.0 10.0
1.0200837E8 5101970.0 10.0
1.02086132E8 5105896.0 10.0
1.02153689E8 5109272.0 10.0
1.02252245E8 5114165.0 10.0
1.02255932E8 5114372.0 10.0
1.02321796E8 5117648.0 10.0
1.02525237E8 5127829.0 10.0
1.02606834E8 5131886.0 10.0
1.02642748E8 5133693.0 10.0
1.02671579E8 5135148.0 10.0
1.02739201E8 5138555.0 10.0
1.02807738E8 5141945.0 10.0
1.02854271E8 5144261.0 10.0
1.02944703E8 5148787.0 10.0
1.02972398E8 5150172.0 10.0
1.03071075E8 5155147.0 10.0
1.0335905E8 5169513.0 10.0
1.03360668E8 5169603.0 10.0
1.03466832E8 5174952.0 10.0
1.0358802E8 5180957.0 10.0
1.03713246E8 5187213.0 10.0
1.03872325E8 5195171.0 10.0
1.03881829E8 5195675.0 10.0
1.04228929E8 5213052.0 10.0
1.04359809E8 5219591.0 10.0
1.0449247E8 5226223.0 10.0
1.0451551E8 5227371.0 10.0
1.04547246E8 5228931.0 10.0
1.04796395E8 5241437.0 10.0
1.0483152E8 5243195.0 10.0
1.04915976E8 5247314.0 10.0
1.05091685E8 5256177.0 10.0
1.05118752E8 5257563.0 10.0
1.05145143E8 5258829.0 10.0
1.05213378E8 5262252.0 10.0
1.05420147E8 5272613.0 10.0
1.05521306E8 5277662.0 10.0
1.05599829E8 5281583.0 10.0
1.05951832E8 5299159.0 10.0
1.06000023E8 5301605.0 10.0
1.06008974E8 5302030.0 10.0
1.0606709E8 5304957.0 10.0
1.06233636E8 5313275.0 10.0
1.06671197E8 5335181.0 10.0
1.06688797E8 5336058.0 10.0
1.07132175E8 5358226.0 10.0
1.07172755E8 5360289.0 10.0
1.07193526E8 5361346.0 10.0
1.0751007E8 5377184.0 10.0
1.07653234E8 5384320.0 10.0
1.07786544E8 5390981.0 10.0
1.08105358E8 5406895.0 10.0
1.08386478E8 5420953.0 10.0
1.08441708E8 5423712.0 10.0
1.08460654E8 5424715.0 10.0
1.08513146E8 5427318.0 10.0
1.08654143E8 5434357.0 10.0
1.09110282E8 5457198.0 10.0
1.09158893E8 5459571.0 10.0
1.09661072E8 5484694.0 10.0
1.09677452E8 5485538.0 10.0
1.09796562E8 5491460.0 10.0
1.10135847E8 5508460.0 10.0
1.1025032E8 5514177.0 10.0
1.10350138E8 5519176.0 10.0
1.10812603E8 5542267.0 10.0
1.10897328E8 5546568.0 10.0
1.11176E8 5560507.0 10.0
1.11688891E8 5586138.0 10.0
1.11783078E8 5590861.0 10.0
1.12101034E8 5606712.0 10.0
1.12332493E8 5618331.0 10.0
1.12781294E8 5640772.0 10.0
1.13043205E8 5653888.0 10.0
1.14805186E8 5742011.0 10.0
1.15231181E8 5763345.0 10.0
1.15861557E8 5794837.0 10.0
1.1751911E8 5877733.0 10.0
1.25440365E8 6273976.0 10.0
1.27788606E8 6391365.0 10.0
