rev4
2622855.0 131182.0 10.0
2664431.0 133262.0 10.0
2666059.0 133348.0 10.0
2666238.0 133348.0 10.0
2681439.0 134117.0 10.0
2689521.0 134520.0 10.0
2691218.0 134606.0 10.0
2694624.0 134772.0 10.0
2698327.0 134953.0 10.0
2708680.0 135473.0 10.0
2709889.0 135531.0 10.0
2722066.0 136145.0 10.0
2735278.0 136813.0 10.0
2738096.0 136948.0 10.0
2738282.0 136957.0 10.0
2742222.0 137156.0 10.0
2743792.0 137230.0 10.0
2750681.0 137571.0 10.0
2752541.0 137672.0 10.0
2753333.0 137703.0 10.0
2759869.0 138043.0 10.0
2763847.0 138233.0 10.0
2775044.0 138803.0 10.0
2776456.0 138869.0 10.0
2776492.0 138869.0 10.0
2782968.0 139193.0 10.0
2785402.0 139314.0 10.0
2792494.0 139666.0 10.0
2799529.0 140022.0 10.0
2800818.0 140076.0 10.0
2813589.0 140719.0 10.0
2816065.0 140838.0 10.0
2819142.0 140996.0 10.0
2819956.0 141035.0 10.0
2822411.0 141161.0 10.0
2823910.0 141239.0 10.0
2829933.0 141553.0 10.0
2830335.0 141562.0 10.0
2834150.0 141755.0 10.0
2835164.0 141801.0 10.0
2839086.0 141999.0 10.0
2839487.0 142026.0 10.0
2841057.0 142100.0 10.0
2844041.0 142248.0 10.0
2849442.0 142518.0 10.0
2853503.0 142724.0 10.0
2854365.0 142762.0 10.0
2861031.0 143098.0 10.0
2873402.0 143708.0 10.0
2875050.0 143803.0 10.0
2879082.0 144000.0 10.0
2881345.0 144112.0 10.0
2882804.0 144185.0 10.0
2883455.0 144222.0 10.0
2890352.0 144563.0 10.0
2895952.0 144839.0 10.0
2896549.0 144874.0 10.0
2898192.0 144958.0 10.0
2904804.0 145293.0 10.0
2915120.0 145804.0 10.0
2916917.0 145899.0 10.0
2926326.0 146364.0 10.0
2931374.0 146610.0 10.0
2936676.0 146886.0 10.0
2937700.0 146924.0 10.0
2940843.0 147080.0 10.0
2942840.0 147189.0 10.0
2945214.0 147312.0 10.0
2945511.0 147322.0 10.0
2947602.0 147431.0 10.0
2959644.0 148026.0 10.0
2963676.0 148224.0 10.0
2966931.0 148400.0 10.0
2975486.0 148830.0 10.0
2976927.0 148897.0 10.0
2994886.0 149795.0 10.0
3003928.0 150247.0 10.0
3004164.0 150254.0 10.0
3006319.0 150350.0 10.0
3007808.0 150434.0 10.0
3011427.0 150617.0 10.0
3012482.0 150670.0 10.0
3014234.0 150753.0 10.0
3015051.0 150797.0 10.0
3020319.0 151065.0 10.0
3024368.0 151270.0 10.0
3058754.0 152979.0 10.0
3063309.0 153218.0 10.0
3067075.0 153406.0 10.0
3077819.0 153944.0 10.0
3088459.0 154469.0 10.0
3094180.0 154761.0 10.0
3097498.0 154927.0 10.0
3098021.0 154944.0 10.0
3113952.0 155751.0 10.0
3139488.0 157025.0 10.0
3163584.0 158229.0 10.0
3167331.0 158420.0 10.0
3171042.0 158592.0 10.0
3208169.0 160455.0 10.0
