rev4
3501.0 176.0 10.0
3598.0 181.0 10.0
3601.0 181.0 10.0
3621.0 182.0 10.0
3641.0 183.0 10.0
3641.0 183.0 10.0
3661.0 184.0 10.0
3701.0 186.0 10.0
3701.0 186.0 10.0
3721.0 187.0 10.0
3721.0 187.0 10.0
3741.0 188.0 10.0
3761.0 189.0 10.0
3761.0 189.0 10.0
3800.0 191.0 10.0
3801.0 191.0 10.0
3811.0 192.0 10.0
3819.0 192.0 10.0
3821.0 192.0 10.0
3821.0 192.0 10.0
3841.0 193.0 10.0
3861.0 194.0 10.0
3861.0 194.0 10.0
3881.0 195.0 10.0
3881.0 195.0 10.0
3921.0 197.0 10.0
3921.0 197.0 10.0
3941.0 198.0 10.0
3941.0 198.0 10.0
3941.0 198.0 10.0
3960.0 199.0 10.0
3981.0 200.0 10.0
3999.0 201.0 10.0
4001.0 201.0 10.0
4020.0 202.0 10.0
4020.0 202.0 10.0
4021.0 202.0 10.0
4041.0 203.0 10.0
4041.0 203.0 10.0
4081.0 205.0 10.0
4091.0 206.0 10.0
4100.0 206.0 10.0
4101.0 206.0 10.0
4101.0 206.0 10.0
4161.0 209.0 10.0
4161.0 209.0 10.0
4181.0 210.0 10.0
4181.0 210.0 10.0
4200.0 211.0 10.0
4201.0 211.0 10.0
4201.0 211.0 10.0
4201.0 211.0 10.0
4201.0 211.0 10.0
4201.0 211.0 10.0
4221.0 212.0 10.0
4221.0 212.0 10.0
4221.0 212.0 10.0
4221.0 212.0 10.0
4230.0 213.0 10.0
4240.0 213.0 10.0
4241.0 213.0 10.0
4241.0 213.0 10.0
4241.0 213.0 10.0
4271.0 215.0 10.0
4281.0 215.0 10.0
4281.0 215.0 10.0
4299.0 216.0 10.0
4300.0 216.0 10.0
4301.0 216.0 10.0
4320.0 217.0 10.0
4321.0 217.0 10.0
4321.0 217.0 10.0
4331.0 218.0 10.0
4331.0 218.0 10.0
4341.0 218.0 10.0
4341.0 218.0 10.0
4361.0 219.0 10.0
4401.0 221.0 10.0
4421.0 222.0 10.0
4421.0 222.0 10.0
4421.0 222.0 10.0
4451.0 224.0 10.0
4480.0 225.0 10.0
4501.0 226.0 10.0
4521.0 227.0 10.0
4521.0 227.0 10.0
4521.0 227.0 10.0
4540.0 228.0 10.0
4541.0 228.0 10.0
4541.0 228.0 10.0
4631.0 233.0 10.0
4680.0 235.0 10.0
4694.0 236.0 10.0
4740.0 238.0 10.0
4761.0 239.0 10.0
4820.0 242.0 10.0
4930.0 248.0 10.0
4971.0 250.0 10.0
5441.0 273.0 10.0
5900.0 296.0 10.0
