rev4
731107.0 36567.0 10.0
737202.0 36870.0 10.0
738709.0 36947.0 10.0
739274.0 36976.0 10.0
745033.0 37265.0 10.0
745490.0 37288.0 10.0
748433.0 37435.0 10.0
750127.0 37519.0 10.0
754172.0 37719.0 10.0
755468.0 37786.0 10.0
758120.0 37918.0 10.0
758376.0 37929.0 10.0
759463.0 37986.0 10.0
760066.0 38017.0 10.0
762188.0 38124.0 10.0
763117.0 38164.0 10.0
766424.0 38338.0 10.0
769626.0 38496.0 10.0
769956.0 38509.0 10.0
770415.0 38534.0 10.0
771093.0 38570.0 10.0
771462.0 38582.0 10.0
773672.0 38696.0 10.0
774165.0 38721.0 10.0
774288.0 38728.0 10.0
774352.0 38730.0 10.0
775735.0 38796.0 10.0
778086.0 38916.0 10.0
778793.0 38954.0 10.0
780813.0 39054.0 10.0
780960.0 39060.0 10.0
781326.0 39079.0 10.0
781336.0 39082.0 10.0
781993.0 39114.0 10.0
784837.0 39258.0 10.0
785677.0 39293.0 10.0
785765.0 39299.0 10.0
786069.0 39318.0 10.0
786220.0 39325.0 10.0
786270.0 39325.0 10.0
788059.0 39417.0 10.0
789930.0 39510.0 10.0
790025.0 39512.0 10.0
790473.0 39536.0 10.0
791857.0 39604.0 10.0
792683.0 39645.0 10.0
794224.0 39723.0 10.0
795370.0 39778.0 10.0
796239.0 39825.0 10.0
802181.0 40126.0 10.0
803459.0 40184.0 10.0
805369.0 40283.0 10.0
805556.0 40296.0 10.0
807003.0 40363.0 10.0
809239.0 40477.0 10.0
811745.0 40599.0 10.0
811780.0 40605.0 10.0
812394.0 40632.0 10.0
814516.0 40737.0 10.0
817112.0 40870.0 10.0
817804.0 40899.0 10.0
818059.0 40921.0 10.0
818712.0 40948.0 10.0
818928.0 40960.0 10.0
819873.0 41005.0 10.0
824164.0 41222.0 10.0
826053.0 41319.0 10.0
827957.0 41412.0 10.0
828527.0 41440.0 10.0
829467.0 41487.0 10.0
829873.0 41507.0 10.0
831499.0 41586.0 10.0
833365.0 41681.0 10.0
838419.0 41936.0 10.0
839260.0 41974.0 10.0
840040.0 42019.0 10.0
840658.0 42047.0 10.0
843656.0 42192.0 10.0
848341.0 42426.0 10.0
849731.0 42503.0 10.0
849743.0 42502.0 10.0
850115.0 42519.0 10.0
855678.0 42799.0 10.0
856256.0 42827.0 10.0
856733.0 42850.0 10.0
859267.0 42979.0 10.0
861724.0 43100.0 10.0
862676.0 43151.0 10.0
864258.0 43230.0 10.0
864560.0 43243.0 10.0
866204.0 43321.0 10.0
867492.0 43391.0 10.0
868354.0 43430.0 10.0
869979.0 43513.0 10.0
887454.0 44386.0 10.0
889024.0 44463.0 10.0
906439.0 45340.0 10.0
915776.0 45805.0 10.0
917439.0 45887.0 10.0
960615.0 48043.0 10.0
