rev4
2221.0 112.0 10.0
2271.0 115.0 10.0
2301.0 116.0 10.0
2379.0 120.0 10.0
2401.0 121.0 10.0
2401.0 121.0 10.0
2401.0 121.0 10.0
2421.0 122.0 10.0
2441.0 123.0 10.0
2441.0 123.0 10.0
2480.0 125.0 10.0
2481.0 125.0 10.0
2501.0 126.0 10.0
2561.0 129.0 10.0
2601.0 131.0 10.0
2620.0 132.0 10.0
2621.0 132.0 10.0
2621.0 132.0 10.0
2621.0 132.0 10.0
2631.0 133.0 10.0
2631.0 133.0 10.0
2641.0 133.0 10.0
2661.0 134.0 10.0
2661.0 134.0 10.0
2681.0 135.0 10.0
2701.0 136.0 10.0
2718.0 137.0 10.0
2740.0 138.0 10.0
2741.0 138.0 10.0
2741.0 138.0 10.0
2741.0 138.0 10.0
2760.0 139.0 10.0
2761.0 139.0 10.0
2761.0 139.0 10.0
2781.0 140.0 10.0
2781.0 140.0 10.0
2800.0 141.0 10.0
2801.0 141.0 10.0
2801.0 141.0 10.0
2821.0 142.0 10.0
2840.0 143.0 10.0
2840.0 143.0 10.0
2841.0 143.0 10.0
2841.0 143.0 10.0
2880.0 145.0 10.0
2881.0 145.0 10.0
2881.0 145.0 10.0
2881.0 145.0 10.0
2901.0 146.0 10.0
2901.0 146.0 10.0
2921.0 147.0 10.0
2940.0 148.0 10.0
2941.0 148.0 10.0
2941.0 148.0 10.0
2961.0 149.0 10.0
2961.0 149.0 10.0
2961.0 149.0 10.0
2981.0 150.0 10.0
3001.0 151.0 10.0
3021.0 152.0 10.0
3041.0 153.0 10.0
3061.0 154.0 10.0
3061.0 154.0 10.0
3061.0 154.0 10.0
3061.0 154.0 10.0
3081.0 155.0 10.0
3099.0 156.0 10.0
3101.0 156.0 10.0
3101.0 156.0 10.0
3101.0 156.0 10.0
3121.0 157.0 10.0
3121.0 157.0 10.0
3121.0 157.0 10.0
3141.0 158.0 10.0
3151.0 159.0 10.0
3201.0 161.0 10.0
3210.0 162.0 10.0
3221.0 162.0 10.0
3221.0 162.0 10.0
3291.0 166.0 10.0
3301.0 166.0 10.0
3301.0 166.0 10.0
3341.0 168.0 10.0
3361.0 169.0 10.0
3361.0 169.0 10.0
3401.0 171.0 10.0
3401.0 171.0 10.0
3441.0 173.0 10.0
3541.0 178.0 10.0
3541.0 178.0 10.0
3561.0 179.0 10.0
3581.0 180.0 10.0
3621.0 182.0 10.0
3621.0 182.0 10.0
3658.0 184.0 10.0
3661.0 184.0 10.0
3701.0 186.0 10.0
4361.0 219.0 10.0
4431.0 223.0 10.0
5280.0 265.0 10.0
