rev4
353140.0 17665.0 10.0
357139.0 17865.0 10.0
357523.0 17881.0 10.0
360225.0 18017.0 10.0
362492.0 18131.0 10.0
365899.0 18305.0 10.0
366431.0 18328.0 10.0
367613.0 18387.0 10.0
368363.0 18428.0 10.0
368471.0 18429.0 10.0
368650.0 18440.0 10.0
369061.0 18460.0 10.0
371755.0 18594.0 10.0
372159.0 18613.0 10.0
372165.0 18612.0 10.0
372643.0 18639.0 10.0
373086.0 18660.0 10.0
373894.0 18700.0 10.0
374094.0 18711.0 10.0
374502.0 18732.0 10.0
375033.0 18758.0 10.0
376775.0 18844.0 10.0
378925.0 18953.0 10.0
379400.0 18976.0 10.0
379661.0 18988.0 10.0
379691.0 18991.0 10.0
381158.0 19067.0 10.0
381294.0 19072.0 10.0
381446.0 19077.0 10.0
381890.0 19102.0 10.0
384012.0 19208.0 10.0
385300.0 19273.0 10.0
386248.0 19319.0 10.0
387994.0 19404.0 10.0
388452.0 19432.0 10.0
389955.0 19505.0 10.0
390241.0 19517.0 10.0
390402.0 19524.0 10.0
390506.0 19533.0 10.0
391662.0 19591.0 10.0
392766.0 19642.0 10.0
392971.0 19656.0 10.0
393030.0 19657.0 10.0
395393.0 19776.0 10.0
396984.0 19854.0 10.0
397748.0 19894.0 10.0
397872.0 19903.0 10.0
398576.0 19934.0 10.0
398903.0 19953.0 10.0
399328.0 19970.0 10.0
399768.0 19995.0 10.0
400141.0 20014.0 10.0
402023.0 20107.0 10.0
402158.0 20114.0 10.0
402616.0 20140.0 10.0
403274.0 20171.0 10.0
403547.0 20186.0 10.0
403781.0 20198.0 10.0
403959.0 20204.0 10.0
404115.0 20212.0 10.0
404722.0 20241.0 10.0
406261.0 20320.0 10.0
406380.0 20326.0 10.0
408628.0 20438.0 10.0
412309.0 20620.0 10.0
412442.0 20627.0 10.0
413767.0 20698.0 10.0
414110.0 20712.0 10.0
414141.0 20714.0 10.0
415916.0 20806.0 10.0
418221.0 20920.0 10.0
418804.0 20948.0 10.0
419609.0 20989.0 10.0
421684.0 21090.0 10.0
422206.0 21117.0 10.0
422977.0 21154.0 10.0
424821.0 21250.0 10.0
426518.0 21336.0 10.0
428366.0 21424.0 10.0
429236.0 21469.0 10.0
429992.0 21507.0 10.0
430602.0 21536.0 10.0
431515.0 21586.0 10.0
432660.0 21641.0 10.0
434566.0 21733.0 10.0
438684.0 21946.0 10.0
442212.0 22119.0 10.0
446834.0 22348.0 10.0
448633.0 22441.0 10.0
450394.0 22526.0 10.0
451408.0 22579.0 10.0
451876.0 22602.0 10.0
455021.0 22760.0 10.0
458380.0 22927.0 10.0
462912.0 23150.0 10.0
464429.0 23229.0 10.0
472486.0 23635.0 10.0
475452.0 23781.0 10.0
479917.0 24004.0 10.0
522597.0 26139.0 10.0
