rev4
1.2448616E7 622624.0 10.0
1.2766612E7 638530.0 10.0
1.2884576E7 644429.0 10.0
1.2884694E7 644432.0 10.0
1.2922594E7 646322.0 10.0
1.2957901E7 648076.0 10.0
1.3043199E7 652374.0 10.0
1.3051166E7 652768.0 10.0
1.3052943E7 652856.0 10.0
1.3096597E7 655031.0 10.0
1.3102682E7 655334.0 10.0
1.3114785E7 655945.0 10.0
1.3184705E7 659441.0 10.0
1.3192487E7 659822.0 10.0
1.3254446E7 662926.0 10.0
1.3257659E7 663088.0 10.0
1.3298865E7 665142.0 10.0
1.3311085E7 665775.0 10.0
1.3325239E7 666460.0 10.0
1.3329807E7 666689.0 10.0
1.3331447E7 666777.0 10.0
1.3350464E7 667727.0 10.0
1.337014E7 668699.0 10.0
1.3377192E7 669059.0 10.0
1.339359E7 669874.0 10.0
1.3401341E7 670271.0 10.0
1.3410025E7 670714.0 10.0
1.3442176E7 672330.0 10.0
1.3467788E7 673600.0 10.0
1.3474472E7 673942.0 10.0
1.3483381E7 674365.0 10.0
1.3507936E7 675600.0 10.0
1.3516397E7 676024.0 10.0
1.3519491E7 676171.0 10.0
1.3556704E7 678040.0 10.0
1.3562061E7 678325.0 10.0
1.357418E7 678909.0 10.0
1.3593769E7 679894.0 10.0
1.3639401E7 682184.0 10.0
1.3645949E7 682513.0 10.0
1.3646994E7 682573.0 10.0
1.3652022E7 682790.0 10.0
1.3653337E7 682858.0 10.0
1.366473E7 683460.0 10.0
1.3668119E7 683608.0 10.0
1.3714132E7 685916.0 10.0
1.3727774E7 686599.0 10.0
1.3734119E7 686910.0 10.0
1.3738356E7 687112.0 10.0
1.3762421E7 688335.0 10.0
1.3764056E7 688400.0 10.0
1.3767276E7 688572.0 10.0
1.3799848E7 690190.0 10.0
1.3809325E7 690682.0 10.0
1.3821254E7 691270.0 10.0
1.3837311E7 692086.0 10.0
1.3876E7 694021.0 10.0
1.3941072E7 697262.0 10.0
1.3976105E7 699030.0 10.0
1.3988004E7 699608.0 10.0
1.4001176E7 700260.0 10.0
1.4010411E7 700724.0 10.0
1.4013685E7 700889.0 10.0
1.4015468E7 700980.0 10.0
1.4019364E7 701169.0 10.0
1.4019771E7 701197.0 10.0
1.4081774E7 704307.0 10.0
1.4088878E7 704653.0 10.0
1.4090858E7 704756.0 10.0
1.4097396E7 705085.0 10.0
1.4103587E7 705401.0 10.0
1.4114011E7 705914.0 10.0
1.4117343E7 706085.0 10.0
1.4120335E7 706227.0 10.0
1.4157979E7 708122.0 10.0
1.4226808E7 711557.0 10.0
1.4239302E7 712191.0 10.0
1.4278719E7 714162.0 10.0
1.4285327E7 714489.0 10.0
1.4300847E7 715239.0 10.0
1.4356806E7 718055.0 10.0
1.4389351E7 719706.0 10.0
1.439457E7 719956.0 10.0
1.4404681E7 720458.0 10.0
1.4435857E7 722031.0 10.0
1.453829E7 727119.0 10.0
1.4576173E7 729036.0 10.0
1.4719479E7 736196.0 10.0
1.4793984E7 739924.0 10.0
1.4845335E7 742501.0 10.0
1.4921178E7 746278.0 10.0
1.4946009E7 747522.0 10.0
1.5021542E7 751309.0 10.0
1.5122209E7 756337.0 10.0
1.5169674E7 758720.0 10.0
1.5198301E7 760134.0 10.0
1.5256619E7 763066.0 10.0
1.5511109E7 775789.0 10.0
1.5586482E7 779560.0 10.0
1.581828E7 791159.0 10.0
