rev4
19440.0 974.0 10.0
19621.0 982.0 10.0
19841.0 993.0 10.0
20198.0 1011.0 10.0
20211.0 1012.0 10.0
20321.0 1017.0 10.0
20459.0 1024.0 10.0
20499.0 1026.0 10.0
20660.0 1034.0 10.0
20779.0 1040.0 10.0
20809.0 1042.0 10.0
20831.0 1043.0 10.0
20901.0 1047.0 10.0
21231.0 1063.0 10.0
21301.0 1066.0 10.0
21309.0 1067.0 10.0
21359.0 1069.0 10.0
21421.0 1072.0 10.0
21569.0 1080.0 10.0
21619.0 1082.0 10.0
21761.0 1089.0 10.0
21770.0 1090.0 10.0
21920.0 1097.0 10.0
21970.0 1100.0 10.0
21977.0 1100.0 10.0
22039.0 1103.0 10.0
22110.0 1108.0 10.0
22200.0 1111.0 10.0
22221.0 1112.0 10.0
22260.0 1114.0 10.0
22271.0 1115.0 10.0
22340.0 1118.0 10.0
22400.0 1121.0 10.0
22497.0 1126.0 10.0
22557.0 1129.0 10.0
22557.0 1129.0 10.0
22601.0 1131.0 10.0
22670.0 1135.0 10.0
22718.0 1138.0 10.0
22777.0 1140.0 10.0
22817.0 1143.0 10.0
22850.0 1144.0 10.0
22850.0 1144.0 10.0
22899.0 1146.0 10.0
22965.0 1150.0 10.0
22991.0 1151.0 10.0
22998.0 1151.0 10.0
23019.0 1152.0 10.0
23048.0 1154.0 10.0
23101.0 1156.0 10.0
23139.0 1158.0 10.0
23180.0 1160.0 10.0
23181.0 1161.0 10.0
23231.0 1163.0 10.0
23239.0 1163.0 10.0
23249.0 1164.0 10.0
23299.0 1166.0 10.0
23317.0 1167.0 10.0
23319.0 1168.0 10.0
23331.0 1168.0 10.0
23335.0 1170.0 10.0
23338.0 1168.0 10.0
23381.0 1170.0 10.0
23440.0 1173.0 10.0
23580.0 1180.0 10.0
23648.0 1184.0 10.0
23740.0 1188.0 10.0
23777.0 1190.0 10.0
23820.0 1192.0 10.0
23860.0 1194.0 10.0
24080.0 1205.0 10.0
24080.0 1205.0 10.0
24261.0 1214.0 10.0
24337.0 1218.0 10.0
24339.0 1218.0 10.0
24531.0 1228.0 10.0
24558.0 1229.0 10.0
24571.0 1230.0 10.0
24678.0 1235.0 10.0
24679.0 1235.0 10.0
24901.0 1246.0 10.0
24999.0 1251.0 10.0
25161.0 1259.0 10.0
25248.0 1264.0 10.0
25258.0 1265.0 10.0
25349.0 1269.0 10.0
25379.0 1270.0 10.0
25448.0 1274.0 10.0
25485.0 1276.0 10.0
25579.0 1280.0 10.0
25859.0 1295.0 10.0
26061.0 1305.0 10.0
26089.0 1306.0 10.0
26420.0 1323.0 10.0
26710.0 1337.0 10.0
27611.0 1382.0 10.0
27647.0 1384.0 10.0
28018.0 1402.0 10.0
28737.0 1439.0 10.0
28749.0 1439.0 10.0
