rev4
9620.0 482.0 10.0
9711.0 487.0 10.0
9791.0 491.0 10.0
9800.0 491.0 10.0
10261.0 515.0 10.0
10261.0 514.0 10.0
10561.0 529.0 10.0
10661.0 534.0 10.0
10681.0 535.0 10.0
10681.0 535.0 10.0
10721.0 537.0 10.0
10761.0 539.0 10.0
10781.0 541.0 10.0
10801.0 541.0 10.0
10838.0 543.0 10.0
10880.0 545.0 10.0
10901.0 546.0 10.0
10961.0 549.0 10.0
10981.0 550.0 10.0
10991.0 551.0 10.0
11000.0 551.0 10.0
11040.0 553.0 10.0
11041.0 553.0 10.0
11121.0 557.0 10.0
11121.0 557.0 10.0
11121.0 557.0 10.0
11140.0 558.0 10.0
11159.0 559.0 10.0
11190.0 561.0 10.0
11201.0 561.0 10.0
11201.0 561.0 10.0
11261.0 564.0 10.0
11281.0 565.0 10.0
11299.0 566.0 10.0
11299.0 566.0 10.0
11309.0 567.0 10.0
11321.0 567.0 10.0
11337.0 568.0 10.0
11421.0 572.0 10.0
11440.0 573.0 10.0
11458.0 574.0 10.0
11459.0 575.0 10.0
11461.0 574.0 10.0
11461.0 574.0 10.0
11480.0 575.0 10.0
11510.0 577.0 10.0
11540.0 578.0 10.0
11590.0 581.0 10.0
11638.0 583.0 10.0
11641.0 583.0 10.0
11648.0 584.0 10.0
11729.0 588.0 10.0
11831.0 593.0 10.0
11859.0 594.0 10.0
11861.0 594.0 10.0
11878.0 595.0 10.0
11880.0 595.0 10.0
11881.0 595.0 10.0
11881.0 595.0 10.0
11901.0 596.0 10.0
11920.0 597.0 10.0
11921.0 597.0 10.0
11980.0 600.0 10.0
11990.0 601.0 10.0
12008.0 602.0 10.0
12040.0 603.0 10.0
12041.0 603.0 10.0
12057.0 604.0 10.0
12071.0 605.0 10.0
12121.0 607.0 10.0
12191.0 611.0 10.0
12201.0 611.0 10.0
12240.0 613.0 10.0
12300.0 616.0 10.0
12319.0 617.0 10.0
12328.0 618.0 10.0
12341.0 618.0 10.0
12361.0 619.0 10.0
12400.0 621.0 10.0
12438.0 623.0 10.0
12440.0 623.0 10.0
12480.0 625.0 10.0
12500.0 626.0 10.0
12500.0 626.0 10.0
12651.0 634.0 10.0
12660.0 634.0 10.0
12681.0 635.0 10.0
12681.0 635.0 10.0
12700.0 636.0 10.0
12891.0 646.0 10.0
12919.0 647.0 10.0
13201.0 661.0 10.0
13260.0 664.0 10.0
13260.0 664.0 10.0
13320.0 667.0 10.0
13399.0 671.0 10.0
13419.0 672.0 10.0
13721.0 687.0 10.0
14059.0 704.0 10.0
14221.0 712.0 10.0
