rev2
220193.0 7865.0 14.0
221369.0 7907.0 14.0
222013.0 7930.0 14.0
222181.0 7936.0 14.0
224981.0 8036.0 14.0
226549.0 8092.0 14.0
227333.0 8120.0 14.0
227417.0 8123.0 14.0
227417.0 8123.0 14.0
227529.0 8127.0 14.0
227753.0 8135.0 14.0
227865.0 8139.0 14.0
228005.0 8144.0 14.0
228257.0 8153.0 14.0
228313.0 8155.0 14.0
228621.0 8166.0 14.0
229237.0 8188.0 14.0
229321.0 8191.0 14.0
229321.0 8191.0 14.0
229937.0 8213.0 14.0
230721.0 8241.0 14.0
230917.0 8248.0 14.0
230973.0 8250.0 14.0
232065.0 8289.0 14.0
232149.0 8292.0 14.0
232149.0 8292.0 14.0
232401.0 8301.0 14.0
232765.0 8314.0 14.0
232849.0 8317.0 14.0
233045.0 8324.0 14.0
233073.0 8325.0 14.0
233297.0 8333.0 14.0
233437.0 8338.0 14.0
233465.0 8339.0 14.0
233717.0 8348.0 14.0
233773.0 8350.0 14.0
234053.0 8360.0 14.0
234389.0 8372.0 14.0
234417.0 8373.0 14.0
234529.0 8377.0 14.0
235173.0 8400.0 14.0
235201.0 8401.0 14.0
235257.0 8403.0 14.0
235285.0 8404.0 14.0
235873.0 8425.0 14.0
235985.0 8429.0 14.0
236097.0 8433.0 14.0
236629.0 8452.0 14.0
237049.0 8467.0 14.0
237161.0 8471.0 14.0
237357.0 8478.0 14.0
238337.0 8513.0 14.0
238561.0 8521.0 14.0
238561.0 8521.0 14.0
238673.0 8525.0 14.0
238813.0 8530.0 14.0
239009.0 8537.0 14.0
239065.0 8539.0 14.0
239373.0 8550.0 14.0
239373.0 8550.0 14.0
239485.0 8554.0 14.0
239569.0 8557.0 14.0
239849.0 8567.0 14.0
240241.0 8581.0 14.0
240325.0 8584.0 14.0
240465.0 8589.0 14.0
240745.0 8599.0 14.0
240913.0 8605.0 14.0
240969.0 8607.0 14.0
241025.0 8609.0 14.0
241473.0 8625.0 14.0
241837.0 8638.0 14.0
241893.0 8640.0 14.0
242089.0 8647.0 14.0
242229.0 8652.0 14.0
242285.0 8654.0 14.0
242929.0 8677.0 14.0
243153.0 8685.0 14.0
243965.0 8714.0 14.0
243993.0 8715.0 14.0
244049.0 8717.0 14.0
244945.0 8749.0 14.0
245365.0 8764.0 14.0
245561.0 8771.0 14.0
245813.0 8780.0 14.0
246065.0 8789.0 14.0
246289.0 8797.0 14.0
246653.0 8810.0 14.0
247073.0 8825.0 14.0
247241.0 8831.0 14.0
247325.0 8834.0 14.0
248137.0 8863.0 14.0
248473.0 8875.0 14.0
248697.0 8883.0 14.0
249985.0 8929.0 14.0
250629.0 8952.0 14.0
252001.0 9001.0 14.0
254129.0 9077.0 14.0
258161.0 9221.0 14.0
258245.0 9224.0 14.0
