rev2
3872401.0 138301.0 14.0
3877273.0 138475.0 14.0
3906029.0 139502.0 14.0
3920281.0 140011.0 14.0
3930781.0 140386.0 14.0
3938089.0 140647.0 14.0
3956961.0 141321.0 14.0
3962785.0 141529.0 14.0
3964185.0 141579.0 14.0
3974685.0 141954.0 14.0
3977233.0 142045.0 14.0
3977345.0 142049.0 14.0
3982217.0 142223.0 14.0
3987397.0 142408.0 14.0
3992157.0 142578.0 14.0
3992605.0 142594.0 14.0
3993333.0 142620.0 14.0
3996469.0 142732.0 14.0
4000361.0 142871.0 14.0
4001397.0 142908.0 14.0
4005009.0 143037.0 14.0
4006717.0 143098.0 14.0
4009153.0 143185.0 14.0
4010189.0 143222.0 14.0
4019149.0 143542.0 14.0
4019877.0 143568.0 14.0
4034829.0 144102.0 14.0
4037125.0 144184.0 14.0
4046897.0 144533.0 14.0
4049585.0 144629.0 14.0
4057145.0 144899.0 14.0
4063025.0 145109.0 14.0
4064929.0 145177.0 14.0
4069717.0 145348.0 14.0
4071425.0 145409.0 14.0
4081925.0 145784.0 14.0
4082121.0 145791.0 14.0
4086825.0 145959.0 14.0
4087833.0 145995.0 14.0
4092397.0 146158.0 14.0
4093013.0 146180.0 14.0
4096261.0 146296.0 14.0
4097353.0 146335.0 14.0
4098613.0 146380.0 14.0
4104857.0 146603.0 14.0
4112613.0 146880.0 14.0
4113369.0 146907.0 14.0
4114321.0 146941.0 14.0
4114909.0 146962.0 14.0
4115021.0 146966.0 14.0
4117093.0 147040.0 14.0
4117373.0 147050.0 14.0
4118577.0 147093.0 14.0
4118661.0 147096.0 14.0
4120537.0 147163.0 14.0
4157077.0 148468.0 14.0
4159541.0 148556.0 14.0
4163769.0 148707.0 14.0
4165057.0 148753.0 14.0
4166793.0 148815.0 14.0
4168529.0 148877.0 14.0
4170405.0 148944.0 14.0
4171749.0 148992.0 14.0
4172365.0 149014.0 14.0
4173597.0 149058.0 14.0
4175081.0 149111.0 14.0
4176845.0 149174.0 14.0
4184153.0 149435.0 14.0
4194569.0 149807.0 14.0
4195297.0 149833.0 14.0
4195773.0 149850.0 14.0
4196585.0 149879.0 14.0
4198349.0 149942.0 14.0
4209129.0 150327.0 14.0
4220665.0 150739.0 14.0
4222653.0 150810.0 14.0
4232453.0 151160.0 14.0
4233265.0 151189.0 14.0
4243261.0 151546.0 14.0
4246117.0 151648.0 14.0
4261713.0 152205.0 14.0
4275769.0 152707.0 14.0
4278933.0 152820.0 14.0
4281621.0 152916.0 14.0
4281817.0 152923.0 14.0
4312477.0 154018.0 14.0
4325749.0 154492.0 14.0
4327149.0 154542.0 14.0
4329081.0 154611.0 14.0
4343081.0 155111.0 14.0
4349969.0 155357.0 14.0
4365005.0 155894.0 14.0
4371641.0 156131.0 14.0
4373797.0 156208.0 14.0
4394993.0 156965.0 14.0
4431925.0 158284.0 14.0
4509765.0 161064.0 14.0
4513489.0 161197.0 14.0
4525781.0 161636.0 14.0
4548405.0 162444.0 14.0
