rev4
1391934.0 49713.0 14.0
1393805.0 49781.0 14.0
1394286.0 49797.0 14.0
1401763.0 50064.0 14.0
1403078.0 50111.0 14.0
1404643.0 50167.0 14.0
1405390.0 50194.0 14.0
1405455.0 50196.0 14.0
1407194.0 50258.0 14.0
1409574.0 50343.0 14.0
1412292.0 50440.0 14.0
1414895.0 50533.0 14.0
1415075.0 50540.0 14.0
1418689.0 50669.0 14.0
1420356.0 50728.0 14.0
1423422.0 50839.0 14.0
1425952.0 50928.0 14.0
1427957.0 51000.0 14.0
1428712.0 51027.0 14.0
1429456.0 51053.0 14.0
1433571.0 51201.0 14.0
1433918.0 51214.0 14.0
1438065.0 51361.0 14.0
1438388.0 51372.0 14.0
1439481.0 51412.0 14.0
1439803.0 51423.0 14.0
1442055.0 51503.0 14.0
1443901.0 51569.0 14.0
1445734.0 51635.0 14.0
1448678.0 51740.0 14.0
1453004.0 51894.0 14.0
1454050.0 51932.0 14.0
1454685.0 51954.0 14.0
1455718.0 51992.0 14.0
1457537.0 52056.0 14.0
1457775.0 52065.0 14.0
1458030.0 52074.0 14.0
1458742.0 52099.0 14.0
1459780.0 52136.0 14.0
1460098.0 52148.0 14.0
1460787.0 52172.0 14.0
1461821.0 52209.0 14.0
1462537.0 52235.0 14.0
1463364.0 52265.0 14.0
1464483.0 52304.0 14.0
1464763.0 52314.0 14.0
1464790.0 52315.0 14.0
1465714.0 52348.0 14.0
1467536.0 52413.0 14.0
1468051.0 52432.0 14.0
1469440.0 52481.0 14.0
1469553.0 52486.0 14.0
1469774.0 52493.0 14.0
1470111.0 52505.0 14.0
1471423.0 52552.0 14.0
1472157.0 52578.0 14.0
1473471.0 52625.0 14.0
1474140.0 52649.0 14.0
1475008.0 52680.0 14.0
1475319.0 52691.0 14.0
1475820.0 52709.0 14.0
1479351.0 52835.0 14.0
1481366.0 52907.0 14.0
1482601.0 52951.0 14.0
1485874.0 53068.0 14.0
1488773.0 53173.0 14.0
1489290.0 53190.0 14.0
1492427.0 53303.0 14.0
1492790.0 53315.0 14.0
1495856.0 53426.0 14.0
1496501.0 53448.0 14.0
1497016.0 53467.0 14.0
1500100.0 53576.0 14.0
1500289.0 53584.0 14.0
1502984.0 53679.0 14.0
1505000.0 53751.0 14.0
1506285.0 53797.0 14.0
1507324.0 53835.0 14.0
1511296.0 53976.0 14.0
1514688.0 54097.0 14.0
1516760.0 54171.0 14.0
1518409.0 54230.0 14.0
1519107.0 54255.0 14.0
1519667.0 54275.0 14.0
1525378.0 54479.0 14.0
1527285.0 54547.0 14.0
1530270.0 54654.0 14.0
1531655.0 54703.0 14.0
1535686.0 54848.0 14.0
1538881.0 54961.0 14.0
1540248.0 55010.0 14.0
1542743.0 55099.0 14.0
1548877.0 55318.0 14.0
1570461.0 56089.0 14.0
1573948.0 56214.0 14.0
1590219.0 56795.0 14.0
1607381.0 57408.0 14.0
1610739.0 57528.0 14.0
1680084.0 60004.0 14.0
1715656.0 61275.0 14.0
