rev2
6.7727129E7 2418827.0 14.0
6.7959585E7 2427129.0 14.0
6.7982629E7 2427952.0 14.0
6.8069065E7 2431039.0 14.0
6.8231885E7 2436854.0 14.0
6.8370065E7 2441789.0 14.0
6.8633321E7 2451191.0 14.0
6.8690189E7 2453222.0 14.0
6.8767301E7 2455976.0 14.0
6.8895149E7 2460542.0 14.0
6.9052509E7 2466162.0 14.0
6.9064353E7 2466585.0 14.0
6.9070093E7 2466790.0 14.0
6.9134465E7 2469089.0 14.0
6.9174617E7 2470523.0 14.0
6.9225493E7 2472340.0 14.0
6.9231345E7 2472549.0 14.0
6.9244141E7 2473006.0 14.0
6.9268361E7 2473871.0 14.0
6.9329233E7 2476045.0 14.0
6.9522769E7 2482957.0 14.0
6.9534053E7 2483360.0 14.0
6.9579217E7 2484973.0 14.0
6.9600777E7 2485743.0 14.0
6.9636981E7 2487036.0 14.0
6.9659661E7 2487846.0 14.0
6.9844657E7 2494453.0 14.0
6.9848829E7 2494602.0 14.0
6.9923533E7 2497270.0 14.0
7.0016297E7 2500583.0 14.0
7.0030157E7 2501078.0 14.0
7.0040293E7 2501440.0 14.0
7.0143865E7 2505139.0 14.0
7.0173125E7 2506184.0 14.0
7.0185921E7 2506641.0 14.0
7.0186117E7 2506648.0 14.0
7.0204681E7 2507311.0 14.0
7.0216637E7 2507738.0 14.0
7.0218205E7 2507794.0 14.0
7.0229237E7 2508188.0 14.0
7.0239681E7 2508561.0 14.0
7.0252505E7 2509019.0 14.0
7.0254241E7 2509081.0 14.0
7.0262417E7 2509373.0 14.0
7.0298929E7 2510677.0 14.0
7.0322085E7 2511504.0 14.0
7.0421989E7 2515072.0 14.0
7.0454021E7 2516216.0 14.0
7.0461553E7 2516485.0 14.0
7.0612753E7 2521885.0 14.0
7.0623141E7 2522256.0 14.0
7.0636665E7 2522739.0 14.0
7.0770589E7 2527522.0 14.0
7.0804721E7 2528741.0 14.0
7.0814577E7 2529093.0 14.0
7.0829921E7 2529641.0 14.0
7.0901965E7 2532214.0 14.0
7.0918233E7 2532795.0 14.0
7.0996885E7 2535604.0 14.0
7.1081305E7 2538619.0 14.0
7.1187397E7 2542408.0 14.0
7.1283773E7 2545850.0 14.0
7.1463393E7 2552265.0 14.0
7.1463981E7 2552286.0 14.0
7.1675325E7 2559834.0 14.0
7.1694841E7 2560531.0 14.0
7.1745437E7 2562338.0 14.0
7.1830529E7 2565377.0 14.0
7.2031905E7 2572569.0 14.0
7.2056825E7 2573459.0 14.0
7.2117361E7 2575621.0 14.0
7.2171457E7 2577553.0 14.0
7.2405173E7 2585900.0 14.0
7.2411445E7 2586124.0 14.0
7.2483125E7 2588684.0 14.0
7.2615705E7 2593419.0 14.0
7.2617217E7 2593473.0 14.0
7.2687917E7 2595998.0 14.0
7.2709057E7 2596753.0 14.0
7.3087645E7 2610274.0 14.0
7.3317245E7 2618474.0 14.0
7.3368177E7 2620293.0 14.0
7.3503781E7 2625136.0 14.0
7.3661701E7 2630776.0 14.0
7.3712297E7 2632583.0 14.0
7.3732177E7 2633293.0 14.0
7.3944837E7 2640888.0 14.0
7.4008005E7 2643144.0 14.0
7.4850805E7 2673244.0 14.0
7.4967145E7 2677399.0 14.0
7.5049129E7 2680327.0 14.0
7.5074693E7 2681240.0 14.0
7.5106137E7 2682363.0 14.0
7.5469101E7 2695326.0 14.0
7.5565589E7 2698772.0 14.0
7.5750109E7 2705362.0 14.0
7.6023137E7 2715113.0 14.0
7.7352437E7 2762588.0 14.0
7.8035273E7 2786975.0 14.0
7.8551621E7 2805416.0 14.0
