rev2
505.0 19.0 14.0
533.0 20.0 14.0
589.0 22.0 14.0
617.0 23.0 14.0
617.0 23.0 14.0
617.0 23.0 14.0
617.0 23.0 14.0
617.0 23.0 14.0
645.0 24.0 14.0
645.0 24.0 14.0
645.0 24.0 14.0
645.0 24.0 14.0
645.0 24.0 14.0
645.0 24.0 14.0
673.0 25.0 14.0
701.0 26.0 14.0
701.0 26.0 14.0
701.0 26.0 14.0
701.0 26.0 14.0
701.0 26.0 14.0
701.0 26.0 14.0
701.0 26.0 14.0
701.0 26.0 14.0
729.0 27.0 14.0
729.0 27.0 14.0
729.0 27.0 14.0
729.0 27.0 14.0
729.0 27.0 14.0
729.0 27.0 14.0
757.0 28.0 14.0
757.0 28.0 14.0
757.0 28.0 14.0
757.0 28.0 14.0
757.0 28.0 14.0
757.0 28.0 14.0
757.0 28.0 14.0
757.0 28.0 14.0
757.0 28.0 14.0
757.0 28.0 14.0
757.0 28.0 14.0
757.0 28.0 14.0
757.0 28.0 14.0
785.0 29.0 14.0
785.0 29.0 14.0
785.0 29.0 14.0
785.0 29.0 14.0
785.0 29.0 14.0
785.0 29.0 14.0
785.0 29.0 14.0
785.0 29.0 14.0
785.0 29.0 14.0
785.0 29.0 14.0
785.0 29.0 14.0
785.0 29.0 14.0
785.0 29.0 14.0
785.0 29.0 14.0
785.0 29.0 14.0
785.0 29.0 14.0
785.0 29.0 14.0
813.0 30.0 14.0
813.0 30.0 14.0
813.0 30.0 14.0
813.0 30.0 14.0
813.0 30.0 14.0
813.0 30.0 14.0
841.0 31.0 14.0
841.0 31.0 14.0
841.0 31.0 14.0
841.0 31.0 14.0
841.0 31.0 14.0
869.0 32.0 14.0
869.0 32.0 14.0
869.0 32.0 14.0
869.0 32.0 14.0
897.0 33.0 14.0
897.0 33.0 14.0
897.0 33.0 14.0
897.0 33.0 14.0
897.0 33.0 14.0
897.0 33.0 14.0
925.0 34.0 14.0
925.0 34.0 14.0
925.0 34.0 14.0
925.0 34.0 14.0
953.0 35.0 14.0
953.0 35.0 14.0
953.0 35.0 14.0
953.0 35.0 14.0
981.0 36.0 14.0
981.0 36.0 14.0
981.0 36.0 14.0
981.0 36.0 14.0
1009.0 37.0 14.0
1009.0 37.0 14.0
1009.0 37.0 14.0
1037.0 38.0 14.0
1037.0 38.0 14.0
1065.0 39.0 14.0
1065.0 39.0 14.0
1121.0 41.0 14.0
