rev2
25033.0 895.0 14.0
25285.0 904.0 14.0
25593.0 915.0 14.0
25705.0 919.0 14.0
25733.0 920.0 14.0
25789.0 922.0 14.0
25985.0 929.0 14.0
26041.0 931.0 14.0
26069.0 932.0 14.0
26069.0 932.0 14.0
26153.0 935.0 14.0
26237.0 938.0 14.0
26237.0 938.0 14.0
26349.0 942.0 14.0
26377.0 943.0 14.0
26405.0 944.0 14.0
26405.0 944.0 14.0
26405.0 944.0 14.0
26461.0 946.0 14.0
26489.0 947.0 14.0
26517.0 948.0 14.0
26545.0 949.0 14.0
26573.0 950.0 14.0
26713.0 955.0 14.0
26825.0 959.0 14.0
26825.0 959.0 14.0
26937.0 963.0 14.0
26937.0 963.0 14.0
26993.0 965.0 14.0
27049.0 967.0 14.0
27049.0 967.0 14.0
27161.0 971.0 14.0
27217.0 973.0 14.0
27245.0 974.0 14.0
27301.0 976.0 14.0
27329.0 977.0 14.0
27385.0 979.0 14.0
27385.0 979.0 14.0
27413.0 980.0 14.0
27441.0 981.0 14.0
27581.0 986.0 14.0
27609.0 987.0 14.0
27665.0 989.0 14.0
27721.0 991.0 14.0
27749.0 992.0 14.0
27777.0 993.0 14.0
27777.0 993.0 14.0
27805.0 994.0 14.0
27861.0 996.0 14.0
27889.0 997.0 14.0
27945.0 999.0 14.0
27945.0 999.0 14.0
27973.0 1000.0 14.0
28001.0 1001.0 14.0
28085.0 1004.0 14.0
28169.0 1007.0 14.0
28197.0 1008.0 14.0
28225.0 1009.0 14.0
28253.0 1010.0 14.0
28281.0 1011.0 14.0
28337.0 1013.0 14.0
28365.0 1014.0 14.0
28365.0 1014.0 14.0
28421.0 1016.0 14.0
28533.0 1020.0 14.0
28589.0 1022.0 14.0
28617.0 1023.0 14.0
28701.0 1026.0 14.0
28729.0 1027.0 14.0
28729.0 1027.0 14.0
28841.0 1031.0 14.0
28869.0 1032.0 14.0
28897.0 1033.0 14.0
29037.0 1038.0 14.0
29205.0 1044.0 14.0
29205.0 1044.0 14.0
29261.0 1046.0 14.0
29289.0 1047.0 14.0
29429.0 1052.0 14.0
29485.0 1054.0 14.0
29541.0 1056.0 14.0
29541.0 1056.0 14.0
29569.0 1057.0 14.0
29737.0 1063.0 14.0
29765.0 1064.0 14.0
29905.0 1069.0 14.0
29961.0 1071.0 14.0
29989.0 1072.0 14.0
30129.0 1077.0 14.0
30241.0 1081.0 14.0
30269.0 1082.0 14.0
30409.0 1087.0 14.0
30465.0 1089.0 14.0
30521.0 1091.0 14.0
30577.0 1093.0 14.0
30605.0 1094.0 14.0
30661.0 1096.0 14.0
31109.0 1112.0 14.0
31529.0 1127.0 14.0
32089.0 1147.0 14.0
