rev4
1.00056138E8 3573463.0 14.0
1.00838963E8 3601416.0 14.0
1.00922272E8 3604398.0 14.0
1.01035592E8 3608442.0 14.0
1.01310458E8 3618262.0 14.0
1.01344292E8 3619465.0 14.0
1.01434607E8 3622694.0 14.0
1.01813997E8 3636244.0 14.0
1.01992135E8 3642608.0 14.0
1.02087086E8 3645990.0 14.0
1.02275632E8 3652732.0 14.0
1.02299778E8 3653592.0 14.0
1.02346796E8 3655275.0 14.0
1.02436056E8 3658458.0 14.0
1.02585789E8 3663807.0 14.0
1.02647798E8 3666025.0 14.0
1.02744091E8 3669460.0 14.0
1.02748587E8 3669621.0 14.0
1.02797595E8 3671373.0 14.0
1.02841532E8 3672939.0 14.0
1.02973322E8 3677648.0 14.0
1.03057206E8 3680642.0 14.0
1.0314394E8 3683742.0 14.0
1.03224619E8 3686627.0 14.0
1.03377247E8 3692074.0 14.0
1.03380151E8 3692179.0 14.0
1.03631863E8 3701164.0 14.0
1.03691003E8 3703283.0 14.0
1.03760925E8 3705777.0 14.0
1.03812539E8 3707619.0 14.0
1.03821742E8 3707944.0 14.0
1.04004366E8 3714477.0 14.0
1.04010879E8 3714706.0 14.0
1.04136122E8 3719175.0 14.0
1.04330993E8 3726135.0 14.0
1.04462155E8 3730825.0 14.0
1.04529931E8 3733241.0 14.0
1.04596648E8 3735625.0 14.0
1.04616887E8 3736340.0 14.0
1.0472185E8 3740092.0 14.0
1.04930381E8 3747546.0 14.0
1.05038613E8 3751408.0 14.0
1.05055717E8 3752023.0 14.0
1.05236539E8 3758480.0 14.0
1.05274707E8 3759839.0 14.0
1.05364993E8 3763060.0 14.0
1.05392101E8 3764033.0 14.0
1.05450146E8 3766109.0 14.0
1.05454538E8 3766263.0 14.0
1.05473469E8 3766939.0 14.0
1.05525048E8 3768780.0 14.0
1.05528636E8 3768917.0 14.0
1.05684286E8 3774470.0 14.0
1.05970029E8 3784678.0 14.0
1.06361348E8 3798654.0 14.0
1.06610457E8 3807546.0 14.0
1.06743116E8 3812278.0 14.0
1.06797492E8 3814229.0 14.0
1.06823808E8 3815170.0 14.0
1.06837112E8 3815640.0 14.0
1.07007682E8 3821734.0 14.0
1.07079195E8 3824285.0 14.0
1.07088676E8 3824623.0 14.0
1.07154627E8 3826984.0 14.0
1.07206654E8 3828841.0 14.0
1.07317867E8 3832810.0 14.0
1.07341694E8 3833662.0 14.0
1.07369005E8 3834639.0 14.0
1.07418371E8 3836401.0 14.0
1.07766257E8 3848829.0 14.0
1.07865379E8 3852361.0 14.0
1.07918933E8 3854282.0 14.0
1.07971722E8 3856162.0 14.0
1.08009276E8 3857505.0 14.0
1.08062555E8 3859404.0 14.0
1.08143071E8 3862285.0 14.0
1.08256287E8 3866328.0 14.0
1.08394434E8 3871264.0 14.0
1.08531309E8 3876159.0 14.0
1.08836442E8 3887050.0 14.0
1.08898123E8 3889245.0 14.0
1.08943457E8 3890862.0 14.0
1.09162227E8 3898682.0 14.0
1.09453897E8 3909100.0 14.0
1.09497451E8 3910655.0 14.0
1.09549089E8 3912498.0 14.0
1.09651429E8 3916157.0 14.0
1.10159232E8 3934290.0 14.0
1.10701833E8 3953670.0 14.0
1.10778968E8 3956422.0 14.0
1.10819177E8 3957856.0 14.0
1.11358388E8 3977117.0 14.0
1.11664171E8 3988038.0 14.0
1.12810253E8 4028972.0 14.0
1.1318568E8 4042384.0 14.0
1.13857694E8 4066384.0 14.0
1.14200402E8 4078621.0 14.0
1.14859832E8 4102171.0 14.0
1.16170138E8 4148967.0 14.0
1.28627604E8 4593885.0 14.0
