rev2
5237.0 188.0 14.0
5489.0 197.0 14.0
5601.0 201.0 14.0
5825.0 209.0 14.0
5853.0 210.0 14.0
5881.0 211.0 14.0
5909.0 212.0 14.0
5993.0 215.0 14.0
5993.0 215.0 14.0
6021.0 216.0 14.0
6021.0 216.0 14.0
6049.0 217.0 14.0
6077.0 218.0 14.0
6077.0 218.0 14.0
6077.0 218.0 14.0
6105.0 219.0 14.0
6105.0 219.0 14.0
6133.0 220.0 14.0
6133.0 220.0 14.0
6133.0 220.0 14.0
6133.0 220.0 14.0
6161.0 221.0 14.0
6189.0 222.0 14.0
6189.0 222.0 14.0
6245.0 224.0 14.0
6245.0 224.0 14.0
6245.0 224.0 14.0
6273.0 225.0 14.0
6301.0 226.0 14.0
6329.0 227.0 14.0
6385.0 229.0 14.0
6385.0 229.0 14.0
6413.0 230.0 14.0
6413.0 230.0 14.0
6413.0 230.0 14.0
6413.0 230.0 14.0
6413.0 230.0 14.0
6441.0 231.0 14.0
6441.0 231.0 14.0
6441.0 231.0 14.0
6441.0 231.0 14.0
6441.0 231.0 14.0
6441.0 231.0 14.0
6441.0 231.0 14.0
6469.0 232.0 14.0
6469.0 232.0 14.0
6497.0 233.0 14.0
6497.0 233.0 14.0
6553.0 235.0 14.0
6553.0 235.0 14.0
6553.0 235.0 14.0
6553.0 235.0 14.0
6553.0 235.0 14.0
6581.0 236.0 14.0
6581.0 236.0 14.0
6581.0 236.0 14.0
6581.0 236.0 14.0
6609.0 237.0 14.0
6609.0 237.0 14.0
6637.0 238.0 14.0
6665.0 239.0 14.0
6665.0 239.0 14.0
6665.0 239.0 14.0
6693.0 240.0 14.0
6693.0 240.0 14.0
6693.0 240.0 14.0
6749.0 242.0 14.0
6777.0 243.0 14.0
6805.0 244.0 14.0
6833.0 245.0 14.0
6833.0 245.0 14.0
6917.0 248.0 14.0
6917.0 248.0 14.0
6973.0 250.0 14.0
6973.0 250.0 14.0
6973.0 250.0 14.0
6973.0 250.0 14.0
7029.0 252.0 14.0
7029.0 252.0 14.0
7057.0 253.0 14.0
7085.0 254.0 14.0
7113.0 255.0 14.0
7113.0 255.0 14.0
7169.0 257.0 14.0
7197.0 258.0 14.0
7197.0 258.0 14.0
7225.0 259.0 14.0
7225.0 259.0 14.0
7225.0 259.0 14.0
7337.0 263.0 14.0
7337.0 263.0 14.0
7365.0 264.0 14.0
7365.0 264.0 14.0
7533.0 270.0 14.0
7561.0 271.0 14.0
7561.0 271.0 14.0
7645.0 274.0 14.0
7645.0 274.0 14.0
7729.0 277.0 14.0
7757.0 278.0 14.0
