rev2
1.6009001E7 571751.0 14.0
1.6067745E7 573849.0 14.0
1.6081997E7 574358.0 14.0
1.6162525E7 577234.0 14.0
1.6303309E7 582262.0 14.0
1.6350265E7 583939.0 14.0
1.6354325E7 584084.0 14.0
1.6364265E7 584439.0 14.0
1.6385209E7 585187.0 14.0
1.6414581E7 586236.0 14.0
1.6450029E7 587502.0 14.0
1.6471757E7 588278.0 14.0
1.6475145E7 588399.0 14.0
1.6534981E7 590536.0 14.0
1.6541981E7 590786.0 14.0
1.6560377E7 591443.0 14.0
1.6586025E7 592359.0 14.0
1.6591933E7 592570.0 14.0
1.6600305E7 592869.0 14.0
1.6630629E7 593952.0 14.0
1.6638525E7 594234.0 14.0
1.6659973E7 595000.0 14.0
1.6670641E7 595381.0 14.0
1.6672265E7 595439.0 14.0
1.6674533E7 595520.0 14.0
1.6688001E7 596001.0 14.0
1.6700769E7 596457.0 14.0
1.6708525E7 596734.0 14.0
1.6725941E7 597356.0 14.0
1.6728209E7 597437.0 14.0
1.6733613E7 597630.0 14.0
1.6752261E7 598296.0 14.0
1.6759429E7 598552.0 14.0
1.6761361E7 598621.0 14.0
1.6762089E7 598647.0 14.0
1.6770769E7 598957.0 14.0
1.6784265E7 599439.0 14.0
1.6795493E7 599840.0 14.0
1.6801177E7 600043.0 14.0
1.6856673E7 602025.0 14.0
1.6861097E7 602183.0 14.0
1.6863141E7 602256.0 14.0
1.6863421E7 602266.0 14.0
1.6871793E7 602565.0 14.0
1.6935493E7 604840.0 14.0
1.6959993E7 605715.0 14.0
1.6963437E7 605838.0 14.0
1.6975421E7 606266.0 14.0
1.6979285E7 606404.0 14.0
1.6982785E7 606529.0 14.0
1.6999221E7 607116.0 14.0
1.6999725E7 607134.0 14.0
1.7003141E7 607256.0 14.0
1.7042397E7 608658.0 14.0
1.7045337E7 608763.0 14.0
1.7075185E7 609829.0 14.0
1.7076165E7 609864.0 14.0
1.7079049E7 609967.0 14.0
1.7107301E7 610976.0 14.0
1.7119985E7 611429.0 14.0
1.7131969E7 611857.0 14.0
1.7139753E7 612135.0 14.0
1.7149497E7 612483.0 14.0
1.7178757E7 613528.0 14.0
1.7189033E7 613895.0 14.0
1.7257129E7 616327.0 14.0
1.7285409E7 617337.0 14.0
1.7289861E7 617496.0 14.0
1.7318365E7 618514.0 14.0
1.7373301E7 620476.0 14.0
1.7393573E7 621200.0 14.0
1.7400797E7 621458.0 14.0
1.7404185E7 621579.0 14.0
1.7409085E7 621754.0 14.0
1.7434229E7 622652.0 14.0
1.7441089E7 622897.0 14.0
1.7482753E7 624385.0 14.0
1.7512321E7 625441.0 14.0
1.7535869E7 626282.0 14.0
1.7544157E7 626578.0 14.0
1.7551409E7 626837.0 14.0
1.7553901E7 626926.0 14.0
1.7567257E7 627403.0 14.0
1.7568517E7 627448.0 14.0
1.7576525E7 627734.0 14.0
1.7587025E7 628109.0 14.0
1.7638461E7 629946.0 14.0
1.7652377E7 630443.0 14.0
1.7714033E7 632645.0 14.0
1.7789017E7 635323.0 14.0
1.7833089E7 636897.0 14.0
1.7843813E7 637280.0 14.0
1.7883377E7 638693.0 14.0
1.8046337E7 644513.0 14.0
1.8046505E7 644519.0 14.0
1.8113369E7 646907.0 14.0
1.8480645E7 660024.0 14.0
1.8494225E7 660509.0 14.0
1.8510717E7 661098.0 14.0
1.9111401E7 682551.0 14.0
