rev2
2.77662169E8 9916507.0 14.0
2.81295897E8 1.0046283E7 14.0
2.82182965E8 1.0077964E7 14.0
2.84662953E8 1.0166535E7 14.0
2.84952025E8 1.0176859E7 14.0
2.85481141E8 1.0195756E7 14.0
2.85510765E8 1.0196814E7 14.0
2.85774021E8 1.0206216E7 14.0
2.85968817E8 1.0213173E7 14.0
2.85989649E8 1.0213917E7 14.0
2.86229525E8 1.0222484E7 14.0
2.86472173E8 1.023115E7 14.0
2.87388641E8 1.0263881E7 14.0
2.87520549E8 1.0268592E7 14.0
2.88027881E8 1.0286711E7 14.0
2.88564473E8 1.0305875E7 14.0
2.88696269E8 1.0310582E7 14.0
2.88913885E8 1.0318354E7 14.0
2.88929369E8 1.0318907E7 14.0
2.89128897E8 1.0326033E7 14.0
2.89244957E8 1.0330178E7 14.0
2.89305773E8 1.033235E7 14.0
2.89369221E8 1.0334616E7 14.0
2.89372665E8 1.0334739E7 14.0
2.89584961E8 1.0342321E7 14.0
2.89623965E8 1.0343714E7 14.0
2.90089661E8 1.0360346E7 14.0
2.90102261E8 1.0360796E7 14.0
2.90142077E8 1.0362218E7 14.0
2.90590749E8 1.0378242E7 14.0
2.91016125E8 1.0393434E7 14.0
2.91258801E8 1.0402101E7 14.0
2.91348737E8 1.0405313E7 14.0
2.91527965E8 1.0411714E7 14.0
2.91547845E8 1.0412424E7 14.0
2.91588193E8 1.0413865E7 14.0
2.91714361E8 1.0418371E7 14.0
2.92281977E8 1.0438643E7 14.0
2.92422481E8 1.0443661E7 14.0
2.93282893E8 1.047439E7 14.0
2.93304481E8 1.0475161E7 14.0
2.94023017E8 1.0500823E7 14.0
2.94297053E8 1.051061E7 14.0
2.94729737E8 1.0526063E7 14.0
2.94830957E8 1.0529678E7 14.0
2.94894153E8 1.0531935E7 14.0
2.94935481E8 1.0533411E7 14.0
2.94936573E8 1.053345E7 14.0
2.94989745E8 1.0535349E7 14.0
2.95227661E8 1.0543846E7 14.0
2.95483329E8 1.0552977E7 14.0
2.95989569E8 1.0571057E7 14.0
2.96079897E8 1.0574283E7 14.0
2.96136989E8 1.0576322E7 14.0
2.96421805E8 1.0586494E7 14.0
2.96480549E8 1.0588592E7 14.0
2.96696849E8 1.0596317E7 14.0
2.97048109E8 1.0608862E7 14.0
2.97210145E8 1.0614649E7 14.0
2.98016181E8 1.0643436E7 14.0
2.98120733E8 1.064717E7 14.0
2.98622465E8 1.0665089E7 14.0
2.99139121E8 1.0683541E7 14.0
2.99219257E8 1.0686403E7 14.0
2.99574213E8 1.069908E7 14.0
2.99623381E8 1.0700836E7 14.0
2.99811401E8 1.0707551E7 14.0
3.00039629E8 1.0715702E7 14.0
3.00140233E8 1.0719295E7 14.0
3.00443949E8 1.0730142E7 14.0
3.00657841E8 1.0737781E7 14.0
3.01226325E8 1.0758084E7 14.0
3.01399169E8 1.0764257E7 14.0
3.01414429E8 1.0764802E7 14.0
3.01620985E8 1.0772179E7 14.0
3.01766417E8 1.0777373E7 14.0
3.02706629E8 1.0810952E7 14.0
3.02969437E8 1.0820338E7 14.0
3.03356005E8 1.0834144E7 14.0
3.03415085E8 1.0836254E7 14.0
3.03571185E8 1.0841829E7 14.0
3.04120685E8 1.0861454E7 14.0
3.04231481E8 1.0865411E7 14.0
3.04785825E8 1.0885209E7 14.0
3.05066665E8 1.0895239E7 14.0
3.05951633E8 1.0926845E7 14.0
3.06323053E8 1.094011E7 14.0
3.06397085E8 1.0942754E7 14.0
3.06565309E8 1.0948762E7 14.0
3.08153973E8 1.10055E7 14.0
3.10466913E8 1.1088105E7 14.0
3.11159913E8 1.1112855E7 14.0
3.13476969E8 1.1195607E7 14.0
3.13765929E8 1.1205927E7 14.0
3.14761273E8 1.1241475E7 14.0
3.15523405E8 1.1268694E7 14.0
3.20677729E8 1.1452777E7 14.0
3.21487097E8 1.1481683E7 14.0
3.24532097E8 1.1590433E7 14.0
3.34045489E8 1.1930197E7 14.0
