rev2
1289.0 47.0 14.0
1289.0 47.0 14.0
1317.0 48.0 14.0
1317.0 48.0 14.0
1345.0 49.0 14.0
1345.0 49.0 14.0
1373.0 50.0 14.0
1373.0 50.0 14.0
1373.0 50.0 14.0
1401.0 51.0 14.0
1401.0 51.0 14.0
1401.0 51.0 14.0
1429.0 52.0 14.0
1429.0 52.0 14.0
1429.0 52.0 14.0
1429.0 52.0 14.0
1429.0 52.0 14.0
1429.0 52.0 14.0
1457.0 53.0 14.0
1457.0 53.0 14.0
1457.0 53.0 14.0
1457.0 53.0 14.0
1457.0 53.0 14.0
1457.0 53.0 14.0
1485.0 54.0 14.0
1485.0 54.0 14.0
1485.0 54.0 14.0
1485.0 54.0 14.0
1485.0 54.0 14.0
1485.0 54.0 14.0
1485.0 54.0 14.0
1513.0 55.0 14.0
1513.0 55.0 14.0
1513.0 55.0 14.0
1541.0 56.0 14.0
1541.0 56.0 14.0
1541.0 56.0 14.0
1541.0 56.0 14.0
1541.0 56.0 14.0
1541.0 56.0 14.0
1569.0 57.0 14.0
1569.0 57.0 14.0
1569.0 57.0 14.0
1569.0 57.0 14.0
1569.0 57.0 14.0
1597.0 58.0 14.0
1597.0 58.0 14.0
1597.0 58.0 14.0
1597.0 58.0 14.0
1597.0 58.0 14.0
1597.0 58.0 14.0
1597.0 58.0 14.0
1597.0 58.0 14.0
1597.0 58.0 14.0
1625.0 59.0 14.0
1625.0 59.0 14.0
1625.0 59.0 14.0
1653.0 60.0 14.0
1653.0 60.0 14.0
1653.0 60.0 14.0
1653.0 60.0 14.0
1653.0 60.0 14.0
1653.0 60.0 14.0
1653.0 60.0 14.0
1653.0 60.0 14.0
1653.0 60.0 14.0
1681.0 61.0 14.0
1681.0 61.0 14.0
1681.0 61.0 14.0
1681.0 61.0 14.0
1681.0 61.0 14.0
1709.0 62.0 14.0
1709.0 62.0 14.0
1709.0 62.0 14.0
1709.0 62.0 14.0
1709.0 62.0 14.0
1737.0 63.0 14.0
1737.0 63.0 14.0
1737.0 63.0 14.0
1737.0 63.0 14.0
1765.0 64.0 14.0
1765.0 64.0 14.0
1765.0 64.0 14.0
1765.0 64.0 14.0
1765.0 64.0 14.0
1793.0 65.0 14.0
1821.0 66.0 14.0
1849.0 67.0 14.0
1849.0 67.0 14.0
1877.0 68.0 14.0
1905.0 69.0 14.0
1905.0 69.0 14.0
1933.0 70.0 14.0
1933.0 70.0 14.0
1961.0 71.0 14.0
1961.0 71.0 14.0
1989.0 72.0 14.0
2073.0 75.0 14.0
2213.0 80.0 14.0
2213.0 80.0 14.0
