rev2
917813.0 32780.0 14.0
926885.0 33104.0 14.0
933101.0 33326.0 14.0
947857.0 33853.0 14.0
954269.0 34082.0 14.0
954381.0 34086.0 14.0
957461.0 34196.0 14.0
957573.0 34200.0 14.0
959645.0 34274.0 14.0
960065.0 34289.0 14.0
960513.0 34305.0 14.0
960905.0 34319.0 14.0
961437.0 34338.0 14.0
961465.0 34339.0 14.0
961577.0 34343.0 14.0
961857.0 34353.0 14.0
962053.0 34360.0 14.0
962165.0 34364.0 14.0
963425.0 34409.0 14.0
965217.0 34473.0 14.0
965609.0 34487.0 14.0
965749.0 34492.0 14.0
966449.0 34517.0 14.0
967149.0 34542.0 14.0
968661.0 34596.0 14.0
971041.0 34681.0 14.0
971433.0 34695.0 14.0
974849.0 34817.0 14.0
975073.0 34825.0 14.0
975885.0 34854.0 14.0
976669.0 34882.0 14.0
978349.0 34942.0 14.0
978657.0 34953.0 14.0
978797.0 34958.0 14.0
979721.0 34991.0 14.0
980057.0 35003.0 14.0
980869.0 35032.0 14.0
981233.0 35045.0 14.0
981597.0 35058.0 14.0
982129.0 35077.0 14.0
982549.0 35092.0 14.0
982633.0 35095.0 14.0
983837.0 35138.0 14.0
985405.0 35194.0 14.0
985545.0 35199.0 14.0
986441.0 35231.0 14.0
987589.0 35272.0 14.0
987673.0 35275.0 14.0
987897.0 35283.0 14.0
992657.0 35453.0 14.0
993581.0 35486.0 14.0
993889.0 35497.0 14.0
996241.0 35581.0 14.0
996969.0 35607.0 14.0
998173.0 35650.0 14.0
998341.0 35656.0 14.0
998649.0 35667.0 14.0
999741.0 35706.0 14.0
1001645.0 35774.0 14.0
1002121.0 35791.0 14.0
1003381.0 35836.0 14.0
1003605.0 35844.0 14.0
1003605.0 35844.0 14.0
1004221.0 35866.0 14.0
1004389.0 35872.0 14.0
1006209.0 35937.0 14.0
1006713.0 35955.0 14.0
1006881.0 35961.0 14.0
1008449.0 36017.0 14.0
1008785.0 36029.0 14.0
1009261.0 36046.0 14.0
1009877.0 36068.0 14.0
1011837.0 36138.0 14.0
1013573.0 36200.0 14.0
1014525.0 36234.0 14.0
1015449.0 36267.0 14.0
1017549.0 36342.0 14.0
1017633.0 36345.0 14.0
1018893.0 36390.0 14.0
1020265.0 36439.0 14.0
1024577.0 36593.0 14.0
1024689.0 36597.0 14.0
1028021.0 36716.0 14.0
1029337.0 36763.0 14.0
1031241.0 36831.0 14.0
1031269.0 36832.0 14.0
1033341.0 36906.0 14.0
1033705.0 36919.0 14.0
1043645.0 37274.0 14.0
1049021.0 37466.0 14.0
1050981.0 37536.0 14.0
1052269.0 37582.0 14.0
1052325.0 37584.0 14.0
1054565.0 37664.0 14.0
1057701.0 37776.0 14.0
1074501.0 38376.0 14.0
1075677.0 38418.0 14.0
1079485.0 38554.0 14.0
1097265.0 39189.0 14.0
1105749.0 39492.0 14.0
