rev2
7891829.0 281852.0 14.0
7981765.0 285064.0 14.0
7982745.0 285099.0 14.0
7985433.0 285195.0 14.0
7997445.0 285624.0 14.0
8032165.0 286864.0 14.0
8038745.0 287099.0 14.0
8061901.0 287926.0 14.0
8065597.0 288058.0 14.0
8073661.0 288346.0 14.0
8110397.0 289658.0 14.0
8113673.0 289775.0 14.0
8122745.0 290099.0 14.0
8148393.0 291015.0 14.0
8157801.0 291351.0 14.0
8175273.0 291975.0 14.0
8180397.0 292158.0 14.0
8182525.0 292234.0 14.0
8185969.0 292357.0 14.0
8188629.0 292452.0 14.0
8201929.0 292927.0 14.0
8205373.0 293050.0 14.0
8207837.0 293138.0 14.0
8213661.0 293346.0 14.0
8219065.0 293539.0 14.0
8222453.0 293660.0 14.0
8228249.0 293867.0 14.0
8236537.0 294163.0 14.0
8255549.0 294842.0 14.0
8260981.0 295036.0 14.0
8272937.0 295463.0 14.0
8283465.0 295839.0 14.0
8285789.0 295922.0 14.0
8288477.0 296018.0 14.0
8296345.0 296299.0 14.0
8296877.0 296318.0 14.0
8299481.0 296411.0 14.0
8304073.0 296575.0 14.0
8306621.0 296666.0 14.0
8306649.0 296667.0 14.0
8310905.0 296819.0 14.0
8314769.0 296957.0 14.0
8318297.0 297083.0 14.0
8324121.0 297291.0 14.0
8327593.0 297415.0 14.0
8331121.0 297541.0 14.0
8331513.0 297555.0 14.0
8331653.0 297560.0 14.0
8342013.0 297930.0 14.0
8345513.0 298055.0 14.0
8354221.0 298366.0 14.0
8371721.0 298991.0 14.0
8376537.0 299163.0 14.0
8391209.0 299687.0 14.0
8396445.0 299874.0 14.0
8418789.0 300672.0 14.0
8423829.0 300852.0 14.0
8434861.0 301246.0 14.0
8438921.0 301391.0 14.0
8444745.0 301599.0 14.0
8451493.0 301840.0 14.0
8456561.0 302021.0 14.0
8494193.0 303365.0 14.0
8505701.0 303776.0 14.0
8506625.0 303809.0 14.0
8509873.0 303925.0 14.0
8518105.0 304219.0 14.0
8523957.0 304428.0 14.0
8526897.0 304533.0 14.0
8559685.0 305704.0 14.0
8564137.0 305863.0 14.0
8567133.0 305970.0 14.0
8568589.0 306022.0 14.0
8582673.0 306525.0 14.0
8596729.0 307027.0 14.0
8610981.0 307536.0 14.0
8626129.0 308077.0 14.0
8635705.0 308419.0 14.0
8665469.0 309482.0 14.0
8736841.0 312031.0 14.0
8763553.0 312985.0 14.0
8763945.0 312999.0 14.0
8768173.0 313150.0 14.0
8792365.0 314014.0 14.0
8793737.0 314063.0 14.0
8818097.0 314933.0 14.0
8821541.0 315056.0 14.0
8840917.0 315748.0 14.0
8867153.0 316685.0 14.0
8886837.0 317388.0 14.0
8905289.0 318047.0 14.0
8981393.0 320765.0 14.0
8987469.0 320982.0 14.0
9019165.0 322114.0 14.0
9030421.0 322516.0 14.0
9054193.0 323365.0 14.0
9071469.0 323982.0 14.0
9098545.0 324949.0 14.0
9193969.0 328357.0 14.0
9537277.0 340618.0 14.0
