rev2
11817.0 423.0 14.0
11873.0 425.0 14.0
11985.0 429.0 14.0
12209.0 437.0 14.0
12237.0 438.0 14.0
12321.0 441.0 14.0
12377.0 443.0 14.0
12489.0 447.0 14.0
12545.0 449.0 14.0
12573.0 450.0 14.0
12601.0 451.0 14.0
12629.0 452.0 14.0
12629.0 452.0 14.0
12657.0 453.0 14.0
12657.0 453.0 14.0
12685.0 454.0 14.0
12713.0 455.0 14.0
12713.0 455.0 14.0
12825.0 459.0 14.0
12853.0 460.0 14.0
12853.0 460.0 14.0
12853.0 460.0 14.0
12909.0 462.0 14.0
12937.0 463.0 14.0
12965.0 464.0 14.0
12965.0 464.0 14.0
12965.0 464.0 14.0
12965.0 464.0 14.0
13021.0 466.0 14.0
13021.0 466.0 14.0
13049.0 467.0 14.0
13049.0 467.0 14.0
13077.0 468.0 14.0
13133.0 470.0 14.0
13161.0 471.0 14.0
13161.0 471.0 14.0
13161.0 471.0 14.0
13161.0 471.0 14.0
13245.0 474.0 14.0
13245.0 474.0 14.0
13273.0 475.0 14.0
13273.0 475.0 14.0
13301.0 476.0 14.0
13329.0 477.0 14.0
13357.0 478.0 14.0
13357.0 478.0 14.0
13357.0 478.0 14.0
13357.0 478.0 14.0
13385.0 479.0 14.0
13385.0 479.0 14.0
13413.0 480.0 14.0
13413.0 480.0 14.0
13441.0 481.0 14.0
13441.0 481.0 14.0
13469.0 482.0 14.0
13497.0 483.0 14.0
13525.0 484.0 14.0
13525.0 484.0 14.0
13553.0 485.0 14.0
13581.0 486.0 14.0
13609.0 487.0 14.0
13609.0 487.0 14.0
13637.0 488.0 14.0
13665.0 489.0 14.0
13665.0 489.0 14.0
13665.0 489.0 14.0
13693.0 490.0 14.0
13749.0 492.0 14.0
13749.0 492.0 14.0
13749.0 492.0 14.0
13777.0 493.0 14.0
13777.0 493.0 14.0
13805.0 494.0 14.0
13833.0 495.0 14.0
13889.0 497.0 14.0
13917.0 498.0 14.0
13973.0 500.0 14.0
13973.0 500.0 14.0
14029.0 502.0 14.0
14113.0 505.0 14.0
14197.0 508.0 14.0
14309.0 512.0 14.0
14393.0 515.0 14.0
14533.0 520.0 14.0
14645.0 524.0 14.0
14701.0 526.0 14.0
14729.0 527.0 14.0
14785.0 529.0 14.0
14785.0 529.0 14.0
14869.0 532.0 14.0
14925.0 534.0 14.0
15009.0 537.0 14.0
15037.0 538.0 14.0
15065.0 539.0 14.0
15065.0 539.0 14.0
15093.0 540.0 14.0
15149.0 542.0 14.0
15289.0 547.0 14.0
15345.0 549.0 14.0
15401.0 551.0 14.0
