rev2
52529.0 1877.0 14.0
52809.0 1887.0 14.0
52893.0 1890.0 14.0
53061.0 1896.0 14.0
53117.0 1898.0 14.0
53173.0 1900.0 14.0
53369.0 1907.0 14.0
53593.0 1915.0 14.0
53649.0 1917.0 14.0
53705.0 1919.0 14.0
53845.0 1924.0 14.0
54013.0 1930.0 14.0
54097.0 1933.0 14.0
54377.0 1943.0 14.0
54433.0 1945.0 14.0
54461.0 1946.0 14.0
54517.0 1948.0 14.0
54629.0 1952.0 14.0
54741.0 1956.0 14.0
54797.0 1958.0 14.0
54881.0 1961.0 14.0
55049.0 1967.0 14.0
55077.0 1968.0 14.0
55161.0 1971.0 14.0
55217.0 1973.0 14.0
55245.0 1974.0 14.0
55301.0 1976.0 14.0
55385.0 1979.0 14.0
55385.0 1979.0 14.0
55441.0 1981.0 14.0
55441.0 1981.0 14.0
55497.0 1983.0 14.0
55497.0 1983.0 14.0
55525.0 1984.0 14.0
55721.0 1991.0 14.0
55833.0 1995.0 14.0
55861.0 1996.0 14.0
55861.0 1996.0 14.0
55973.0 2000.0 14.0
56085.0 2004.0 14.0
56169.0 2007.0 14.0
56309.0 2012.0 14.0
56309.0 2012.0 14.0
56337.0 2013.0 14.0
56365.0 2014.0 14.0
56533.0 2020.0 14.0
56701.0 2026.0 14.0
56785.0 2029.0 14.0
56785.0 2029.0 14.0
56897.0 2033.0 14.0
56925.0 2034.0 14.0
57065.0 2039.0 14.0
57065.0 2039.0 14.0
57093.0 2040.0 14.0
57121.0 2041.0 14.0
57177.0 2043.0 14.0
57233.0 2045.0 14.0
57317.0 2048.0 14.0
57345.0 2049.0 14.0
57401.0 2051.0 14.0
57401.0 2051.0 14.0
57457.0 2053.0 14.0
57485.0 2054.0 14.0
57625.0 2059.0 14.0
57653.0 2060.0 14.0
57793.0 2065.0 14.0
57821.0 2066.0 14.0
57877.0 2068.0 14.0
58185.0 2079.0 14.0
58241.0 2081.0 14.0
58241.0 2081.0 14.0
58353.0 2085.0 14.0
58381.0 2086.0 14.0
58409.0 2087.0 14.0
58577.0 2093.0 14.0
58633.0 2095.0 14.0
58689.0 2097.0 14.0
58829.0 2102.0 14.0
58913.0 2105.0 14.0
59025.0 2109.0 14.0
59053.0 2110.0 14.0
59669.0 2132.0 14.0
59697.0 2133.0 14.0
59949.0 2142.0 14.0
59977.0 2143.0 14.0
60089.0 2147.0 14.0
60397.0 2158.0 14.0
60509.0 2162.0 14.0
60565.0 2164.0 14.0
60873.0 2175.0 14.0
60985.0 2179.0 14.0
61209.0 2187.0 14.0
61713.0 2205.0 14.0
62357.0 2228.0 14.0
62637.0 2238.0 14.0
62749.0 2242.0 14.0
62889.0 2247.0 14.0
63729.0 2277.0 14.0
65885.0 2354.0 14.0
65969.0 2357.0 14.0
