rev2
3.3249889E7 1187497.0 14.0
3.3297881E7 1189211.0 14.0
3.3301409E7 1189337.0 14.0
3.3337921E7 1190641.0 14.0
3.3355029E7 1191252.0 14.0
3.3541705E7 1197919.0 14.0
3.3554053E7 1198360.0 14.0
3.3569313E7 1198905.0 14.0
3.3571497E7 1198983.0 14.0
3.3611173E7 1200400.0 14.0
3.3638557E7 1201378.0 14.0
3.3644073E7 1201575.0 14.0
3.3704861E7 1203746.0 14.0
3.3717097E7 1204183.0 14.0
3.3780265E7 1206439.0 14.0
3.3792753E7 1206885.0 14.0
3.3816301E7 1207726.0 14.0
3.3899517E7 1210698.0 14.0
3.3907525E7 1210984.0 14.0
3.3974921E7 1213391.0 14.0
3.3990125E7 1213934.0 14.0
3.4017005E7 1214894.0 14.0
3.4043605E7 1215844.0 14.0
3.4169549E7 1220342.0 14.0
3.4181421E7 1220766.0 14.0
3.4182709E7 1220812.0 14.0
3.4312153E7 1225435.0 14.0
3.4330689E7 1226097.0 14.0
3.4353901E7 1226926.0 14.0
3.4412225E7 1229009.0 14.0
3.4423537E7 1229413.0 14.0
3.4426953E7 1229535.0 14.0
3.4484661E7 1231596.0 14.0
3.4529629E7 1233202.0 14.0
3.4535201E7 1233401.0 14.0
3.4536657E7 1233453.0 14.0
3.4541529E7 1233627.0 14.0
3.4547325E7 1233834.0 14.0
3.4628441E7 1236731.0 14.0
3.4632221E7 1236866.0 14.0
3.4647005E7 1237394.0 14.0
3.4650813E7 1237530.0 14.0
3.4679709E7 1238562.0 14.0
3.4686625E7 1238809.0 14.0
3.4753517E7 1241198.0 14.0
3.4760321E7 1241441.0 14.0
3.4772053E7 1241860.0 14.0
3.4778857E7 1242103.0 14.0
3.4791765E7 1242564.0 14.0
3.4795433E7 1242695.0 14.0
3.4826653E7 1243810.0 14.0
3.4846169E7 1244507.0 14.0
3.4965701E7 1248776.0 14.0
3.4971413E7 1248980.0 14.0
3.5010389E7 1250372.0 14.0
3.5047937E7 1251713.0 14.0
3.5070841E7 1252531.0 14.0
3.5109285E7 1253904.0 14.0
3.5198549E7 1257092.0 14.0
3.5218597E7 1257808.0 14.0
3.5234977E7 1258393.0 14.0
3.5258945E7 1259249.0 14.0
3.5260541E7 1259306.0 14.0
3.5276921E7 1259891.0 14.0
3.5327069E7 1261682.0 14.0
3.5361761E7 1262921.0 14.0
3.5371729E7 1263277.0 14.0
3.5386401E7 1263801.0 14.0
3.5392953E7 1264035.0 14.0
3.5441589E7 1265772.0 14.0
3.5446517E7 1265948.0 14.0
3.5453517E7 1266198.0 14.0
3.5458949E7 1266392.0 14.0
3.5459733E7 1266420.0 14.0
3.5569185E7 1270329.0 14.0
3.5605445E7 1271624.0 14.0
3.5689445E7 1274624.0 14.0
3.5896253E7 1282010.0 14.0
3.5930973E7 1283250.0 14.0
3.6056917E7 1287748.0 14.0
3.6202349E7 1292942.0 14.0
3.6244349E7 1294442.0 14.0
3.6308273E7 1296725.0 14.0
3.6344337E7 1298013.0 14.0
3.6363741E7 1298706.0 14.0
3.6367829E7 1298852.0 14.0
3.6371721E7 1298991.0 14.0
3.6433237E7 1301188.0 14.0
3.6448973E7 1301750.0 14.0
3.6546861E7 1305246.0 14.0
3.6647773E7 1308850.0 14.0
3.6670845E7 1309674.0 14.0
3.6730933E7 1311820.0 14.0
3.7114197E7 1325508.0 14.0
3.7220793E7 1329315.0 14.0
3.7352141E7 1334006.0 14.0
3.7609741E7 1343206.0 14.0
3.8362437E7 1370088.0 14.0
3.8847929E7 1387427.0 14.0
4.2336365E7 1512014.0 14.0
