rev2
106317.0 3798.0 14.0
107185.0 3829.0 14.0
107325.0 3834.0 14.0
107409.0 3837.0 14.0
108641.0 3881.0 14.0
108865.0 3889.0 14.0
109033.0 3895.0 14.0
109061.0 3896.0 14.0
109397.0 3908.0 14.0
109649.0 3917.0 14.0
109649.0 3917.0 14.0
109873.0 3925.0 14.0
110293.0 3940.0 14.0
110461.0 3946.0 14.0
110601.0 3951.0 14.0
110629.0 3952.0 14.0
110853.0 3960.0 14.0
111105.0 3969.0 14.0
111217.0 3973.0 14.0
111245.0 3974.0 14.0
111413.0 3980.0 14.0
111469.0 3982.0 14.0
111749.0 3992.0 14.0
111861.0 3996.0 14.0
111889.0 3997.0 14.0
111917.0 3998.0 14.0
112001.0 4001.0 14.0
112085.0 4004.0 14.0
112309.0 4012.0 14.0
112477.0 4018.0 14.0
112589.0 4022.0 14.0
112617.0 4023.0 14.0
112673.0 4025.0 14.0
112841.0 4031.0 14.0
112841.0 4031.0 14.0
113065.0 4039.0 14.0
113289.0 4047.0 14.0
113681.0 4061.0 14.0
113849.0 4067.0 14.0
113905.0 4069.0 14.0
113961.0 4071.0 14.0
114017.0 4073.0 14.0
114073.0 4075.0 14.0
114101.0 4076.0 14.0
114101.0 4076.0 14.0
114297.0 4083.0 14.0
114521.0 4091.0 14.0
114549.0 4092.0 14.0
114633.0 4095.0 14.0
114661.0 4096.0 14.0
114717.0 4098.0 14.0
114857.0 4103.0 14.0
114885.0 4104.0 14.0
114969.0 4107.0 14.0
115025.0 4109.0 14.0
115193.0 4115.0 14.0
115221.0 4116.0 14.0
115417.0 4123.0 14.0
115529.0 4127.0 14.0
115669.0 4132.0 14.0
115865.0 4139.0 14.0
115921.0 4141.0 14.0
116089.0 4147.0 14.0
116201.0 4151.0 14.0
116229.0 4152.0 14.0
116285.0 4154.0 14.0
116341.0 4156.0 14.0
116621.0 4166.0 14.0
116985.0 4179.0 14.0
117013.0 4180.0 14.0
117125.0 4184.0 14.0
117153.0 4185.0 14.0
117293.0 4190.0 14.0
117405.0 4194.0 14.0
117909.0 4212.0 14.0
118833.0 4245.0 14.0
119001.0 4251.0 14.0
119617.0 4273.0 14.0
119673.0 4275.0 14.0
120065.0 4289.0 14.0
120205.0 4294.0 14.0
120625.0 4309.0 14.0
121689.0 4347.0 14.0
122137.0 4363.0 14.0
122501.0 4376.0 14.0
122557.0 4378.0 14.0
123173.0 4400.0 14.0
123621.0 4416.0 14.0
124237.0 4438.0 14.0
124489.0 4447.0 14.0
124853.0 4460.0 14.0
125329.0 4477.0 14.0
125553.0 4485.0 14.0
126505.0 4519.0 14.0
126841.0 4531.0 14.0
127205.0 4544.0 14.0
127681.0 4561.0 14.0
130033.0 4645.0 14.0
133281.0 4761.0 14.0
140813.0 5030.0 14.0
