rev2
450857.0 16103.0 14.0
456457.0 16303.0 14.0
458249.0 16367.0 14.0
459005.0 16394.0 14.0
460097.0 16433.0 14.0
461189.0 16472.0 14.0
461665.0 16489.0 14.0
463625.0 16559.0 14.0
465165.0 16614.0 14.0
465641.0 16631.0 14.0
465977.0 16643.0 14.0
466313.0 16655.0 14.0
466677.0 16668.0 14.0
468133.0 16720.0 14.0
469057.0 16753.0 14.0
469729.0 16777.0 14.0
470177.0 16793.0 14.0
470289.0 16797.0 14.0
470289.0 16797.0 14.0
470345.0 16799.0 14.0
470625.0 16809.0 14.0
470793.0 16815.0 14.0
475245.0 16974.0 14.0
475301.0 16976.0 14.0
475357.0 16978.0 14.0
475693.0 16990.0 14.0
476085.0 17004.0 14.0
476253.0 17010.0 14.0
476337.0 17013.0 14.0
476841.0 17031.0 14.0
477177.0 17043.0 14.0
477401.0 17051.0 14.0
477877.0 17068.0 14.0
478885.0 17104.0 14.0
480033.0 17145.0 14.0
480229.0 17152.0 14.0
480985.0 17179.0 14.0
481041.0 17181.0 14.0
481657.0 17203.0 14.0
481965.0 17214.0 14.0
482049.0 17217.0 14.0
482049.0 17217.0 14.0
482469.0 17232.0 14.0
482833.0 17245.0 14.0
483421.0 17266.0 14.0
483701.0 17276.0 14.0
483757.0 17278.0 14.0
484009.0 17287.0 14.0
484149.0 17292.0 14.0
484485.0 17304.0 14.0
484849.0 17317.0 14.0
484989.0 17322.0 14.0
485857.0 17353.0 14.0
486305.0 17369.0 14.0
487649.0 17417.0 14.0
488125.0 17434.0 14.0
488713.0 17455.0 14.0
490085.0 17504.0 14.0
490085.0 17504.0 14.0
490309.0 17512.0 14.0
490393.0 17515.0 14.0
491457.0 17553.0 14.0
491849.0 17567.0 14.0
491905.0 17569.0 14.0
492213.0 17580.0 14.0
492941.0 17606.0 14.0
493725.0 17634.0 14.0
494341.0 17656.0 14.0
494565.0 17664.0 14.0
497337.0 17763.0 14.0
497785.0 17779.0 14.0
497869.0 17782.0 14.0
497953.0 17785.0 14.0
498205.0 17794.0 14.0
498429.0 17802.0 14.0
500165.0 17864.0 14.0
500585.0 17879.0 14.0
501901.0 17926.0 14.0
502489.0 17947.0 14.0
503693.0 17990.0 14.0
503917.0 17998.0 14.0
504365.0 18014.0 14.0
505513.0 18055.0 14.0
505765.0 18064.0 14.0
506913.0 18105.0 14.0
507613.0 18130.0 14.0
507921.0 18141.0 14.0
508453.0 18160.0 14.0
511309.0 18262.0 14.0
513829.0 18352.0 14.0
513969.0 18357.0 14.0
515313.0 18405.0 14.0
516993.0 18465.0 14.0
521137.0 18613.0 14.0
522061.0 18646.0 14.0
523657.0 18703.0 14.0
524245.0 18724.0 14.0
524889.0 18747.0 14.0
560869.0 20032.0 14.0
582093.0 20790.0 14.0
