rev2
113.0 5.0 14.0
141.0 6.0 14.0
141.0 6.0 14.0
141.0 6.0 14.0
141.0 6.0 14.0
141.0 6.0 14.0
141.0 6.0 14.0
169.0 7.0 14.0
169.0 7.0 14.0
169.0 7.0 14.0
169.0 7.0 14.0
169.0 7.0 14.0
169.0 7.0 14.0
169.0 7.0 14.0
169.0 7.0 14.0
169.0 7.0 14.0
169.0 7.0 14.0
169.0 7.0 14.0
197.0 8.0 14.0
197.0 8.0 14.0
197.0 8.0 14.0
197.0 8.0 14.0
197.0 8.0 14.0
197.0 8.0 14.0
197.0 8.0 14.0
197.0 8.0 14.0
197.0 8.0 14.0
197.0 8.0 14.0
197.0 8.0 14.0
197.0 8.0 14.0
197.0 8.0 14.0
197.0 8.0 14.0
225.0 9.0 14.0
225.0 9.0 14.0
225.0 9.0 14.0
225.0 9.0 14.0
225.0 9.0 14.0
225.0 9.0 14.0
225.0 9.0 14.0
225.0 9.0 14.0
225.0 9.0 14.0
225.0 9.0 14.0
225.0 9.0 14.0
225.0 9.0 14.0
225.0 9.0 14.0
225.0 9.0 14.0
225.0 9.0 14.0
225.0 9.0 14.0
225.0 9.0 14.0
225.0 9.0 14.0
225.0 9.0 14.0
225.0 9.0 14.0
253.0 10.0 14.0
253.0 10.0 14.0
253.0 10.0 14.0
253.0 10.0 14.0
253.0 10.0 14.0
253.0 10.0 14.0
253.0 10.0 14.0
253.0 10.0 14.0
253.0 10.0 14.0
253.0 10.0 14.0
253.0 10.0 14.0
253.0 10.0 14.0
253.0 10.0 14.0
253.0 10.0 14.0
281.0 11.0 14.0
281.0 11.0 14.0
281.0 11.0 14.0
281.0 11.0 14.0
281.0 11.0 14.0
281.0 11.0 14.0
281.0 11.0 14.0
281.0 11.0 14.0
281.0 11.0 14.0
281.0 11.0 14.0
281.0 11.0 14.0
281.0 11.0 14.0
281.0 11.0 14.0
309.0 12.0 14.0
309.0 12.0 14.0
309.0 12.0 14.0
309.0 12.0 14.0
309.0 12.0 14.0
309.0 12.0 14.0
309.0 12.0 14.0
309.0 12.0 14.0
337.0 13.0 14.0
337.0 13.0 14.0
365.0 14.0 14.0
365.0 14.0 14.0
365.0 14.0 14.0
365.0 14.0 14.0
365.0 14.0 14.0
393.0 15.0 14.0
393.0 15.0 14.0
421.0 16.0 14.0
449.0 17.0 14.0
533.0 20.0 14.0
589.0 22.0 14.0
