rev2
9344273.0 333725.0 14.0
9459773.0 337850.0 14.0
9488473.0 338875.0 14.0
9551809.0 341137.0 14.0
9551837.0 341138.0 14.0
9575553.0 341985.0 14.0
9588741.0 342456.0 14.0
9603189.0 342972.0 14.0
9612009.0 343287.0 14.0
9647961.0 344571.0 14.0
9655073.0 344825.0 14.0
9670781.0 345386.0 14.0
9692901.0 346176.0 14.0
9702841.0 346531.0 14.0
9719249.0 347117.0 14.0
9737953.0 347785.0 14.0
9739101.0 347826.0 14.0
9745513.0 348055.0 14.0
9772533.0 349020.0 14.0
9789417.0 349623.0 14.0
9790229.0 349652.0 14.0
9792105.0 349719.0 14.0
9804061.0 350146.0 14.0
9804397.0 350158.0 14.0
9821085.0 350754.0 14.0
9826853.0 350960.0 14.0
9851941.0 351856.0 14.0
9856813.0 352030.0 14.0
9864737.0 352313.0 14.0
9885289.0 353047.0 14.0
9890749.0 353242.0 14.0
9910517.0 353948.0 14.0
9911945.0 353999.0 14.0
9913485.0 354054.0 14.0
9914297.0 354083.0 14.0
9919701.0 354276.0 14.0
9919785.0 354279.0 14.0
9925385.0 354479.0 14.0
9932413.0 354730.0 14.0
9933981.0 354786.0 14.0
9935185.0 354829.0 14.0
9937733.0 354920.0 14.0
9957053.0 355610.0 14.0
9958257.0 355653.0 14.0
9961253.0 355760.0 14.0
9983513.0 356555.0 14.0
1.0009833E7 357495.0 14.0
1.0022993E7 357965.0 14.0
1.0025037E7 358038.0 14.0
1.0031897E7 358283.0 14.0
1.0036097E7 358433.0 14.0
1.0040409E7 358587.0 14.0
1.0046933E7 358820.0 14.0
1.0049369E7 358907.0 14.0
1.0050825E7 358959.0 14.0
1.0062725E7 359384.0 14.0
1.0064685E7 359454.0 14.0
1.0105117E7 360898.0 14.0
1.0110437E7 361088.0 14.0
1.0124213E7 361580.0 14.0
1.0195109E7 364112.0 14.0
1.0220113E7 365005.0 14.0
1.0225433E7 365195.0 14.0
1.0234309E7 365512.0 14.0
1.0241757E7 365778.0 14.0
1.0242905E7 365819.0 14.0
1.0243297E7 365833.0 14.0
1.0271185E7 366829.0 14.0
1.0290085E7 367504.0 14.0
1.0304337E7 368013.0 14.0
1.0365237E7 370188.0 14.0
1.0398809E7 371387.0 14.0
1.0400545E7 371449.0 14.0
1.0405781E7 371636.0 14.0
1.0417009E7 372037.0 14.0
1.0450525E7 373234.0 14.0
1.0461109E7 373612.0 14.0
1.0511845E7 375424.0 14.0
1.0534581E7 376236.0 14.0
1.0556057E7 377003.0 14.0
1.0628969E7 379607.0 14.0
1.0635941E7 379856.0 14.0
1.0660049E7 380717.0 14.0
1.0675869E7 381282.0 14.0
1.0686481E7 381661.0 14.0
1.0749929E7 383927.0 14.0
1.0851989E7 387572.0 14.0
1.0855237E7 387688.0 14.0
1.0892925E7 389034.0 14.0
1.0916137E7 389863.0 14.0
1.0973061E7 391896.0 14.0
1.1122301E7 397226.0 14.0
1.1123617E7 397273.0 14.0
1.1206413E7 400230.0 14.0
1.1303153E7 403685.0 14.0
1.1303881E7 403711.0 14.0
1.1458917E7 409248.0 14.0
1.1614681E7 414811.0 14.0
1.2292029E7 439002.0 14.0
1.2717741E7 454206.0 14.0
