rev2
7477.0 268.0 14.0
7701.0 276.0 14.0
7729.0 277.0 14.0
7757.0 278.0 14.0
7841.0 281.0 14.0
7869.0 282.0 14.0
7897.0 283.0 14.0
7925.0 284.0 14.0
7953.0 285.0 14.0
8009.0 287.0 14.0
8009.0 287.0 14.0
8037.0 288.0 14.0
8149.0 292.0 14.0
8261.0 296.0 14.0
8345.0 299.0 14.0
8401.0 301.0 14.0
8429.0 302.0 14.0
8457.0 303.0 14.0
8457.0 303.0 14.0
8485.0 304.0 14.0
8513.0 305.0 14.0
8541.0 306.0 14.0
8569.0 307.0 14.0
8597.0 308.0 14.0
8653.0 310.0 14.0
8653.0 310.0 14.0
8653.0 310.0 14.0
8653.0 310.0 14.0
8709.0 312.0 14.0
8765.0 314.0 14.0
8793.0 315.0 14.0
8821.0 316.0 14.0
8877.0 318.0 14.0
8961.0 321.0 14.0
8989.0 322.0 14.0
9017.0 323.0 14.0
9045.0 324.0 14.0
9045.0 324.0 14.0
9101.0 326.0 14.0
9101.0 326.0 14.0
9101.0 326.0 14.0
9129.0 327.0 14.0
9129.0 327.0 14.0
9129.0 327.0 14.0
9129.0 327.0 14.0
9157.0 328.0 14.0
9157.0 328.0 14.0
9157.0 328.0 14.0
9185.0 329.0 14.0
9185.0 329.0 14.0
9213.0 330.0 14.0
9213.0 330.0 14.0
9213.0 330.0 14.0
9269.0 332.0 14.0
9269.0 332.0 14.0
9269.0 332.0 14.0
9297.0 333.0 14.0
9297.0 333.0 14.0
9297.0 333.0 14.0
9325.0 334.0 14.0
9353.0 335.0 14.0
9353.0 335.0 14.0
9409.0 337.0 14.0
9409.0 337.0 14.0
9409.0 337.0 14.0
9437.0 338.0 14.0
9465.0 339.0 14.0
9465.0 339.0 14.0
9493.0 340.0 14.0
9521.0 341.0 14.0
9549.0 342.0 14.0
9549.0 342.0 14.0
9605.0 344.0 14.0
9689.0 347.0 14.0
9689.0 347.0 14.0
9717.0 348.0 14.0
9773.0 350.0 14.0
9801.0 351.0 14.0
9801.0 351.0 14.0
9801.0 351.0 14.0
9857.0 353.0 14.0
9885.0 354.0 14.0
9997.0 358.0 14.0
10053.0 360.0 14.0
10081.0 361.0 14.0
10081.0 361.0 14.0
10109.0 362.0 14.0
10137.0 363.0 14.0
10165.0 364.0 14.0
10193.0 365.0 14.0
10249.0 367.0 14.0
10305.0 369.0 14.0
10417.0 373.0 14.0
10613.0 380.0 14.0
10641.0 381.0 14.0
10949.0 392.0 14.0
10949.0 392.0 14.0
11005.0 394.0 14.0
11117.0 398.0 14.0
11117.0 398.0 14.0
