rev2
4569797.0 163208.0 14.0
4686585.0 167379.0 14.0
4700361.0 167871.0 14.0
4731441.0 168981.0 14.0
4739785.0 169279.0 14.0
4751293.0 169690.0 14.0
4756585.0 169879.0 14.0
4758237.0 169938.0 14.0
4758321.0 169941.0 14.0
4762493.0 170090.0 14.0
4779181.0 170686.0 14.0
4787749.0 170992.0 14.0
4793937.0 171213.0 14.0
4794693.0 171240.0 14.0
4821181.0 172186.0 14.0
4823421.0 172266.0 14.0
4824849.0 172317.0 14.0
4828629.0 172452.0 14.0
4835573.0 172700.0 14.0
4837393.0 172765.0 14.0
4837925.0 172784.0 14.0
4882193.0 174365.0 14.0
4891825.0 174709.0 14.0
4896389.0 174872.0 14.0
4897789.0 174922.0 14.0
4898125.0 174934.0 14.0
4904369.0 175157.0 14.0
4919573.0 175700.0 14.0
4920077.0 175718.0 14.0
4926769.0 175957.0 14.0
4927861.0 175996.0 14.0
4929065.0 176039.0 14.0
4934917.0 176248.0 14.0
4939145.0 176399.0 14.0
4939957.0 176428.0 14.0
4940405.0 176444.0 14.0
4947321.0 176691.0 14.0
4949057.0 176753.0 14.0
4949225.0 176759.0 14.0
4953621.0 176916.0 14.0
4966753.0 177385.0 14.0
4967005.0 177394.0 14.0
4987641.0 178131.0 14.0
4992037.0 178288.0 14.0
4994445.0 178374.0 14.0
4995789.0 178422.0 14.0
5004385.0 178729.0 14.0
5017601.0 179201.0 14.0
5049465.0 180339.0 14.0
5055821.0 180566.0 14.0
5057137.0 180613.0 14.0
5057697.0 180633.0 14.0
5059573.0 180700.0 14.0
5061169.0 180757.0 14.0
5065201.0 180901.0 14.0
5066993.0 180965.0 14.0
5067357.0 180978.0 14.0
5083765.0 181564.0 14.0
5096113.0 182005.0 14.0
5108265.0 182439.0 14.0
5108965.0 182464.0 14.0
5125681.0 183061.0 14.0
5129545.0 183199.0 14.0
5137441.0 183481.0 14.0
5138421.0 183516.0 14.0
5143293.0 183690.0 14.0
5149369.0 183907.0 14.0
5161829.0 184352.0 14.0
5164573.0 184450.0 14.0
5167317.0 184548.0 14.0
5171909.0 184712.0 14.0
5185405.0 185194.0 14.0
5193329.0 185477.0 14.0
5209429.0 186052.0 14.0
5228553.0 186735.0 14.0
5237065.0 187039.0 14.0
5247173.0 187400.0 14.0
5248993.0 187465.0 14.0
5252521.0 187591.0 14.0
5257981.0 187786.0 14.0
5263217.0 187973.0 14.0
5263637.0 187988.0 14.0
5275677.0 188418.0 14.0
5283937.0 188713.0 14.0
5304041.0 189431.0 14.0
5308381.0 189586.0 14.0
5357017.0 191323.0 14.0
5374853.0 191960.0 14.0
5377037.0 192038.0 14.0
5424413.0 193730.0 14.0
5464285.0 195154.0 14.0
5478453.0 195660.0 14.0
5486545.0 195949.0 14.0
5553885.0 198354.0 14.0
5594009.0 199787.0 14.0
5657737.0 202063.0 14.0
5659137.0 202113.0 14.0
5661573.0 202200.0 14.0
5826017.0 208073.0 14.0
5850741.0 208956.0 14.0
