rev2
15261.0 546.0 14.0
15513.0 555.0 14.0
15597.0 558.0 14.0
15625.0 559.0 14.0
15849.0 567.0 14.0
15849.0 567.0 14.0
16073.0 575.0 14.0
16101.0 576.0 14.0
16577.0 593.0 14.0
16577.0 593.0 14.0
16605.0 594.0 14.0
16773.0 600.0 14.0
16773.0 600.0 14.0
16801.0 601.0 14.0
16857.0 603.0 14.0
16913.0 605.0 14.0
17053.0 610.0 14.0
17053.0 610.0 14.0
17109.0 612.0 14.0
17109.0 612.0 14.0
17109.0 612.0 14.0
17165.0 614.0 14.0
17221.0 616.0 14.0
17249.0 617.0 14.0
17249.0 617.0 14.0
17305.0 619.0 14.0
17333.0 620.0 14.0
17417.0 623.0 14.0
17473.0 625.0 14.0
17501.0 626.0 14.0
17529.0 627.0 14.0
17529.0 627.0 14.0
17557.0 628.0 14.0
17585.0 629.0 14.0
17613.0 630.0 14.0
17613.0 630.0 14.0
17641.0 631.0 14.0
17669.0 632.0 14.0
17669.0 632.0 14.0
17669.0 632.0 14.0
17697.0 633.0 14.0
17697.0 633.0 14.0
17725.0 634.0 14.0
17781.0 636.0 14.0
17781.0 636.0 14.0
17837.0 638.0 14.0
17865.0 639.0 14.0
17921.0 641.0 14.0
18005.0 644.0 14.0
18061.0 646.0 14.0
18061.0 646.0 14.0
18117.0 648.0 14.0
18145.0 649.0 14.0
18313.0 655.0 14.0
18369.0 657.0 14.0
18369.0 657.0 14.0
18397.0 658.0 14.0
18425.0 659.0 14.0
18481.0 661.0 14.0
18481.0 661.0 14.0
18509.0 662.0 14.0
18565.0 664.0 14.0
18705.0 669.0 14.0
18705.0 669.0 14.0
18817.0 673.0 14.0
18873.0 675.0 14.0
18901.0 676.0 14.0
18901.0 676.0 14.0
18929.0 677.0 14.0
18985.0 679.0 14.0
19097.0 683.0 14.0
19097.0 683.0 14.0
19125.0 684.0 14.0
19125.0 684.0 14.0
19237.0 688.0 14.0
19349.0 692.0 14.0
19377.0 693.0 14.0
19545.0 699.0 14.0
19629.0 702.0 14.0
19769.0 707.0 14.0
19769.0 707.0 14.0
19769.0 707.0 14.0
20021.0 716.0 14.0
20133.0 720.0 14.0
20133.0 720.0 14.0
20273.0 725.0 14.0
20413.0 730.0 14.0
20469.0 732.0 14.0
20581.0 736.0 14.0
20721.0 741.0 14.0
20889.0 747.0 14.0
20973.0 750.0 14.0
21141.0 756.0 14.0
21225.0 759.0 14.0
21337.0 763.0 14.0
21449.0 767.0 14.0
21953.0 785.0 14.0
22905.0 819.0 14.0
23913.0 855.0 14.0
24053.0 860.0 14.0
