rev2
1.9205929E7 685927.0 14.0
1.9286989E7 688822.0 14.0
1.9287465E7 688839.0 14.0
1.9345341E7 690906.0 14.0
1.9351865E7 691139.0 14.0
1.9476381E7 695586.0 14.0
1.9527537E7 697413.0 14.0
1.9577685E7 699204.0 14.0
1.9639537E7 701413.0 14.0
1.9651829E7 701852.0 14.0
1.9668097E7 702433.0 14.0
1.9702761E7 703671.0 14.0
1.9741933E7 705070.0 14.0
1.9750809E7 705387.0 14.0
1.9763073E7 705825.0 14.0
1.9785389E7 706622.0 14.0
1.9794461E7 706946.0 14.0
1.9809973E7 707500.0 14.0
1.9836685E7 708454.0 14.0
1.9854801E7 709101.0 14.0
1.9882885E7 710104.0 14.0
1.9920237E7 711438.0 14.0
1.9932417E7 711873.0 14.0
1.9938801E7 712101.0 14.0
1.9980437E7 713588.0 14.0
1.9984973E7 713750.0 14.0
2.0001465E7 714339.0 14.0
2.0052033E7 716145.0 14.0
2.0078745E7 717099.0 14.0
2.0084121E7 717291.0 14.0
2.0088881E7 717461.0 14.0
2.0096637E7 717738.0 14.0
2.0100473E7 717875.0 14.0
2.0144237E7 719438.0 14.0
2.0146869E7 719532.0 14.0
2.0147373E7 719550.0 14.0
2.0153421E7 719766.0 14.0
2.0161709E7 720062.0 14.0
2.0180777E7 720743.0 14.0
2.0184249E7 720867.0 14.0
2.0225661E7 722346.0 14.0
2.0229413E7 722480.0 14.0
2.0235797E7 722708.0 14.0
2.0264245E7 723724.0 14.0
2.0281185E7 724329.0 14.0
2.0295521E7 724841.0 14.0
2.0300393E7 725015.0 14.0
2.0324641E7 725881.0 14.0
2.0341049E7 726467.0 14.0
2.0356449E7 727017.0 14.0
2.0367957E7 727428.0 14.0
2.0426785E7 729529.0 14.0
2.0430817E7 729673.0 14.0
2.0440001E7 730001.0 14.0
2.0440337E7 730013.0 14.0
2.0443557E7 730128.0 14.0
2.0475169E7 731257.0 14.0
2.0493789E7 731922.0 14.0
2.0497457E7 732053.0 14.0
2.0507789E7 732422.0 14.0
2.0520809E7 732887.0 14.0
2.0562893E7 734390.0 14.0
2.0586749E7 735242.0 14.0
2.0593581E7 735486.0 14.0
2.0655181E7 737686.0 14.0
2.0675425E7 738409.0 14.0
2.0688249E7 738867.0 14.0
2.0698217E7 739223.0 14.0
2.0699365E7 739264.0 14.0
2.0752061E7 741146.0 14.0
2.0773593E7 741915.0 14.0
2.0903709E7 746562.0 14.0
2.0957385E7 748479.0 14.0
2.0977685E7 749204.0 14.0
2.1077197E7 752758.0 14.0
2.1140981E7 755036.0 14.0
2.1157193E7 755615.0 14.0
2.1197429E7 757052.0 14.0
2.1222237E7 757938.0 14.0
2.1271909E7 759712.0 14.0
2.1275521E7 759841.0 14.0
2.1313433E7 761195.0 14.0
2.1358653E7 762810.0 14.0
2.1375817E7 763423.0 14.0
2.1476057E7 767003.0 14.0
2.1583101E7 770826.0 14.0
2.1824489E7 779447.0 14.0
2.1850725E7 780384.0 14.0
2.2002037E7 785788.0 14.0
2.2073157E7 788328.0 14.0
2.2087157E7 788828.0 14.0
2.2204225E7 793009.0 14.0
2.2226373E7 793800.0 14.0
2.2245973E7 794500.0 14.0
2.2444913E7 801605.0 14.0
2.2630329E7 808227.0 14.0
2.3043245E7 822974.0 14.0
2.3237313E7 829905.0 14.0
2.4566305E7 877369.0 14.0
2.4833089E7 886897.0 14.0
