rev4
49869.0 1782.0 14.0
50093.0 1790.0 14.0
50205.0 1794.0 14.0
50429.0 1802.0 14.0
50877.0 1818.0 14.0
50988.0 1822.0 14.0
51073.0 1825.0 14.0
51073.0 1825.0 14.0
51157.0 1828.0 14.0
51409.0 1837.0 14.0
51409.0 1837.0 14.0
51771.0 1850.0 14.0
52053.0 1860.0 14.0
52164.0 1864.0 14.0
52221.0 1866.0 14.0
52333.0 1870.0 14.0
52360.0 1871.0 14.0
52389.0 1872.0 14.0
52445.0 1874.0 14.0
52445.0 1874.0 14.0
52473.0 1875.0 14.0
52584.0 1879.0 14.0
52725.0 1884.0 14.0
52865.0 1889.0 14.0
53033.0 1895.0 14.0
53369.0 1907.0 14.0
53509.0 1912.0 14.0
53704.0 1919.0 14.0
53845.0 1924.0 14.0
53873.0 1925.0 14.0
53929.0 1927.0 14.0
54013.0 1930.0 14.0
54069.0 1932.0 14.0
54097.0 1933.0 14.0
54097.0 1933.0 14.0
54265.0 1939.0 14.0
54321.0 1941.0 14.0
54349.0 1942.0 14.0
54433.0 1945.0 14.0
54461.0 1946.0 14.0
54517.0 1948.0 14.0
54545.0 1949.0 14.0
54629.0 1952.0 14.0
54629.0 1952.0 14.0
54797.0 1958.0 14.0
54993.0 1965.0 14.0
55049.0 1967.0 14.0
55104.0 1969.0 14.0
55105.0 1969.0 14.0
55189.0 1972.0 14.0
55357.0 1978.0 14.0
55581.0 1986.0 14.0
55693.0 1990.0 14.0
55833.0 1995.0 14.0
55889.0 1997.0 14.0
55889.0 1997.0 14.0
55973.0 2000.0 14.0
56084.0 2004.0 14.0
56085.0 2004.0 14.0
56141.0 2006.0 14.0
56141.0 2006.0 14.0
56169.0 2007.0 14.0
56197.0 2008.0 14.0
56197.0 2008.0 14.0
56225.0 2009.0 14.0
56253.0 2010.0 14.0
56335.0 2013.0 14.0
56393.0 2015.0 14.0
56505.0 2019.0 14.0
56645.0 2024.0 14.0
56673.0 2025.0 14.0
56701.0 2026.0 14.0
56729.0 2027.0 14.0
56897.0 2033.0 14.0
56952.0 2035.0 14.0
57065.0 2039.0 14.0
57261.0 2046.0 14.0
57261.0 2046.0 14.0
57289.0 2047.0 14.0
57317.0 2048.0 14.0
57401.0 2051.0 14.0
57485.0 2054.0 14.0
57876.0 2068.0 14.0
58073.0 2075.0 14.0
58073.0 2075.0 14.0
58520.0 2091.0 14.0
58773.0 2100.0 14.0
58969.0 2107.0 14.0
60593.0 2165.0 14.0
60761.0 2171.0 14.0
60761.0 2171.0 14.0
60984.0 2179.0 14.0
61181.0 2186.0 14.0
61433.0 2195.0 14.0
61741.0 2206.0 14.0
62777.0 2243.0 14.0
62861.0 2246.0 14.0
63729.0 2277.0 14.0
64093.0 2290.0 14.0
65241.0 2331.0 14.0
