rev4
204737.0 7313.0 14.0
205002.0 7323.0 14.0
205423.0 7338.0 14.0
206165.0 7364.0 14.0
206473.0 7375.0 14.0
206921.0 7391.0 14.0
207705.0 7419.0 14.0
207845.0 7424.0 14.0
207985.0 7429.0 14.0
208349.0 7442.0 14.0
208601.0 7451.0 14.0
209245.0 7474.0 14.0
210028.0 7502.0 14.0
210379.0 7515.0 14.0
210449.0 7517.0 14.0
211121.0 7541.0 14.0
211121.0 7541.0 14.0
211396.0 7551.0 14.0
211849.0 7567.0 14.0
212241.0 7581.0 14.0
212742.0 7599.0 14.0
213949.0 7642.0 14.0
214201.0 7651.0 14.0
214257.0 7653.0 14.0
214312.0 7655.0 14.0
214789.0 7672.0 14.0
214803.0 7673.0 14.0
215433.0 7695.0 14.0
215517.0 7698.0 14.0
215517.0 7698.0 14.0
215853.0 7710.0 14.0
215992.0 7715.0 14.0
216245.0 7724.0 14.0
216325.0 7727.0 14.0
216441.0 7731.0 14.0
216609.0 7737.0 14.0
217225.0 7759.0 14.0
217337.0 7763.0 14.0
217393.0 7765.0 14.0
217868.0 7782.0 14.0
217952.0 7785.0 14.0
218009.0 7787.0 14.0
218121.0 7791.0 14.0
218680.0 7811.0 14.0
219269.0 7832.0 14.0
219493.0 7840.0 14.0
219518.0 7841.0 14.0
219815.0 7852.0 14.0
220655.0 7882.0 14.0
220697.0 7883.0 14.0
220949.0 7892.0 14.0
221509.0 7912.0 14.0
221761.0 7921.0 14.0
221984.0 7929.0 14.0
222013.0 7930.0 14.0
222153.0 7935.0 14.0
222432.0 7945.0 14.0
222571.0 7950.0 14.0
223328.0 7977.0 14.0
223385.0 7979.0 14.0
223469.0 7982.0 14.0
223847.0 7996.0 14.0
224589.0 8022.0 14.0
225289.0 8047.0 14.0
225373.0 8050.0 14.0
225401.0 8051.0 14.0
225569.0 8057.0 14.0
225625.0 8059.0 14.0
225931.0 8070.0 14.0
226211.0 8080.0 14.0
226549.0 8092.0 14.0
226716.0 8098.0 14.0
227417.0 8123.0 14.0
228311.0 8155.0 14.0
228677.0 8168.0 14.0
228677.0 8168.0 14.0
229656.0 8203.0 14.0
230273.0 8225.0 14.0
230973.0 8250.0 14.0
231309.0 8262.0 14.0
231421.0 8266.0 14.0
231866.0 8282.0 14.0
232540.0 8306.0 14.0
232709.0 8312.0 14.0
232847.0 8317.0 14.0
233297.0 8333.0 14.0
234445.0 8374.0 14.0
235339.0 8406.0 14.0
235649.0 8417.0 14.0
236573.0 8450.0 14.0
238476.0 8518.0 14.0
238533.0 8520.0 14.0
239485.0 8554.0 14.0
239709.0 8562.0 14.0
240465.0 8589.0 14.0
242145.0 8649.0 14.0
243839.0 8710.0 14.0
244287.0 8726.0 14.0
249312.0 8905.0 14.0
259953.0 9285.0 14.0
