rev2
132105.0 4719.0 14.0
133897.0 4783.0 14.0
134597.0 4808.0 14.0
136109.0 4862.0 14.0
136221.0 4866.0 14.0
137873.0 4925.0 14.0
139441.0 4981.0 14.0
139469.0 4982.0 14.0
139553.0 4985.0 14.0
139749.0 4992.0 14.0
140841.0 5031.0 14.0
140925.0 5034.0 14.0
140953.0 5035.0 14.0
141149.0 5042.0 14.0
142325.0 5084.0 14.0
142381.0 5086.0 14.0
142465.0 5089.0 14.0
142661.0 5096.0 14.0
142689.0 5097.0 14.0
143277.0 5118.0 14.0
143305.0 5119.0 14.0
144005.0 5144.0 14.0
144145.0 5149.0 14.0
144257.0 5153.0 14.0
144873.0 5175.0 14.0
145097.0 5183.0 14.0
145153.0 5185.0 14.0
145181.0 5186.0 14.0
145349.0 5192.0 14.0
145405.0 5194.0 14.0
145433.0 5195.0 14.0
145517.0 5198.0 14.0
145853.0 5210.0 14.0
146693.0 5240.0 14.0
146721.0 5241.0 14.0
146889.0 5247.0 14.0
146973.0 5250.0 14.0
147029.0 5252.0 14.0
147533.0 5270.0 14.0
147813.0 5280.0 14.0
147813.0 5280.0 14.0
147953.0 5285.0 14.0
148149.0 5292.0 14.0
148233.0 5295.0 14.0
148317.0 5298.0 14.0
148625.0 5309.0 14.0
148989.0 5322.0 14.0
149129.0 5327.0 14.0
149185.0 5329.0 14.0
149381.0 5336.0 14.0
149605.0 5344.0 14.0
149745.0 5349.0 14.0
149801.0 5351.0 14.0
149941.0 5356.0 14.0
150025.0 5359.0 14.0
150193.0 5365.0 14.0
150221.0 5366.0 14.0
150669.0 5382.0 14.0
150809.0 5387.0 14.0
151089.0 5397.0 14.0
151201.0 5401.0 14.0
151397.0 5408.0 14.0
151565.0 5414.0 14.0
151761.0 5421.0 14.0
152041.0 5431.0 14.0
152041.0 5431.0 14.0
152153.0 5435.0 14.0
152237.0 5438.0 14.0
152797.0 5458.0 14.0
153497.0 5483.0 14.0
153917.0 5498.0 14.0
154561.0 5521.0 14.0
154841.0 5531.0 14.0
155429.0 5552.0 14.0
155429.0 5552.0 14.0
155681.0 5561.0 14.0
156297.0 5583.0 14.0
156801.0 5601.0 14.0
156969.0 5607.0 14.0
157277.0 5618.0 14.0
157557.0 5628.0 14.0
157557.0 5628.0 14.0
158341.0 5656.0 14.0
158929.0 5677.0 14.0
160049.0 5717.0 14.0
160105.0 5719.0 14.0
160133.0 5720.0 14.0
160329.0 5727.0 14.0
161057.0 5753.0 14.0
161281.0 5761.0 14.0
163017.0 5823.0 14.0
163157.0 5828.0 14.0
166545.0 5949.0 14.0
166685.0 5954.0 14.0
171361.0 6121.0 14.0
172481.0 6161.0 14.0
172817.0 6173.0 14.0
174049.0 6217.0 14.0
177829.0 6352.0 14.0
185025.0 6609.0 14.0
