rev4
23913.0 855.0 14.0
24165.0 864.0 14.0
24389.0 872.0 14.0
24417.0 873.0 14.0
24445.0 874.0 14.0
24612.0 880.0 14.0
24613.0 880.0 14.0
24781.0 886.0 14.0
25005.0 894.0 14.0
25033.0 895.0 14.0
25117.0 898.0 14.0
25172.0 900.0 14.0
25229.0 902.0 14.0
25229.0 902.0 14.0
25425.0 909.0 14.0
25425.0 909.0 14.0
25453.0 910.0 14.0
25481.0 911.0 14.0
25509.0 912.0 14.0
25509.0 912.0 14.0
25677.0 918.0 14.0
25817.0 923.0 14.0
25845.0 924.0 14.0
25873.0 925.0 14.0
25873.0 925.0 14.0
25901.0 926.0 14.0
25957.0 928.0 14.0
26041.0 931.0 14.0
26069.0 932.0 14.0
26153.0 935.0 14.0
26209.0 937.0 14.0
26236.0 938.0 14.0
26265.0 939.0 14.0
26293.0 940.0 14.0
26293.0 940.0 14.0
26377.0 943.0 14.0
26573.0 950.0 14.0
26629.0 952.0 14.0
26629.0 952.0 14.0
26629.0 952.0 14.0
26741.0 956.0 14.0
26797.0 958.0 14.0
26853.0 960.0 14.0
26853.0 960.0 14.0
26853.0 960.0 14.0
26853.0 960.0 14.0
26909.0 962.0 14.0
26937.0 963.0 14.0
26965.0 964.0 14.0
26993.0 965.0 14.0
27189.0 972.0 14.0
27217.0 973.0 14.0
27245.0 974.0 14.0
27301.0 976.0 14.0
27357.0 978.0 14.0
27357.0 978.0 14.0
27413.0 980.0 14.0
27637.0 988.0 14.0
27637.0 988.0 14.0
27777.0 993.0 14.0
27861.0 996.0 14.0
27917.0 998.0 14.0
27973.0 1000.0 14.0
28001.0 1001.0 14.0
28057.0 1003.0 14.0
28169.0 1007.0 14.0
28197.0 1008.0 14.0
28225.0 1009.0 14.0
28309.0 1012.0 14.0
28337.0 1013.0 14.0
28421.0 1016.0 14.0
28505.0 1019.0 14.0
28589.0 1022.0 14.0
28715.0 1027.0 14.0
28785.0 1029.0 14.0
28813.0 1030.0 14.0
28841.0 1031.0 14.0
28841.0 1031.0 14.0
28869.0 1032.0 14.0
28897.0 1033.0 14.0
28981.0 1036.0 14.0
28981.0 1036.0 14.0
29037.0 1038.0 14.0
29177.0 1043.0 14.0
29177.0 1043.0 14.0
29513.0 1055.0 14.0
29905.0 1069.0 14.0
29961.0 1071.0 14.0
30185.0 1079.0 14.0
30997.0 1108.0 14.0
31081.0 1111.0 14.0
31193.0 1115.0 14.0
31753.0 1135.0 14.0
31921.0 1141.0 14.0
32033.0 1145.0 14.0
32285.0 1154.0 14.0
32733.0 1170.0 14.0
33853.0 1210.0 14.0
36065.0 1289.0 14.0
36989.0 1322.0 14.0
