rev2
2289057.0 81753.0 14.0
2303533.0 82270.0 14.0
2304625.0 82309.0 14.0
2340549.0 83592.0 14.0
2346429.0 83802.0 14.0
2347157.0 83828.0 14.0
2360289.0 84297.0 14.0
2361549.0 84342.0 14.0
2362137.0 84363.0 14.0
2365581.0 84486.0 14.0
2366253.0 84510.0 14.0
2369389.0 84622.0 14.0
2370229.0 84652.0 14.0
2370649.0 84667.0 14.0
2383697.0 85133.0 14.0
2384901.0 85176.0 14.0
2386525.0 85234.0 14.0
2389381.0 85336.0 14.0
2389437.0 85338.0 14.0
2393973.0 85500.0 14.0
2394421.0 85516.0 14.0
2401057.0 85753.0 14.0
2403045.0 85824.0 14.0
2405929.0 85927.0 14.0
2407553.0 85985.0 14.0
2415869.0 86282.0 14.0
2421749.0 86492.0 14.0
2423177.0 86543.0 14.0
2425081.0 86611.0 14.0
2425165.0 86614.0 14.0
2428497.0 86733.0 14.0
2446193.0 87365.0 14.0
2446837.0 87388.0 14.0
2447929.0 87427.0 14.0
2451429.0 87552.0 14.0
2459381.0 87836.0 14.0
2461509.0 87912.0 14.0
2463357.0 87978.0 14.0
2466745.0 88099.0 14.0
2470945.0 88249.0 14.0
2472821.0 88316.0 14.0
2473437.0 88338.0 14.0
2474277.0 88368.0 14.0
2485813.0 88780.0 14.0
2489061.0 88896.0 14.0
2491525.0 88984.0 14.0
2491637.0 88988.0 14.0
2491637.0 88988.0 14.0
2504209.0 89437.0 14.0
2509977.0 89643.0 14.0
2511629.0 89702.0 14.0
2512329.0 89727.0 14.0
2512413.0 89730.0 14.0
2514653.0 89810.0 14.0
2516949.0 89892.0 14.0
2521485.0 90054.0 14.0
2524145.0 90149.0 14.0
2525769.0 90207.0 14.0
2526161.0 90221.0 14.0
2529633.0 90345.0 14.0
2534253.0 90510.0 14.0
2535373.0 90550.0 14.0
2536465.0 90589.0 14.0
2539601.0 90701.0 14.0
2539853.0 90710.0 14.0
2541757.0 90778.0 14.0
2546853.0 90960.0 14.0
2550773.0 91100.0 14.0
2552229.0 91152.0 14.0
2560181.0 91436.0 14.0
2576085.0 92004.0 14.0
2579193.0 92115.0 14.0
2581321.0 92191.0 14.0
2582133.0 92220.0 14.0
2584121.0 92291.0 14.0
2585269.0 92332.0 14.0
2588125.0 92434.0 14.0
2591681.0 92561.0 14.0
2601705.0 92919.0 14.0
2612877.0 93318.0 14.0
2613577.0 93343.0 14.0
2615901.0 93426.0 14.0
2631245.0 93974.0 14.0
2634689.0 94097.0 14.0
2647905.0 94569.0 14.0
2654121.0 94791.0 14.0
2661765.0 95064.0 14.0
2666413.0 95230.0 14.0
2698221.0 96366.0 14.0
2729301.0 97476.0 14.0
2732521.0 97591.0 14.0
2736889.0 97747.0 14.0
2744449.0 98017.0 14.0
2787961.0 99571.0 14.0
2789613.0 99630.0 14.0
2798405.0 99944.0 14.0
2816829.0 100602.0 14.0
2831837.0 101138.0 14.0
2893297.0 103333.0 14.0
3351713.0 119705.0 14.0
