rev4
2577.0 93.0 14.0
2857.0 103.0 14.0
2857.0 103.0 14.0
2885.0 104.0 14.0
2885.0 104.0 14.0
2941.0 106.0 14.0
2969.0 107.0 14.0
2969.0 107.0 14.0
2997.0 108.0 14.0
3025.0 109.0 14.0
3025.0 109.0 14.0
3053.0 110.0 14.0
3081.0 111.0 14.0
3081.0 111.0 14.0
3109.0 112.0 14.0
3137.0 113.0 14.0
3137.0 113.0 14.0
3137.0 113.0 14.0
3137.0 113.0 14.0
3137.0 113.0 14.0
3165.0 114.0 14.0
3165.0 114.0 14.0
3193.0 115.0 14.0
3193.0 115.0 14.0
3221.0 116.0 14.0
3221.0 116.0 14.0
3221.0 116.0 14.0
3249.0 117.0 14.0
3249.0 117.0 14.0
3249.0 117.0 14.0
3249.0 117.0 14.0
3249.0 117.0 14.0
3277.0 118.0 14.0
3305.0 119.0 14.0
3333.0 120.0 14.0
3361.0 121.0 14.0
3361.0 121.0 14.0
3389.0 122.0 14.0
3417.0 123.0 14.0
3445.0 124.0 14.0
3445.0 124.0 14.0
3473.0 125.0 14.0
3473.0 125.0 14.0
3501.0 126.0 14.0
3529.0 127.0 14.0
3529.0 127.0 14.0
3529.0 127.0 14.0
3585.0 129.0 14.0
3585.0 129.0 14.0
3585.0 129.0 14.0
3585.0 129.0 14.0
3585.0 129.0 14.0
3585.0 129.0 14.0
3641.0 131.0 14.0
3641.0 131.0 14.0
3641.0 131.0 14.0
3669.0 132.0 14.0
3669.0 132.0 14.0
3669.0 132.0 14.0
3669.0 132.0 14.0
3669.0 132.0 14.0
3697.0 133.0 14.0
3725.0 134.0 14.0
3725.0 134.0 14.0
3753.0 135.0 14.0
3753.0 135.0 14.0
3809.0 137.0 14.0
3809.0 137.0 14.0
3809.0 137.0 14.0
3837.0 138.0 14.0
3893.0 140.0 14.0
3921.0 141.0 14.0
3921.0 141.0 14.0
3921.0 141.0 14.0
3949.0 142.0 14.0
3949.0 142.0 14.0
3949.0 142.0 14.0
3977.0 143.0 14.0
3977.0 143.0 14.0
3977.0 143.0 14.0
3977.0 143.0 14.0
4005.0 144.0 14.0
4005.0 144.0 14.0
4061.0 146.0 14.0
4061.0 146.0 14.0
4117.0 148.0 14.0
4145.0 149.0 14.0
4201.0 151.0 14.0
4229.0 152.0 14.0
4229.0 152.0 14.0
4313.0 155.0 14.0
4369.0 157.0 14.0
4481.0 161.0 14.0
4537.0 163.0 14.0
4649.0 167.0 14.0
4733.0 170.0 14.0
4761.0 171.0 14.0
4789.0 172.0 14.0
5545.0 199.0 14.0
5769.0 207.0 14.0
