rev4
1205.0 44.0 14.0
1261.0 46.0 14.0
1261.0 46.0 14.0
1289.0 47.0 14.0
1289.0 47.0 14.0
1289.0 47.0 14.0
1317.0 48.0 14.0
1345.0 49.0 14.0
1373.0 50.0 14.0
1401.0 51.0 14.0
1401.0 51.0 14.0
1429.0 52.0 14.0
1457.0 53.0 14.0
1457.0 53.0 14.0
1457.0 53.0 14.0
1457.0 53.0 14.0
1457.0 53.0 14.0
1457.0 53.0 14.0
1457.0 53.0 14.0
1457.0 53.0 14.0
1485.0 54.0 14.0
1485.0 54.0 14.0
1485.0 54.0 14.0
1485.0 54.0 14.0
1485.0 54.0 14.0
1513.0 55.0 14.0
1513.0 55.0 14.0
1513.0 55.0 14.0
1541.0 56.0 14.0
1541.0 56.0 14.0
1541.0 56.0 14.0
1569.0 57.0 14.0
1569.0 57.0 14.0
1569.0 57.0 14.0
1569.0 57.0 14.0
1597.0 58.0 14.0
1597.0 58.0 14.0
1625.0 59.0 14.0
1625.0 59.0 14.0
1625.0 59.0 14.0
1625.0 59.0 14.0
1625.0 59.0 14.0
1653.0 60.0 14.0
1653.0 60.0 14.0
1653.0 60.0 14.0
1681.0 61.0 14.0
1681.0 61.0 14.0
1681.0 61.0 14.0
1681.0 61.0 14.0
1709.0 62.0 14.0
1709.0 62.0 14.0
1709.0 62.0 14.0
1709.0 62.0 14.0
1737.0 63.0 14.0
1737.0 63.0 14.0
1765.0 64.0 14.0
1765.0 64.0 14.0
1765.0 64.0 14.0
1793.0 65.0 14.0
1793.0 65.0 14.0
1821.0 66.0 14.0
1821.0 66.0 14.0
1821.0 66.0 14.0
1821.0 66.0 14.0
1821.0 66.0 14.0
1849.0 67.0 14.0
1849.0 67.0 14.0
1849.0 67.0 14.0
1877.0 68.0 14.0
1877.0 68.0 14.0
1877.0 68.0 14.0
1905.0 69.0 14.0
1933.0 70.0 14.0
1933.0 70.0 14.0
1961.0 71.0 14.0
1961.0 71.0 14.0
2017.0 73.0 14.0
2045.0 74.0 14.0
2045.0 74.0 14.0
2073.0 75.0 14.0
2073.0 75.0 14.0
2101.0 76.0 14.0
2101.0 76.0 14.0
2129.0 77.0 14.0
2129.0 77.0 14.0
2157.0 78.0 14.0
2213.0 80.0 14.0
2241.0 81.0 14.0
2297.0 83.0 14.0
2297.0 83.0 14.0
2325.0 84.0 14.0
2325.0 84.0 14.0
2381.0 86.0 14.0
2381.0 86.0 14.0
2409.0 87.0 14.0
2409.0 87.0 14.0
2493.0 90.0 14.0
2605.0 94.0 14.0
2605.0 94.0 14.0
3081.0 111.0 14.0
