rev2
547625.0 19559.0 14.0
551489.0 19697.0 14.0
555857.0 19853.0 14.0
557509.0 19912.0 14.0
559805.0 19994.0 14.0
561905.0 20069.0 14.0
568737.0 20313.0 14.0
569073.0 20325.0 14.0
573217.0 20473.0 14.0
573525.0 20484.0 14.0
574141.0 20506.0 14.0
576857.0 20603.0 14.0
577893.0 20640.0 14.0
578677.0 20668.0 14.0
579601.0 20701.0 14.0
579797.0 20708.0 14.0
580189.0 20722.0 14.0
580581.0 20736.0 14.0
580637.0 20738.0 14.0
581029.0 20752.0 14.0
582065.0 20789.0 14.0
584277.0 20868.0 14.0
585705.0 20919.0 14.0
587161.0 20971.0 14.0
588897.0 21033.0 14.0
590969.0 21107.0 14.0
591417.0 21123.0 14.0
593517.0 21198.0 14.0
594133.0 21220.0 14.0
595281.0 21261.0 14.0
595869.0 21282.0 14.0
596037.0 21288.0 14.0
597157.0 21328.0 14.0
597577.0 21343.0 14.0
598109.0 21362.0 14.0
598221.0 21366.0 14.0
598361.0 21371.0 14.0
599285.0 21404.0 14.0
599285.0 21404.0 14.0
599621.0 21416.0 14.0
599873.0 21425.0 14.0
599901.0 21426.0 14.0
600209.0 21437.0 14.0
604521.0 21591.0 14.0
604577.0 21593.0 14.0
604605.0 21594.0 14.0
605641.0 21631.0 14.0
606789.0 21672.0 14.0
607489.0 21697.0 14.0
608161.0 21721.0 14.0
608973.0 21750.0 14.0
609029.0 21752.0 14.0
609533.0 21770.0 14.0
609533.0 21770.0 14.0
609617.0 21773.0 14.0
611549.0 21842.0 14.0
611829.0 21852.0 14.0
612809.0 21887.0 14.0
613481.0 21911.0 14.0
614881.0 21961.0 14.0
616113.0 22005.0 14.0
616197.0 22008.0 14.0
617093.0 22040.0 14.0
618661.0 22096.0 14.0
618857.0 22103.0 14.0
619389.0 22122.0 14.0
622581.0 22236.0 14.0
623645.0 22274.0 14.0
624961.0 22321.0 14.0
625101.0 22326.0 14.0
627145.0 22399.0 14.0
628545.0 22449.0 14.0
629805.0 22494.0 14.0
632969.0 22607.0 14.0
633305.0 22619.0 14.0
634649.0 22667.0 14.0
636469.0 22732.0 14.0
638597.0 22808.0 14.0
640221.0 22866.0 14.0
642937.0 22963.0 14.0
643385.0 22979.0 14.0
643441.0 22981.0 14.0
644197.0 23008.0 14.0
644925.0 23034.0 14.0
646521.0 23091.0 14.0
648509.0 23162.0 14.0
653045.0 23324.0 14.0
654473.0 23375.0 14.0
659289.0 23547.0 14.0
661249.0 23617.0 14.0
663769.0 23707.0 14.0
664693.0 23740.0 14.0
669649.0 23917.0 14.0
673149.0 24042.0 14.0
680401.0 24301.0 14.0
698629.0 24952.0 14.0
707477.0 25268.0 14.0
708317.0 25298.0 14.0
717697.0 25633.0 14.0
751549.0 26842.0 14.0
