rev2
1122409.0 40087.0 14.0
1132293.0 40440.0 14.0
1143745.0 40849.0 14.0
1151333.0 41120.0 14.0
1152789.0 41172.0 14.0
1153741.0 41206.0 14.0
1156849.0 41317.0 14.0
1159509.0 41412.0 14.0
1162533.0 41520.0 14.0
1167125.0 41684.0 14.0
1167853.0 41710.0 14.0
1171633.0 41845.0 14.0
1180341.0 42156.0 14.0
1180901.0 42176.0 14.0
1181013.0 42180.0 14.0
1182161.0 42221.0 14.0
1182329.0 42227.0 14.0
1183225.0 42259.0 14.0
1183953.0 42285.0 14.0
1185689.0 42347.0 14.0
1188433.0 42445.0 14.0
1190981.0 42536.0 14.0
1191989.0 42572.0 14.0
1193305.0 42619.0 14.0
1193473.0 42625.0 14.0
1194313.0 42655.0 14.0
1194509.0 42662.0 14.0
1196133.0 42720.0 14.0
1198597.0 42808.0 14.0
1199437.0 42838.0 14.0
1202629.0 42952.0 14.0
1202993.0 42965.0 14.0
1203777.0 42993.0 14.0
1204141.0 43006.0 14.0
1204533.0 43020.0 14.0
1205093.0 43040.0 14.0
1206101.0 43076.0 14.0
1206185.0 43079.0 14.0
1211197.0 43258.0 14.0
1211253.0 43260.0 14.0
1212513.0 43305.0 14.0
1213017.0 43323.0 14.0
1216405.0 43444.0 14.0
1216657.0 43453.0 14.0
1217861.0 43496.0 14.0
1220493.0 43590.0 14.0
1222341.0 43656.0 14.0
1223993.0 43715.0 14.0
1224301.0 43726.0 14.0
1226009.0 43787.0 14.0
1226681.0 43811.0 14.0
1227269.0 43832.0 14.0
1228837.0 43888.0 14.0
1233065.0 44039.0 14.0
1234297.0 44083.0 14.0
1238217.0 44223.0 14.0
1240457.0 44303.0 14.0
1240709.0 44312.0 14.0
1241185.0 44329.0 14.0
1242025.0 44359.0 14.0
1243229.0 44402.0 14.0
1248969.0 44607.0 14.0
1250145.0 44649.0 14.0
1256249.0 44867.0 14.0
1256837.0 44888.0 14.0
1257117.0 44898.0 14.0
1257649.0 44917.0 14.0
1258209.0 44937.0 14.0
1263193.0 45115.0 14.0
1271201.0 45401.0 14.0
1272293.0 45440.0 14.0
1272629.0 45452.0 14.0
1272937.0 45463.0 14.0
1274337.0 45513.0 14.0
1275541.0 45556.0 14.0
1276157.0 45578.0 14.0
1279125.0 45684.0 14.0
1283745.0 45849.0 14.0
1286209.0 45937.0 14.0
1287385.0 45979.0 14.0
1287777.0 45993.0 14.0
1290745.0 46099.0 14.0
1293293.0 46190.0 14.0
1301777.0 46493.0 14.0
1304017.0 46573.0 14.0
1304549.0 46592.0 14.0
1305305.0 46619.0 14.0
1307853.0 46710.0 14.0
1311577.0 46843.0 14.0
1313089.0 46897.0 14.0
1318297.0 47083.0 14.0
1324065.0 47289.0 14.0
1333557.0 47628.0 14.0
1337645.0 47774.0 14.0
1356321.0 48441.0 14.0
1361753.0 48635.0 14.0
1382473.0 49375.0 14.0
1385161.0 49471.0 14.0
1396473.0 49875.0 14.0
1453033.0 51895.0 14.0
