rev4
1.1306968E7 628633.0 9.0
1.1379295E7 632633.0 9.0
1.1476149E7 638039.0 9.0
1.1488814E7 638766.0 9.0
1.156304E7 642875.0 9.0
1.156779E7 643119.0 9.0
1.1644169E7 647387.0 9.0
1.1708373E7 650953.0 9.0
1.1747415E7 653104.0 9.0
1.1747882E7 653166.0 9.0
1.1761703E7 653900.0 9.0
1.1765165E7 654124.0 9.0
1.1768907E7 654318.0 9.0
1.1787882E7 655359.0 9.0
1.1806058E7 656385.0 9.0
1.1813509E7 656788.0 9.0
1.1823267E7 657335.0 9.0
1.1830153E7 657722.0 9.0
1.1852264E7 658944.0 9.0
1.1854011E7 659038.0 9.0
1.1866679E7 659791.0 9.0
1.187711E7 660321.0 9.0
1.1901256E7 661673.0 9.0
1.1905197E7 661885.0 9.0
1.1944123E7 664063.0 9.0
1.1944979E7 664109.0 9.0
1.2011194E7 667795.0 9.0
1.2034408E7 669071.0 9.0
1.2045775E7 669723.0 9.0
1.2048002E7 669817.0 9.0
1.2050565E7 669987.0 9.0
1.2089151E7 672133.0 9.0
1.211643E7 673629.0 9.0
1.2128956E7 674343.0 9.0
1.2134376E7 674638.0 9.0
1.2134735E7 674664.0 9.0
1.214285E7 675094.0 9.0
1.2149818E7 675473.0 9.0
1.2161686E7 676161.0 9.0
1.2218215E7 679312.0 9.0
1.2225328E7 679698.0 9.0
1.2238252E7 680406.0 9.0
1.2239414E7 680467.0 9.0
1.2251919E7 681178.0 9.0
1.2256947E7 681464.0 9.0
1.2262574E7 681769.0 9.0
1.2274549E7 682447.0 9.0
1.2298278E7 683758.0 9.0
1.2301021E7 683900.0 9.0
1.234118E7 686142.0 9.0
1.2347012E7 686466.0 9.0
1.2351123E7 686686.0 9.0
1.2370758E7 687792.0 9.0
1.2393439E7 689047.0 9.0
1.2397641E7 689289.0 9.0
1.2401439E7 689474.0 9.0
1.2403397E7 689576.0 9.0
1.242813E7 690989.0 9.0
1.2441892E7 691719.0 9.0
1.2445299E7 691900.0 9.0
1.2462803E7 692890.0 9.0
1.2501881E7 695087.0 9.0
1.2504063E7 695204.0 9.0
1.2515053E7 695799.0 9.0
1.2525661E7 696381.0 9.0
1.2539948E7 697195.0 9.0
1.2554959E7 698013.0 9.0
1.2576386E7 699210.0 9.0
1.2622449E7 701782.0 9.0
1.2652599E7 703415.0 9.0
1.2670735E7 704472.0 9.0
1.2736564E7 708104.0 9.0
1.2744221E7 708535.0 9.0
1.2745941E7 708632.0 9.0
1.2786943E7 710912.0 9.0
1.2808874E7 712136.0 9.0
1.2812054E7 712295.0 9.0
1.294901E7 719944.0 9.0
1.2998552E7 722692.0 9.0
1.299875E7 722684.0 9.0
1.3008391E7 723214.0 9.0
1.3066E7 726451.0 9.0
1.3081316E7 727244.0 9.0
1.3089648E7 727756.0 9.0
1.3096398E7 728119.0 9.0
1.3113542E7 729072.0 9.0
1.3128029E7 729893.0 9.0
1.3186789E7 733142.0 9.0
1.320152E7 733988.0 9.0
1.3238253E7 735990.0 9.0
1.3291058E7 738952.0 9.0
1.3335848E7 741433.0 9.0
1.3345142E7 741943.0 9.0
1.3534345E7 752465.0 9.0
1.3579924E7 755035.0 9.0
1.3642241E7 758475.0 9.0
1.3679631E7 760541.0 9.0
1.3992246E7 777946.0 9.0
1.4600733E7 811722.0 9.0
1.5104201E7 839716.0 9.0
