rev4
1230005.0 68385.0 9.0
1261981.0 70160.0 9.0
1269430.0 70583.0 9.0
1292418.0 71854.0 9.0
1299795.0 72268.0 9.0
1308907.0 72773.0 9.0
1309727.0 72814.0 9.0
1313036.0 73004.0 9.0
1319122.0 73341.0 9.0
1320634.0 73428.0 9.0
1329157.0 73893.0 9.0
1329284.0 73912.0 9.0
1333432.0 74134.0 9.0
1336290.0 74294.0 9.0
1336820.0 74325.0 9.0
1337843.0 74381.0 9.0
1338967.0 74443.0 9.0
1340739.0 74546.0 9.0
1342704.0 74658.0 9.0
1345975.0 74844.0 9.0
1349403.0 75017.0 9.0
1351335.0 75134.0 9.0
1352919.0 75220.0 9.0
1355140.0 75336.0 9.0
1355712.0 75382.0 9.0
1358610.0 75536.0 9.0
1360631.0 75644.0 9.0
1362138.0 75728.0 9.0
1362306.0 75735.0 9.0
1368305.0 76082.0 9.0
1368738.0 76099.0 9.0
1370642.0 76208.0 9.0
1371192.0 76247.0 9.0
1374225.0 76398.0 9.0
1375567.0 76478.0 9.0
1377627.0 76590.0 9.0
1380852.0 76776.0 9.0
1381103.0 76786.0 9.0
1382741.0 76883.0 9.0
1383813.0 76930.0 9.0
1388070.0 77175.0 9.0
1390679.0 77323.0 9.0
1391016.0 77340.0 9.0
1391613.0 77379.0 9.0
1391901.0 77379.0 9.0
1397474.0 77700.0 9.0
1397891.0 77720.0 9.0
1400204.0 77847.0 9.0
1400757.0 77872.0 9.0
1401995.0 77943.0 9.0
1409529.0 78366.0 9.0
1411935.0 78501.0 9.0
1414049.0 78615.0 9.0
1414146.0 78626.0 9.0
1414565.0 78644.0 9.0
1415270.0 78680.0 9.0
1415537.0 78707.0 9.0
1418635.0 78879.0 9.0
1422078.0 79070.0 9.0
1422380.0 79084.0 9.0
1424295.0 79188.0 9.0
1424473.0 79212.0 9.0
1424974.0 79217.0 9.0
1427888.0 79389.0 9.0
1430172.0 79514.0 9.0
1431884.0 79600.0 9.0
1432316.0 79633.0 9.0
1436390.0 79860.0 9.0
1437037.0 79895.0 9.0
1437906.0 79941.0 9.0
1439058.0 80005.0 9.0
1440841.0 80109.0 9.0
1444339.0 80293.0 9.0
1451348.0 80692.0 9.0
1456312.0 80976.0 9.0
1463319.0 81360.0 9.0
1468208.0 81621.0 9.0
1471998.0 81834.0 9.0
1478579.0 82203.0 9.0
1480287.0 82305.0 9.0
1491935.0 82947.0 9.0
1492629.0 82993.0 9.0
1495360.0 83132.0 9.0
1497174.0 83245.0 9.0
1497384.0 83261.0 9.0
1497940.0 83286.0 9.0
1500209.0 83407.0 9.0
1504215.0 83624.0 9.0
1522107.0 84617.0 9.0
1535419.0 85374.0 9.0
1535757.0 85389.0 9.0
1540521.0 85655.0 9.0
1548934.0 86113.0 9.0
1568305.0 87195.0 9.0
1569413.0 87259.0 9.0
1577609.0 87714.0 9.0
1618095.0 89966.0 9.0
1630952.0 90672.0 9.0
1675927.0 93178.0 9.0
1780098.0 98966.0 9.0
