rev4
15261.0 849.0 9.0
15335.0 853.0 9.0
15612.0 870.0 9.0
15728.0 875.0 9.0
15739.0 876.0 9.0
15766.0 877.0 9.0
15787.0 878.0 9.0
15981.0 889.0 9.0
16055.0 893.0 9.0
16063.0 894.0 9.0
16117.0 897.0 9.0
16119.0 899.0 9.0
16143.0 899.0 9.0
16253.0 905.0 9.0
16273.0 905.0 9.0
16299.0 907.0 9.0
16360.0 910.0 9.0
16377.0 911.0 9.0
16378.0 912.0 9.0
16386.0 912.0 9.0
16424.0 915.0 9.0
16534.0 920.0 9.0
16577.0 922.0 9.0
16611.0 924.0 9.0
16681.0 929.0 9.0
16700.0 929.0 9.0
16806.0 936.0 9.0
16837.0 937.0 9.0
16845.0 937.0 9.0
16847.0 938.0 9.0
16863.0 938.0 9.0
16864.0 938.0 9.0
16907.0 941.0 9.0
16928.0 943.0 9.0
16987.0 946.0 9.0
17000.0 946.0 9.0
17109.0 952.0 9.0
17133.0 954.0 9.0
17135.0 954.0 9.0
17145.0 954.0 9.0
17225.0 959.0 9.0
17271.0 961.0 9.0
17286.0 963.0 9.0
17398.0 968.0 9.0
17418.0 969.0 9.0
17429.0 970.0 9.0
17528.0 975.0 9.0
17558.0 977.0 9.0
17565.0 978.0 9.0
17575.0 978.0 9.0
17716.0 986.0 9.0
17739.0 987.0 9.0
17818.0 991.0 9.0
17827.0 992.0 9.0
17836.0 993.0 9.0
17891.0 995.0 9.0
17901.0 997.0 9.0
17905.0 996.0 9.0
17933.0 998.0 9.0
17978.0 1001.0 9.0
17982.0 1001.0 9.0
18007.0 1003.0 9.0
18028.0 1003.0 9.0
18050.0 1004.0 9.0
18088.0 1006.0 9.0
18150.0 1011.0 9.0
18161.0 1010.0 9.0
18231.0 1015.0 9.0
18246.0 1015.0 9.0
18251.0 1016.0 9.0
18332.0 1020.0 9.0
18359.0 1021.0 9.0
18411.0 1024.0 9.0
18579.0 1034.0 9.0
18682.0 1039.0 9.0
18690.0 1040.0 9.0
18737.0 1042.0 9.0
18846.0 1049.0 9.0
18882.0 1050.0 9.0
18897.0 1052.0 9.0
18906.0 1052.0 9.0
18990.0 1057.0 9.0
19219.0 1070.0 9.0
19248.0 1071.0 9.0
19286.0 1074.0 9.0
19358.0 1078.0 9.0
19456.0 1084.0 9.0
19457.0 1082.0 9.0
19511.0 1085.0 9.0
19574.0 1089.0 9.0
19861.0 1105.0 9.0
19886.0 1107.0 9.0
19933.0 1109.0 9.0
20294.0 1129.0 9.0
20355.0 1133.0 9.0
20419.0 1136.0 9.0
20609.0 1146.0 9.0
20677.0 1151.0 9.0
21040.0 1171.0 9.0
22875.0 1273.0 9.0
