rev4
307.0 18.0 9.0
325.0 19.0 9.0
325.0 19.0 9.0
325.0 19.0 9.0
325.0 19.0 9.0
343.0 20.0 9.0
343.0 20.0 9.0
343.0 20.0 9.0
361.0 21.0 9.0
361.0 21.0 9.0
361.0 21.0 9.0
378.0 22.0 9.0
379.0 22.0 9.0
379.0 22.0 9.0
379.0 22.0 9.0
379.0 22.0 9.0
379.0 22.0 9.0
379.0 22.0 9.0
396.0 23.0 9.0
397.0 23.0 9.0
397.0 23.0 9.0
397.0 23.0 9.0
397.0 23.0 9.0
397.0 23.0 9.0
397.0 23.0 9.0
397.0 23.0 9.0
397.0 23.0 9.0
405.0 24.0 9.0
415.0 24.0 9.0
415.0 24.0 9.0
415.0 24.0 9.0
415.0 24.0 9.0
415.0 24.0 9.0
415.0 24.0 9.0
415.0 24.0 9.0
415.0 24.0 9.0
415.0 24.0 9.0
415.0 24.0 9.0
415.0 24.0 9.0
433.0 25.0 9.0
433.0 25.0 9.0
433.0 25.0 9.0
433.0 25.0 9.0
433.0 25.0 9.0
433.0 25.0 9.0
433.0 25.0 9.0
433.0 25.0 9.0
433.0 25.0 9.0
450.0 26.0 9.0
451.0 26.0 9.0
451.0 26.0 9.0
451.0 26.0 9.0
451.0 26.0 9.0
451.0 26.0 9.0
451.0 26.0 9.0
451.0 26.0 9.0
451.0 26.0 9.0
451.0 26.0 9.0
451.0 26.0 9.0
451.0 26.0 9.0
451.0 26.0 9.0
451.0 26.0 9.0
467.0 27.0 9.0
468.0 27.0 9.0
469.0 27.0 9.0
469.0 27.0 9.0
469.0 27.0 9.0
469.0 27.0 9.0
469.0 27.0 9.0
469.0 27.0 9.0
469.0 27.0 9.0
469.0 27.0 9.0
469.0 27.0 9.0
469.0 27.0 9.0
469.0 27.0 9.0
487.0 28.0 9.0
487.0 28.0 9.0
487.0 28.0 9.0
487.0 28.0 9.0
504.0 29.0 9.0
505.0 29.0 9.0
505.0 29.0 9.0
522.0 30.0 9.0
523.0 30.0 9.0
523.0 30.0 9.0
523.0 30.0 9.0
523.0 30.0 9.0
523.0 30.0 9.0
541.0 31.0 9.0
541.0 31.0 9.0
541.0 31.0 9.0
559.0 32.0 9.0
559.0 32.0 9.0
568.0 33.0 9.0
577.0 33.0 9.0
595.0 34.0 9.0
613.0 35.0 9.0
631.0 36.0 9.0
667.0 38.0 9.0
829.0 47.0 9.0
