rev4
1.00138776E8 5567373.0 9.0
1.00298639E8 5576336.0 9.0
1.01107806E8 5621341.0 9.0
1.01107989E8 5621311.0 9.0
1.01186221E8 5625623.0 9.0
1.01203811E8 5626586.0 9.0
1.01315127E8 5632807.0 9.0
1.0134375E8 5634353.0 9.0
1.01717256E8 5655201.0 9.0
1.02697693E8 5709654.0 9.0
1.0276995E8 5713707.0 9.0
1.02780198E8 5714310.0 9.0
1.02849472E8 5718204.0 9.0
1.03031487E8 5728197.0 9.0
1.03344555E8 5745637.0 9.0
1.03573675E8 5758347.0 9.0
1.03770344E8 5769332.0 9.0
1.03802774E8 5771094.0 9.0
1.03890225E8 5775965.0 9.0
1.03916669E8 5777411.0 9.0
1.04019373E8 5783187.0 9.0
1.04411757E8 5804947.0 9.0
1.04519395E8 5810953.0 9.0
1.04523733E8 5811279.0 9.0
1.04745376E8 5823517.0 9.0
1.04764661E8 5824585.0 9.0
1.0479032E8 5826031.0 9.0
1.04794311E8 5826283.0 9.0
1.04828247E8 5828134.0 9.0
1.04851142E8 5829396.0 9.0
1.04883876E8 5831212.0 9.0
1.04944573E8 5834564.0 9.0
1.0519735E8 5848659.0 9.0
1.05368952E8 5858184.0 9.0
1.06020854E8 5894480.0 9.0
1.0607732E8 5897619.0 9.0
1.06143108E8 5901251.0 9.0
1.06214114E8 5905228.0 9.0
1.06374747E8 5914056.0 9.0
1.06419962E8 5916664.0 9.0
1.06506061E8 5921414.0 9.0
1.066892E8 5931580.0 9.0
1.06710071E8 5932778.0 9.0
1.06741483E8 5934480.0 9.0
1.06968922E8 5947166.0 9.0
1.06993243E8 5948422.0 9.0
1.07109209E8 5954931.0 9.0
1.07172479E8 5958480.0 9.0
1.07296942E8 5965496.0 9.0
1.07589803E8 5981667.0 9.0
1.07623858E8 5983560.0 9.0
1.07681714E8 5986731.0 9.0
1.07781847E8 5992326.0 9.0
1.0784113E8 5995594.0 9.0
1.08090593E8 6009550.0 9.0
1.08203298E8 6015778.0 9.0
1.08204838E8 6015855.0 9.0
1.08230121E8 6017241.0 9.0
1.08242381E8 6017977.0 9.0
1.08245324E8 6018055.0 9.0
1.08344817E8 6023631.0 9.0
1.08483595E8 6031356.0 9.0
1.0853708E8 6034320.0 9.0
1.08741662E8 6045715.0 9.0
1.0881984E8 6050072.0 9.0
1.08984494E8 6059248.0 9.0
1.09246866E8 6073758.0 9.0
1.09646473E8 6096030.0 9.0
1.09703055E8 6099188.0 9.0
1.09940798E8 6112362.0 9.0
1.10135325E8 6123198.0 9.0
1.10269582E8 6130645.0 9.0
1.10291613E8 6131900.0 9.0
1.10576318E8 6147680.0 9.0
1.10693424E8 6154275.0 9.0
1.10968426E8 6169547.0 9.0
1.11076389E8 6175465.0 9.0
1.11546328E8 6201596.0 9.0
1.11586458E8 6203841.0 9.0
1.12094561E8 6232146.0 9.0
1.12102839E8 6232622.0 9.0
1.12201727E8 6238027.0 9.0
1.12202291E8 6238134.0 9.0
1.1252885E8 6256232.0 9.0
1.12611373E8 6260880.0 9.0
1.13483583E8 6309355.0 9.0
1.14023874E8 6339389.0 9.0
1.14608115E8 6371854.0 9.0
1.14717244E8 6377947.0 9.0
1.14945158E8 6390653.0 9.0
1.14982493E8 6392685.0 9.0
1.15585482E8 6426234.0 9.0
1.15736001E8 6434528.0 9.0
1.17257404E8 6519127.0 9.0
1.20210723E8 6683341.0 9.0
1.21480938E8 6753999.0 9.0
1.23152561E8 6846930.0 9.0
1.25138852E8 6957337.0 9.0
1.25344945E8 6968782.0 9.0
1.27207878E8 7072321.0 9.0
