rev4
620674.0 34510.0 9.0
620808.0 34515.0 9.0
623686.0 34677.0 9.0
624763.0 34738.0 9.0
625913.0 34800.0 9.0
626288.0 34815.0 9.0
626524.0 34832.0 9.0
626754.0 34849.0 9.0
630550.0 35062.0 9.0
631743.0 35125.0 9.0
635175.0 35312.0 9.0
636141.0 35365.0 9.0
638961.0 35530.0 9.0
639606.0 35560.0 9.0
640185.0 35598.0 9.0
640220.0 35597.0 9.0
642233.0 35710.0 9.0
642742.0 35732.0 9.0
643016.0 35749.0 9.0
643248.0 35759.0 9.0
643929.0 35803.0 9.0
646583.0 35952.0 9.0
647160.0 35978.0 9.0
647450.0 35998.0 9.0
648549.0 36056.0 9.0
649548.0 36115.0 9.0
649882.0 36133.0 9.0
650116.0 36142.0 9.0
655490.0 36444.0 9.0
657112.0 36533.0 9.0
659113.0 36642.0 9.0
660432.0 36715.0 9.0
660666.0 36730.0 9.0
660752.0 36736.0 9.0
661191.0 36769.0 9.0
661405.0 36776.0 9.0
661464.0 36775.0 9.0
662261.0 36824.0 9.0
662862.0 36855.0 9.0
663806.0 36905.0 9.0
664907.0 36966.0 9.0
666451.0 37052.0 9.0
666946.0 37079.0 9.0
666997.0 37088.0 9.0
667934.0 37130.0 9.0
668540.0 37170.0 9.0
669448.0 37221.0 9.0
669608.0 37226.0 9.0
672280.0 37380.0 9.0
677119.0 37646.0 9.0
677591.0 37674.0 9.0
681755.0 37902.0 9.0
683124.0 37977.0 9.0
683486.0 37995.0 9.0
684724.0 38066.0 9.0
686186.0 38147.0 9.0
689764.0 38348.0 9.0
690522.0 38391.0 9.0
692234.0 38489.0 9.0
692377.0 38495.0 9.0
692617.0 38509.0 9.0
693026.0 38529.0 9.0
694479.0 38618.0 9.0
697458.0 38781.0 9.0
697857.0 38793.0 9.0
698899.0 38854.0 9.0
698998.0 38870.0 9.0
699963.0 38908.0 9.0
700739.0 38960.0 9.0
700869.0 38968.0 9.0
701575.0 39003.0 9.0
702047.0 39031.0 9.0
702600.0 39063.0 9.0
703748.0 39125.0 9.0
704627.0 39174.0 9.0
705233.0 39216.0 9.0
707986.0 39360.0 9.0
709410.0 39446.0 9.0
710055.0 39483.0 9.0
712514.0 39612.0 9.0
713989.0 39695.0 9.0
714375.0 39722.0 9.0
715924.0 39804.0 9.0
716885.0 39859.0 9.0
717242.0 39878.0 9.0
722608.0 40174.0 9.0
725478.0 40333.0 9.0
725884.0 40359.0 9.0
725973.0 40360.0 9.0
731010.0 40636.0 9.0
731157.0 40655.0 9.0
739356.0 41110.0 9.0
740458.0 41169.0 9.0
741071.0 41211.0 9.0
747255.0 41545.0 9.0
756475.0 42064.0 9.0
762604.0 42399.0 9.0
762893.0 42419.0 9.0
786486.0 43727.0 9.0
806181.0 44821.0 9.0
