rev4
3313.0 185.0 9.0
3439.0 192.0 9.0
3510.0 196.0 9.0
3528.0 197.0 9.0
3529.0 197.0 9.0
3546.0 198.0 9.0
3563.0 199.0 9.0
3565.0 199.0 9.0
3572.0 200.0 9.0
3582.0 200.0 9.0
3583.0 200.0 9.0
3636.0 203.0 9.0
3637.0 203.0 9.0
3637.0 203.0 9.0
3653.0 204.0 9.0
3655.0 204.0 9.0
3672.0 205.0 9.0
3673.0 205.0 9.0
3682.0 206.0 9.0
3691.0 206.0 9.0
3708.0 207.0 9.0
3789.0 212.0 9.0
3798.0 212.0 9.0
3798.0 212.0 9.0
3799.0 212.0 9.0
3817.0 213.0 9.0
3817.0 213.0 9.0
3817.0 214.0 9.0
3834.0 214.0 9.0
3835.0 214.0 9.0
3852.0 215.0 9.0
3852.0 215.0 9.0
3853.0 215.0 9.0
3853.0 215.0 9.0
3858.0 216.0 9.0
3871.0 216.0 9.0
3880.0 217.0 9.0
3906.0 218.0 9.0
3907.0 218.0 9.0
3907.0 218.0 9.0
3924.0 219.0 9.0
3925.0 219.0 9.0
3943.0 220.0 9.0
3958.0 221.0 9.0
3961.0 221.0 9.0
3996.0 223.0 9.0
3996.0 223.0 9.0
4006.0 224.0 9.0
4006.0 224.0 9.0
4006.0 224.0 9.0
4015.0 224.0 9.0
4015.0 224.0 9.0
4033.0 225.0 9.0
4033.0 225.0 9.0
4068.0 227.0 9.0
4068.0 227.0 9.0
4077.0 228.0 9.0
4085.0 228.0 9.0
4085.0 228.0 9.0
4087.0 228.0 9.0
4095.0 229.0 9.0
4105.0 229.0 9.0
4112.0 230.0 9.0
4122.0 230.0 9.0
4123.0 230.0 9.0
4123.0 230.0 9.0
4139.0 231.0 9.0
4139.0 231.0 9.0
4159.0 232.0 9.0
4159.0 232.0 9.0
4168.0 233.0 9.0
4212.0 235.0 9.0
4230.0 236.0 9.0
4266.0 238.0 9.0
4275.0 239.0 9.0
4318.0 241.0 9.0
4321.0 241.0 9.0
4329.0 242.0 9.0
4338.0 242.0 9.0
4338.0 242.0 9.0
4347.0 243.0 9.0
4356.0 243.0 9.0
4375.0 244.0 9.0
4410.0 246.0 9.0
4436.0 248.0 9.0
4446.0 248.0 9.0
4454.0 249.0 9.0
4463.0 249.0 9.0
4465.0 249.0 9.0
4510.0 252.0 9.0
4555.0 254.0 9.0
4663.0 260.0 9.0
4681.0 261.0 9.0
4834.0 270.0 9.0
4896.0 273.0 9.0
4931.0 275.0 9.0
4951.0 276.0 9.0
5129.0 286.0 9.0
5167.0 288.0 9.0
5202.0 290.0 9.0
