rev4
2107.0 118.0 9.0
2196.0 123.0 9.0
2215.0 124.0 9.0
2250.0 126.0 9.0
2269.0 127.0 9.0
2287.0 128.0 9.0
2287.0 128.0 9.0
2304.0 129.0 9.0
2305.0 129.0 9.0
2305.0 129.0 9.0
2323.0 130.0 9.0
2339.0 131.0 9.0
2341.0 131.0 9.0
2341.0 131.0 9.0
2341.0 131.0 9.0
2359.0 132.0 9.0
2359.0 133.0 9.0
2359.0 132.0 9.0
2377.0 133.0 9.0
2377.0 133.0 9.0
2413.0 135.0 9.0
2413.0 135.0 9.0
2449.0 137.0 9.0
2449.0 137.0 9.0
2464.0 138.0 9.0
2484.0 139.0 9.0
2485.0 139.0 9.0
2503.0 140.0 9.0
2521.0 141.0 9.0
2530.0 142.0 9.0
2539.0 142.0 9.0
2557.0 143.0 9.0
2565.0 144.0 9.0
2575.0 144.0 9.0
2575.0 144.0 9.0
2575.0 144.0 9.0
2575.0 144.0 9.0
2575.0 144.0 9.0
2592.0 145.0 9.0
2593.0 145.0 9.0
2610.0 146.0 9.0
2610.0 146.0 9.0
2611.0 146.0 9.0
2645.0 148.0 9.0
2647.0 148.0 9.0
2683.0 150.0 9.0
2700.0 151.0 9.0
2719.0 152.0 9.0
2728.0 153.0 9.0
2728.0 153.0 9.0
2737.0 153.0 9.0
2737.0 153.0 9.0
2737.0 153.0 9.0
2737.0 153.0 9.0
2753.0 154.0 9.0
2754.0 154.0 9.0
2755.0 154.0 9.0
2771.0 155.0 9.0
2772.0 155.0 9.0
2773.0 155.0 9.0
2773.0 155.0 9.0
2782.0 156.0 9.0
2790.0 156.0 9.0
2809.0 157.0 9.0
2817.0 158.0 9.0
2827.0 158.0 9.0
2827.0 158.0 9.0
2861.0 160.0 9.0
2863.0 160.0 9.0
2872.0 161.0 9.0
2879.0 161.0 9.0
2880.0 161.0 9.0
2881.0 161.0 9.0
2890.0 162.0 9.0
2899.0 162.0 9.0
2899.0 162.0 9.0
2899.0 162.0 9.0
2926.0 164.0 9.0
2971.0 166.0 9.0
2989.0 167.0 9.0
3007.0 168.0 9.0
3023.0 169.0 9.0
3097.0 173.0 9.0
3097.0 173.0 9.0
3114.0 174.0 9.0
3133.0 175.0 9.0
3169.0 177.0 9.0
3169.0 177.0 9.0
3177.0 178.0 9.0
3185.0 178.0 9.0
3187.0 178.0 9.0
3203.0 179.0 9.0
3205.0 179.0 9.0
3295.0 184.0 9.0
3349.0 187.0 9.0
3367.0 188.0 9.0
3421.0 191.0 9.0
3464.0 194.0 9.0
3528.0 197.0 9.0
3654.0 204.0 9.0
