rev4
4176.0 233.0 9.0
4347.0 243.0 9.0
4357.0 243.0 9.0
4482.0 250.0 9.0
4535.0 253.0 9.0
4591.0 256.0 9.0
4609.0 257.0 9.0
4627.0 258.0 9.0
4690.0 262.0 9.0
4698.0 262.0 9.0
4732.0 264.0 9.0
4771.0 266.0 9.0
4798.0 268.0 9.0
4825.0 269.0 9.0
4861.0 271.0 9.0
4897.0 273.0 9.0
4932.0 275.0 9.0
4994.0 279.0 9.0
4995.0 279.0 9.0
5023.0 280.0 9.0
5076.0 283.0 9.0
5077.0 283.0 9.0
5130.0 286.0 9.0
5193.0 290.0 9.0
5194.0 290.0 9.0
5201.0 290.0 9.0
5212.0 291.0 9.0
5220.0 291.0 9.0
5221.0 291.0 9.0
5237.0 292.0 9.0
5238.0 292.0 9.0
5239.0 292.0 9.0
5292.0 295.0 9.0
5292.0 295.0 9.0
5293.0 295.0 9.0
5308.0 296.0 9.0
5309.0 296.0 9.0
5320.0 297.0 9.0
5320.0 297.0 9.0
5328.0 297.0 9.0
5337.0 298.0 9.0
5345.0 298.0 9.0
5347.0 298.0 9.0
5347.0 298.0 9.0
5356.0 299.0 9.0
5365.0 299.0 9.0
5409.0 302.0 9.0
5437.0 303.0 9.0
5437.0 303.0 9.0
5463.0 305.0 9.0
5480.0 306.0 9.0
5500.0 307.0 9.0
5508.0 307.0 9.0
5509.0 307.0 9.0
5534.0 309.0 9.0
5536.0 309.0 9.0
5541.0 309.0 9.0
5544.0 309.0 9.0
5545.0 309.0 9.0
5545.0 309.0 9.0
5607.0 313.0 9.0
5617.0 313.0 9.0
5668.0 316.0 9.0
5668.0 316.0 9.0
5678.0 317.0 9.0
5688.0 317.0 9.0
5707.0 318.0 9.0
5716.0 319.0 9.0
5725.0 319.0 9.0
5759.0 322.0 9.0
5761.0 321.0 9.0
5778.0 322.0 9.0
5806.0 324.0 9.0
5839.0 326.0 9.0
5842.0 326.0 9.0
5904.0 329.0 9.0
5956.0 332.0 9.0
5959.0 332.0 9.0
5984.0 334.0 9.0
5995.0 334.0 9.0
6022.0 336.0 9.0
6030.0 336.0 9.0
6045.0 337.0 9.0
6084.0 339.0 9.0
6102.0 340.0 9.0
6102.0 340.0 9.0
6112.0 341.0 9.0
6264.0 349.0 9.0
6289.0 351.0 9.0
6300.0 351.0 9.0
6336.0 353.0 9.0
6399.0 357.0 9.0
6406.0 357.0 9.0
6426.0 358.0 9.0
6426.0 358.0 9.0
6553.0 365.0 9.0
6586.0 367.0 9.0
6868.0 383.0 9.0
6949.0 387.0 9.0
7414.0 413.0 9.0
