rev4
712309.0 39605.0 9.0
719378.0 39999.0 9.0
731152.0 40653.0 9.0
731214.0 40655.0 9.0
731813.0 40688.0 9.0
732536.0 40730.0 9.0
732800.0 40741.0 9.0
742109.0 41264.0 9.0
742164.0 41261.0 9.0
742284.0 41274.0 9.0
742836.0 41307.0 9.0
745599.0 41456.0 9.0
747346.0 41554.0 9.0
749669.0 41680.0 9.0
749705.0 41682.0 9.0
751803.0 41797.0 9.0
752209.0 41823.0 9.0
753665.0 41907.0 9.0
754282.0 41938.0 9.0
754781.0 41965.0 9.0
755496.0 42004.0 9.0
755676.0 42017.0 9.0
756221.0 42044.0 9.0
758174.0 42156.0 9.0
758977.0 42201.0 9.0
759330.0 42213.0 9.0
759394.0 42224.0 9.0
761348.0 42334.0 9.0
762141.0 42373.0 9.0
764243.0 42494.0 9.0
765166.0 42545.0 9.0
766168.0 42598.0 9.0
770056.0 42809.0 9.0
772162.0 42932.0 9.0
773737.0 43023.0 9.0
775821.0 43134.0 9.0
776493.0 43174.0 9.0
778209.0 43268.0 9.0
778220.0 43271.0 9.0
778832.0 43306.0 9.0
779677.0 43346.0 9.0
780027.0 43359.0 9.0
787774.0 43798.0 9.0
789561.0 43893.0 9.0
789836.0 43916.0 9.0
790102.0 43927.0 9.0
790165.0 43931.0 9.0
790559.0 43955.0 9.0
791160.0 43984.0 9.0
792242.0 44042.0 9.0
794687.0 44181.0 9.0
796217.0 44271.0 9.0
797891.0 44362.0 9.0
798986.0 44424.0 9.0
800771.0 44524.0 9.0
803208.0 44655.0 9.0
803259.0 44659.0 9.0
803685.0 44687.0 9.0
804512.0 44727.0 9.0
805419.0 44777.0 9.0
808269.0 44945.0 9.0
808479.0 44952.0 9.0
808650.0 44958.0 9.0
808696.0 44960.0 9.0
809169.0 44987.0 9.0
811152.0 45097.0 9.0
811963.0 45135.0 9.0
813427.0 45220.0 9.0
814640.0 45293.0 9.0
816008.0 45366.0 9.0
824605.0 45854.0 9.0
825165.0 45882.0 9.0
825852.0 45926.0 9.0
828338.0 46054.0 9.0
829009.0 46093.0 9.0
832167.0 46267.0 9.0
833547.0 46341.0 9.0
833778.0 46348.0 9.0
834581.0 46400.0 9.0
839798.0 46689.0 9.0
842140.0 46823.0 9.0
846356.0 47056.0 9.0
848140.0 47156.0 9.0
849602.0 47233.0 9.0
851149.0 47319.0 9.0
852435.0 47398.0 9.0
856789.0 47634.0 9.0
858556.0 47737.0 9.0
862135.0 47938.0 9.0
866115.0 48158.0 9.0
871424.0 48447.0 9.0
874192.0 48606.0 9.0
887767.0 49359.0 9.0
897207.0 49882.0 9.0
902648.0 50194.0 9.0
902779.0 50184.0 9.0
902876.0 50204.0 9.0
904803.0 50307.0 9.0
915685.0 50906.0 9.0
917437.0 51015.0 9.0
