rev4
81686.0 4542.0 9.0
82040.0 4562.0 9.0
82987.0 4617.0 9.0
84089.0 4674.0 9.0
84279.0 4685.0 9.0
84386.0 4691.0 9.0
85068.0 4730.0 9.0
85122.0 4735.0 9.0
85556.0 4755.0 9.0
85954.0 4780.0 9.0
86219.0 4796.0 9.0
86393.0 4804.0 9.0
86450.0 4809.0 9.0
86488.0 4809.0 9.0
86807.0 4830.0 9.0
86884.0 4832.0 9.0
87307.0 4855.0 9.0
87309.0 4855.0 9.0
87431.0 4863.0 9.0
87501.0 4866.0 9.0
87526.0 4866.0 9.0
87602.0 4873.0 9.0
87710.0 4878.0 9.0
87854.0 4884.0 9.0
88055.0 4896.0 9.0
88225.0 4904.0 9.0
88266.0 4909.0 9.0
88318.0 4910.0 9.0
88556.0 4928.0 9.0
89099.0 4953.0 9.0
89102.0 4956.0 9.0
89333.0 4968.0 9.0
89345.0 4968.0 9.0
89373.0 4969.0 9.0
89624.0 4982.0 9.0
89648.0 4984.0 9.0
89864.0 4996.0 9.0
89927.0 5000.0 9.0
90111.0 5009.0 9.0
90164.0 5012.0 9.0
90442.0 5028.0 9.0
90455.0 5029.0 9.0
90694.0 5044.0 9.0
90714.0 5046.0 9.0
90874.0 5053.0 9.0
90918.0 5055.0 9.0
90978.0 5060.0 9.0
91018.0 5062.0 9.0
91062.0 5061.0 9.0
91376.0 5081.0 9.0
91436.0 5082.0 9.0
92079.0 5119.0 9.0
92358.0 5136.0 9.0
92537.0 5144.0 9.0
92724.0 5157.0 9.0
92776.0 5160.0 9.0
92829.0 5163.0 9.0
93441.0 5195.0 9.0
93454.0 5197.0 9.0
93663.0 5207.0 9.0
94151.0 5235.0 9.0
94285.0 5242.0 9.0
94296.0 5244.0 9.0
94436.0 5251.0 9.0
94665.0 5264.0 9.0
94792.0 5271.0 9.0
94891.0 5277.0 9.0
94950.0 5282.0 9.0
95543.0 5314.0 9.0
95886.0 5332.0 9.0
95902.0 5332.0 9.0
95958.0 5337.0 9.0
95964.0 5336.0 9.0
96237.0 5355.0 9.0
96816.0 5384.0 9.0
97102.0 5400.0 9.0
97151.0 5402.0 9.0
97248.0 5409.0 9.0
98613.0 5482.0 9.0
98850.0 5496.0 9.0
98955.0 5503.0 9.0
99062.0 5509.0 9.0
99850.0 5551.0 9.0
100049.0 5564.0 9.0
100506.0 5589.0 9.0
100533.0 5589.0 9.0
100754.0 5605.0 9.0
101809.0 5661.0 9.0
103549.0 5757.0 9.0
103999.0 5783.0 9.0
104017.0 5785.0 9.0
105056.0 5843.0 9.0
105357.0 5856.0 9.0
106356.0 5916.0 9.0
106842.0 5941.0 9.0
107409.0 5973.0 9.0
107759.0 5993.0 9.0
111787.0 6216.0 9.0
112354.0 6247.0 9.0
116851.0 6496.0 9.0
