rev4
1.2777096E7 710371.0 9.0
1.2907504E7 717634.0 9.0
1.294415E7 719639.0 9.0
1.2987417E7 722068.0 9.0
1.3043388E7 725187.0 9.0
1.3051638E7 725639.0 9.0
1.3077362E7 727062.0 9.0
1.308474E7 727464.0 9.0
1.309303E7 727938.0 9.0
1.3094338E7 728019.0 9.0
1.3104599E7 728566.0 9.0
1.3110913E7 728896.0 9.0
1.3126962E7 729848.0 9.0
1.312891E7 729913.0 9.0
1.3142069E7 730660.0 9.0
1.3172483E7 732352.0 9.0
1.3181509E7 732853.0 9.0
1.3182433E7 732910.0 9.0
1.3201918E7 733965.0 9.0
1.3218138E7 734904.0 9.0
1.3231483E7 735634.0 9.0
1.3270437E7 737796.0 9.0
1.3295707E7 739214.0 9.0
1.33139E7 740214.0 9.0
1.3342884E7 741833.0 9.0
1.3362229E7 742915.0 9.0
1.3363535E7 742952.0 9.0
1.3385878E7 744208.0 9.0
1.3411025E7 745600.0 9.0
1.3416608E7 745918.0 9.0
1.3428494E7 746596.0 9.0
1.3439807E7 747195.0 9.0
1.3478653E7 749394.0 9.0
1.3506524E7 750941.0 9.0
1.3518452E7 751584.0 9.0
1.3525965E7 751989.0 9.0
1.3550997E7 753386.0 9.0
1.3552228E7 753436.0 9.0
1.3574276E7 754673.0 9.0
1.3575815E7 754772.0 9.0
1.357671E7 754817.0 9.0
1.3596857E7 755951.0 9.0
1.3603343E7 756316.0 9.0
1.3636917E7 758162.0 9.0
1.3647082E7 758727.0 9.0
1.3694765E7 761391.0 9.0
1.3701777E7 761773.0 9.0
1.3713176E7 762415.0 9.0
1.3786834E7 766517.0 9.0
1.3802213E7 767367.0 9.0
1.3804347E7 767472.0 9.0
1.3833055E7 769082.0 9.0
1.3841948E7 769577.0 9.0
1.3842282E7 769601.0 9.0
1.3862423E7 770693.0 9.0
1.3911765E7 773438.0 9.0
1.3928299E7 774349.0 9.0
1.3945598E7 775365.0 9.0
1.3964225E7 776354.0 9.0
1.3972103E7 776840.0 9.0
1.3974035E7 776934.0 9.0
1.4004691E7 778622.0 9.0
1.4029281E7 779999.0 9.0
1.4029856E7 780013.0 9.0
1.4034406E7 780297.0 9.0
1.4041667E7 780686.0 9.0
1.4060987E7 781737.0 9.0
1.4093194E7 783549.0 9.0
1.4117085E7 784846.0 9.0
1.4117389E7 784896.0 9.0
1.4134612E7 785851.0 9.0
1.4140093E7 786148.0 9.0
1.414149E7 786197.0 9.0
1.4147273E7 786537.0 9.0
1.4182615E7 788505.0 9.0
1.4281595E7 794009.0 9.0
1.4293718E7 794697.0 9.0
1.4394191E7 800299.0 9.0
1.4524658E7 807543.0 9.0
1.4539256E7 808331.0 9.0
1.4604412E7 811953.0 9.0
1.4614944E7 812543.0 9.0
1.4639432E7 813927.0 9.0
1.4642683E7 814111.0 9.0
1.4681209E7 816221.0 9.0
1.474021E7 819526.0 9.0
1.4759035E7 820582.0 9.0
1.4797234E7 822646.0 9.0
1.4824005E7 824187.0 9.0
1.4987027E7 833255.0 9.0
1.5081781E7 838506.0 9.0
1.5137632E7 841575.0 9.0
1.5143587E7 841944.0 9.0
1.5188222E7 844441.0 9.0
1.5199443E7 845021.0 9.0
1.5243426E7 847511.0 9.0
1.5647372E7 869927.0 9.0
1.5814108E7 879215.0 9.0
1.6561539E7 920782.0 9.0
1.842285E7 1024285.0 9.0
