rev4
8672.0 484.0 9.0
8909.0 496.0 9.0
8992.0 501.0 9.0
9287.0 517.0 9.0
9451.0 526.0 9.0
9727.0 542.0 9.0
9828.0 547.0 9.0
9860.0 549.0 9.0
9890.0 551.0 9.0
9892.0 551.0 9.0
9915.0 552.0 9.0
9919.0 552.0 9.0
9962.0 555.0 9.0
9962.0 555.0 9.0
9970.0 555.0 9.0
10017.0 558.0 9.0
10070.0 562.0 9.0
10162.0 566.0 9.0
10179.0 567.0 9.0
10180.0 567.0 9.0
10241.0 570.0 9.0
10269.0 572.0 9.0
10310.0 574.0 9.0
10313.0 574.0 9.0
10336.0 576.0 9.0
10349.0 576.0 9.0
10441.0 581.0 9.0
10459.0 582.0 9.0
10477.0 583.0 9.0
10482.0 584.0 9.0
10512.0 586.0 9.0
10529.0 586.0 9.0
10530.0 586.0 9.0
10547.0 587.0 9.0
10566.0 588.0 9.0
10665.0 594.0 9.0
10674.0 594.0 9.0
10679.0 595.0 9.0
10689.0 595.0 9.0
10702.0 596.0 9.0
10706.0 596.0 9.0
10727.0 597.0 9.0
10735.0 598.0 9.0
10738.0 598.0 9.0
10746.0 598.0 9.0
10764.0 599.0 9.0
10809.0 602.0 9.0
10845.0 604.0 9.0
10926.0 609.0 9.0
10933.0 609.0 9.0
10951.0 610.0 9.0
10953.0 610.0 9.0
10963.0 610.0 9.0
10972.0 611.0 9.0
10979.0 611.0 9.0
11025.0 614.0 9.0
11025.0 614.0 9.0
11035.0 614.0 9.0
11066.0 616.0 9.0
11077.0 617.0 9.0
11113.0 619.0 9.0
11149.0 621.0 9.0
11203.0 624.0 9.0
11231.0 626.0 9.0
11276.0 628.0 9.0
11285.0 628.0 9.0
11291.0 630.0 9.0
11295.0 629.0 9.0
11307.0 631.0 9.0
11321.0 631.0 9.0
11346.0 632.0 9.0
11421.0 636.0 9.0
11448.0 637.0 9.0
11467.0 639.0 9.0
11501.0 640.0 9.0
11501.0 640.0 9.0
11520.0 641.0 9.0
11568.0 644.0 9.0
11610.0 646.0 9.0
11615.0 647.0 9.0
11626.0 647.0 9.0
11683.0 650.0 9.0
11699.0 651.0 9.0
11763.0 655.0 9.0
11815.0 659.0 9.0
11860.0 660.0 9.0
12085.0 673.0 9.0
12091.0 673.0 9.0
12157.0 677.0 9.0
12187.0 679.0 9.0
12275.0 683.0 9.0
12663.0 705.0 9.0
12851.0 716.0 9.0
12915.0 719.0 9.0
12965.0 722.0 9.0
13227.0 736.0 9.0
13236.0 737.0 9.0
13748.0 767.0 9.0
13903.0 774.0 9.0
14613.0 813.0 9.0
