rev4
164370.0 9138.0 9.0
164380.0 9140.0 9.0
166229.0 9244.0 9.0
167279.0 9300.0 9.0
167414.0 9311.0 9.0
169012.0 9396.0 9.0
171045.0 9510.0 9.0
171721.0 9546.0 9.0
172078.0 9572.0 9.0
172473.0 9589.0 9.0
172747.0 9604.0 9.0
174774.0 9715.0 9.0
175237.0 9744.0 9.0
176206.0 9796.0 9.0
176268.0 9801.0 9.0
176816.0 9833.0 9.0
178026.0 9902.0 9.0
178247.0 9910.0 9.0
178841.0 9943.0 9.0
179090.0 9962.0 9.0
179184.0 9961.0 9.0
180121.0 10016.0 9.0
180579.0 10041.0 9.0
180958.0 10062.0 9.0
181117.0 10071.0 9.0
181262.0 10075.0 9.0
182494.0 10149.0 9.0
182733.0 10160.0 9.0
183194.0 10183.0 9.0
184009.0 10232.0 9.0
184806.0 10276.0 9.0
184870.0 10278.0 9.0
185079.0 10291.0 9.0
185299.0 10301.0 9.0
185457.0 10310.0 9.0
185847.0 10330.0 9.0
185969.0 10338.0 9.0
185973.0 10341.0 9.0
186096.0 10347.0 9.0
186198.0 10353.0 9.0
186439.0 10367.0 9.0
186557.0 10374.0 9.0
186612.0 10377.0 9.0
186753.0 10385.0 9.0
187088.0 10401.0 9.0
187570.0 10431.0 9.0
187676.0 10437.0 9.0
187788.0 10442.0 9.0
187876.0 10450.0 9.0
188659.0 10491.0 9.0
189835.0 10554.0 9.0
189896.0 10557.0 9.0
190021.0 10565.0 9.0
190253.0 10575.0 9.0
190574.0 10594.0 9.0
191737.0 10660.0 9.0
191764.0 10662.0 9.0
192355.0 10701.0 9.0
192793.0 10717.0 9.0
193243.0 10745.0 9.0
193755.0 10773.0 9.0
194231.0 10798.0 9.0
194366.0 10808.0 9.0
194582.0 10821.0 9.0
194595.0 10822.0 9.0
194670.0 10823.0 9.0
194819.0 10830.0 9.0
194924.0 10836.0 9.0
195177.0 10852.0 9.0
195363.0 10864.0 9.0
196396.0 10922.0 9.0
196508.0 10927.0 9.0
196710.0 10936.0 9.0
197006.0 10954.0 9.0
197040.0 10957.0 9.0
197144.0 10960.0 9.0
197391.0 10974.0 9.0
197442.0 10977.0 9.0
198644.0 11042.0 9.0
198708.0 11047.0 9.0
198886.0 11059.0 9.0
199422.0 11089.0 9.0
199703.0 11106.0 9.0
199881.0 11114.0 9.0
200476.0 11146.0 9.0
200897.0 11171.0 9.0
201450.0 11202.0 9.0
202403.0 11253.0 9.0
204242.0 11361.0 9.0
204248.0 11356.0 9.0
205309.0 11414.0 9.0
206464.0 11485.0 9.0
206734.0 11494.0 9.0
207678.0 11547.0 9.0
207842.0 11557.0 9.0
210273.0 11692.0 9.0
214600.0 11930.0 9.0
215418.0 11975.0 9.0
226426.0 12587.0 9.0
263708.0 14660.0 9.0
