rev4
1445133.0 80345.0 9.0
1466360.0 81518.0 9.0
1468337.0 81627.0 9.0
1472399.0 81863.0 9.0
1475718.0 82053.0 9.0
1481835.0 82399.0 9.0
1482600.0 82425.0 9.0
1485296.0 82580.0 9.0
1495329.0 83146.0 9.0
1508253.0 83860.0 9.0
1512661.0 84107.0 9.0
1514609.0 84207.0 9.0
1518112.0 84395.0 9.0
1518457.0 84426.0 9.0
1520369.0 84525.0 9.0
1524935.0 84780.0 9.0
1526256.0 84852.0 9.0
1526895.0 84885.0 9.0
1527935.0 84944.0 9.0
1536426.0 85421.0 9.0
1537703.0 85491.0 9.0
1542259.0 85751.0 9.0
1548385.0 86092.0 9.0
1550690.0 86212.0 9.0
1553938.0 86390.0 9.0
1554732.0 86446.0 9.0
1558777.0 86668.0 9.0
1559297.0 86689.0 9.0
1567367.0 87136.0 9.0
1568617.0 87213.0 9.0
1569070.0 87234.0 9.0
1572828.0 87444.0 9.0
1573891.0 87501.0 9.0
1575642.0 87601.0 9.0
1575941.0 87631.0 9.0
1580710.0 87881.0 9.0
1581038.0 87907.0 9.0
1581994.0 87955.0 9.0
1585616.0 88163.0 9.0
1589821.0 88388.0 9.0
1591743.0 88493.0 9.0
1593330.0 88585.0 9.0
1594798.0 88664.0 9.0
1595227.0 88697.0 9.0
1596323.0 88755.0 9.0
1596749.0 88768.0 9.0
1596894.0 88782.0 9.0
1597850.0 88839.0 9.0
1598903.0 88891.0 9.0
1601577.0 89042.0 9.0
1605906.0 89282.0 9.0
1608395.0 89417.0 9.0
1611627.0 89602.0 9.0
1613909.0 89719.0 9.0
1615218.0 89809.0 9.0
1618820.0 90008.0 9.0
1621322.0 90143.0 9.0
1621789.0 90164.0 9.0
1633145.0 90808.0 9.0
1640247.0 91188.0 9.0
1654522.0 91982.0 9.0
1656219.0 92090.0 9.0
1657544.0 92158.0 9.0
1658853.0 92221.0 9.0
1659371.0 92261.0 9.0
1660833.0 92337.0 9.0
1663070.0 92458.0 9.0
1663796.0 92502.0 9.0
1665082.0 92574.0 9.0
1665305.0 92578.0 9.0
1667386.0 92701.0 9.0
1668140.0 92744.0 9.0
1675763.0 93175.0 9.0
1675930.0 93171.0 9.0
1685689.0 93718.0 9.0
1687515.0 93825.0 9.0
1691554.0 94038.0 9.0
1691596.0 94043.0 9.0
1693310.0 94143.0 9.0
1697340.0 94368.0 9.0
1701286.0 94593.0 9.0
1706545.0 94883.0 9.0
1722298.0 95756.0 9.0
1724602.0 95880.0 9.0
1726248.0 95976.0 9.0
1728383.0 96091.0 9.0
1733653.0 96383.0 9.0
1733727.0 96394.0 9.0
1738864.0 96680.0 9.0
1741939.0 96845.0 9.0
1743923.0 96966.0 9.0
1746383.0 97092.0 9.0
1764700.0 98114.0 9.0
1813997.0 100857.0 9.0
1826328.0 101543.0 9.0
1894341.0 105328.0 9.0
1898306.0 105543.0 9.0
1899799.0 105612.0 9.0
1967281.0 109374.0 9.0
2001114.0 111259.0 9.0
