rev4
2689832.0 112082.0 12.0
2714357.0 113105.0 12.0
2723854.0 113500.0 12.0
2738288.0 114102.0 12.0
2753773.0 114748.0 12.0
2764667.0 115201.0 12.0
2768268.0 115350.0 12.0
2779743.0 115830.0 12.0
2782837.0 115958.0 12.0
2785063.0 116050.0 12.0
2796452.0 116524.0 12.0
2796933.0 116545.0 12.0
2798666.0 116621.0 12.0
2802177.0 116765.0 12.0
2803272.0 116810.0 12.0
2806546.0 116945.0 12.0
2810168.0 117097.0 12.0
2812576.0 117197.0 12.0
2815618.0 117325.0 12.0
2829017.0 117882.0 12.0
2835608.0 118157.0 12.0
2836383.0 118190.0 12.0
2837168.0 118221.0 12.0
2839240.0 118306.0 12.0
2839684.0 118329.0 12.0
2840702.0 118370.0 12.0
2842566.0 118446.0 12.0
2844578.0 118532.0 12.0
2848017.0 118675.0 12.0
2850509.0 118777.0 12.0
2853190.0 118890.0 12.0
2854273.0 118935.0 12.0
2855473.0 118986.0 12.0
2856434.0 119027.0 12.0
2858660.0 119117.0 12.0
2858913.0 119126.0 12.0
2861318.0 119229.0 12.0
2861405.0 119231.0 12.0
2865613.0 119404.0 12.0
2874657.0 119785.0 12.0
2875842.0 119834.0 12.0
2878935.0 119962.0 12.0
2886541.0 120279.0 12.0
2887946.0 120338.0 12.0
2893592.0 120574.0 12.0
2894474.0 120608.0 12.0
2895051.0 120634.0 12.0
2898517.0 120778.0 12.0
2905456.0 121068.0 12.0
2910888.0 121293.0 12.0
2913367.0 121399.0 12.0
2915758.0 121497.0 12.0
2919849.0 121665.0 12.0
2921064.0 121719.0 12.0
2922180.0 121764.0 12.0
2922569.0 121779.0 12.0
2923971.0 121838.0 12.0
2925838.0 121918.0 12.0
2929610.0 122073.0 12.0
2932815.0 122207.0 12.0
2934211.0 122265.0 12.0
2956489.0 123194.0 12.0
2967759.0 123665.0 12.0
2968411.0 123689.0 12.0
2975706.0 123992.0 12.0
2975764.0 123995.0 12.0
2976390.0 124023.0 12.0
2976554.0 124030.0 12.0
2977437.0 124066.0 12.0
2978679.0 124117.0 12.0
2981365.0 124231.0 12.0
2981378.0 124231.0 12.0
2993224.0 124723.0 12.0
2998730.0 124954.0 12.0
3001019.0 125050.0 12.0
3002753.0 125122.0 12.0
3004141.0 125180.0 12.0
3004789.0 125206.0 12.0
3010597.0 125451.0 12.0
3014720.0 125624.0 12.0
3016776.0 125707.0 12.0
3021024.0 125881.0 12.0
3023324.0 125978.0 12.0
3035010.0 126468.0 12.0
3035399.0 126483.0 12.0
3036339.0 126521.0 12.0
3040213.0 126682.0 12.0
3062121.0 127596.0 12.0
3063188.0 127639.0 12.0
3090358.0 128771.0 12.0
3107035.0 129468.0 12.0
3107264.0 129476.0 12.0
3164448.0 131861.0 12.0
3168769.0 132037.0 12.0
3170035.0 132090.0 12.0
3170310.0 132106.0 12.0
3226535.0 134450.0 12.0
3252794.0 135542.0 12.0
3409032.0 142050.0 12.0
3414993.0 142304.0 12.0
