rev4
35065.0 1462.0 12.0
35593.0 1484.0 12.0
35976.0 1500.0 12.0
36181.0 1509.0 12.0
36347.0 1516.0 12.0
36565.0 1525.0 12.0
36577.0 1525.0 12.0
36625.0 1527.0 12.0
36685.0 1530.0 12.0
36721.0 1531.0 12.0
36744.0 1532.0 12.0
37032.0 1544.0 12.0
37079.0 1546.0 12.0
37201.0 1551.0 12.0
37225.0 1552.0 12.0
37342.0 1557.0 12.0
37465.0 1562.0 12.0
37537.0 1565.0 12.0
37657.0 1570.0 12.0
37848.0 1578.0 12.0
37920.0 1581.0 12.0
37921.0 1581.0 12.0
37968.0 1583.0 12.0
37968.0 1583.0 12.0
38088.0 1588.0 12.0
38112.0 1589.0 12.0
38113.0 1589.0 12.0
38149.0 1591.0 12.0
38353.0 1599.0 12.0
38365.0 1600.0 12.0
38413.0 1602.0 12.0
38425.0 1602.0 12.0
38449.0 1603.0 12.0
38496.0 1605.0 12.0
38521.0 1606.0 12.0
38569.0 1608.0 12.0
38688.0 1613.0 12.0
38761.0 1616.0 12.0
38761.0 1616.0 12.0
38761.0 1616.0 12.0
38784.0 1617.0 12.0
39073.0 1629.0 12.0
39144.0 1632.0 12.0
39145.0 1632.0 12.0
39157.0 1633.0 12.0
39169.0 1633.0 12.0
39191.0 1634.0 12.0
39312.0 1639.0 12.0
39313.0 1639.0 12.0
39409.0 1643.0 12.0
39431.0 1644.0 12.0
39433.0 1644.0 12.0
39455.0 1645.0 12.0
39528.0 1648.0 12.0
39552.0 1649.0 12.0
39577.0 1650.0 12.0
39625.0 1652.0 12.0
39649.0 1653.0 12.0
39697.0 1655.0 12.0
39817.0 1660.0 12.0
39829.0 1661.0 12.0
39863.0 1662.0 12.0
39889.0 1663.0 12.0
39901.0 1664.0 12.0
39937.0 1665.0 12.0
39961.0 1666.0 12.0
40081.0 1671.0 12.0
40105.0 1672.0 12.0
40129.0 1673.0 12.0
40200.0 1676.0 12.0
40213.0 1677.0 12.0
40225.0 1677.0 12.0
40414.0 1685.0 12.0
40439.0 1686.0 12.0
40477.0 1688.0 12.0
40581.0 1692.0 12.0
40656.0 1695.0 12.0
40849.0 1703.0 12.0
40908.0 1706.0 12.0
40921.0 1706.0 12.0
40921.0 1706.0 12.0
40969.0 1708.0 12.0
41305.0 1722.0 12.0
41329.0 1723.0 12.0
41400.0 1726.0 12.0
41869.0 1746.0 12.0
41905.0 1747.0 12.0
41988.0 1751.0 12.0
42265.0 1762.0 12.0
42457.0 1770.0 12.0
42601.0 1776.0 12.0
42697.0 1780.0 12.0
42817.0 1785.0 12.0
43127.0 1798.0 12.0
43344.0 1807.0 12.0
43489.0 1813.0 12.0
43920.0 1831.0 12.0
44041.0 1836.0 12.0
44425.0 1852.0 12.0
47497.0 1980.0 12.0
