rev4
1.1385319E7 474415.0 12.0
1.1397192E7 474908.0 12.0
1.145666E7 477385.0 12.0
1.1530454E7 480462.0 12.0
1.1580594E7 482549.0 12.0
1.1687109E7 486992.0 12.0
1.1694193E7 487281.0 12.0
1.1713958E7 488105.0 12.0
1.1715931E7 488185.0 12.0
1.1731282E7 488827.0 12.0
1.176772E7 490343.0 12.0
1.1782653E7 490974.0 12.0
1.1847134E7 493658.0 12.0
1.1847327E7 493662.0 12.0
1.1857735E7 494098.0 12.0
1.1862981E7 494314.0 12.0
1.1894901E7 495648.0 12.0
1.1900947E7 495896.0 12.0
1.1916846E7 496563.0 12.0
1.1919766E7 496679.0 12.0
1.1930962E7 497150.0 12.0
1.1931352E7 497159.0 12.0
1.1932473E7 497210.0 12.0
1.1938981E7 497484.0 12.0
1.1953669E7 498093.0 12.0
1.198022E7 499199.0 12.0
1.1988907E7 499558.0 12.0
1.1995582E7 499845.0 12.0
1.20093E7 500414.0 12.0
1.2023555E7 501007.0 12.0
1.2038952E7 501648.0 12.0
1.2052078E7 502196.0 12.0
1.206902E7 502903.0 12.0
1.2088341E7 503708.0 12.0
1.2106824E7 504478.0 12.0
1.2109888E7 504605.0 12.0
1.2110915E7 504648.0 12.0
1.211603E7 504861.0 12.0
1.2126904E7 505320.0 12.0
1.2132779E7 505560.0 12.0
1.2142306E7 505951.0 12.0
1.2146852E7 506149.0 12.0
1.2150203E7 506285.0 12.0
1.2154225E7 506449.0 12.0
1.2172493E7 507216.0 12.0
1.2181154E7 507576.0 12.0
1.2186252E7 507785.0 12.0
1.2190299E7 507958.0 12.0
1.2190883E7 507981.0 12.0
1.2199374E7 508329.0 12.0
1.2206239E7 508620.0 12.0
1.2230093E7 509615.0 12.0
1.224536E7 510249.0 12.0
1.2251188E7 510492.0 12.0
1.2255E7 510655.0 12.0
1.2266557E7 511135.0 12.0
1.2268716E7 511219.0 12.0
1.2273332E7 511418.0 12.0
1.2275692E7 511514.0 12.0
1.22955E7 512337.0 12.0
1.2296602E7 512387.0 12.0
1.2297226E7 512415.0 12.0
1.2318375E7 513289.0 12.0
1.2326293E7 513625.0 12.0
1.2331436E7 513833.0 12.0
1.2338312E7 514129.0 12.0
1.2343483E7 514334.0 12.0
1.2403419E7 516834.0 12.0
1.2435621E7 518177.0 12.0
1.2464515E7 519383.0 12.0
1.2487205E7 520324.0 12.0
1.250477E7 521057.0 12.0
1.2508065E7 521199.0 12.0
1.2509899E7 521274.0 12.0
1.2524336E7 521872.0 12.0
1.2536182E7 522368.0 12.0
1.2567381E7 523666.0 12.0
1.2580091E7 524199.0 12.0
1.2592061E7 524698.0 12.0
1.2602716E7 525138.0 12.0
1.2637157E7 526573.0 12.0
1.2696578E7 529050.0 12.0
1.2731665E7 530514.0 12.0
1.274663E7 531134.0 12.0
1.2759923E7 531693.0 12.0
1.2776139E7 532368.0 12.0
1.2785068E7 532739.0 12.0
1.2786162E7 532788.0 12.0
1.2815824E7 534020.0 12.0
1.2828284E7 534535.0 12.0
1.2852641E7 535557.0 12.0
1.2868474E7 536209.0 12.0
1.2897952E7 537442.0 12.0
1.3011622E7 542175.0 12.0
1.3075552E7 544839.0 12.0
1.321315E7 550578.0 12.0
1.3270236E7 552957.0 12.0
1.3333093E7 555575.0 12.0
1.3697147E7 570747.0 12.0
1.3863075E7 577654.0 12.0
