rev4
3865.0 162.0 12.0
3961.0 166.0 12.0
3961.0 166.0 12.0
3985.0 167.0 12.0
4009.0 168.0 12.0
4031.0 169.0 12.0
4080.0 171.0 12.0
4081.0 171.0 12.0
4105.0 172.0 12.0
4152.0 174.0 12.0
4153.0 174.0 12.0
4177.0 175.0 12.0
4177.0 175.0 12.0
4177.0 175.0 12.0
4199.0 176.0 12.0
4201.0 176.0 12.0
4225.0 177.0 12.0
4225.0 177.0 12.0
4225.0 177.0 12.0
4225.0 177.0 12.0
4249.0 178.0 12.0
4249.0 178.0 12.0
4249.0 178.0 12.0
4273.0 179.0 12.0
4296.0 180.0 12.0
4297.0 180.0 12.0
4297.0 180.0 12.0
4297.0 180.0 12.0
4297.0 180.0 12.0
4321.0 181.0 12.0
4321.0 181.0 12.0
4345.0 182.0 12.0
4345.0 182.0 12.0
4345.0 182.0 12.0
4369.0 183.0 12.0
4369.0 183.0 12.0
4369.0 183.0 12.0
4392.0 184.0 12.0
4393.0 184.0 12.0
4393.0 184.0 12.0
4417.0 185.0 12.0
4417.0 185.0 12.0
4417.0 185.0 12.0
4417.0 185.0 12.0
4417.0 185.0 12.0
4417.0 185.0 12.0
4417.0 185.0 12.0
4441.0 186.0 12.0
4441.0 186.0 12.0
4441.0 186.0 12.0
4465.0 187.0 12.0
4465.0 187.0 12.0
4465.0 187.0 12.0
4465.0 187.0 12.0
4489.0 188.0 12.0
4489.0 188.0 12.0
4489.0 188.0 12.0
4489.0 188.0 12.0
4489.0 188.0 12.0
4512.0 189.0 12.0
4513.0 189.0 12.0
4513.0 189.0 12.0
4513.0 189.0 12.0
4513.0 189.0 12.0
4560.0 191.0 12.0
4561.0 191.0 12.0
4561.0 191.0 12.0
4585.0 192.0 12.0
4585.0 192.0 12.0
4585.0 192.0 12.0
4585.0 192.0 12.0
4585.0 192.0 12.0
4609.0 193.0 12.0
4609.0 193.0 12.0
4609.0 193.0 12.0
4633.0 194.0 12.0
4633.0 194.0 12.0
4633.0 194.0 12.0
4657.0 195.0 12.0
4681.0 196.0 12.0
4681.0 196.0 12.0
4705.0 197.0 12.0
4753.0 199.0 12.0
4801.0 201.0 12.0
4825.0 202.0 12.0
4825.0 202.0 12.0
4873.0 204.0 12.0
4897.0 205.0 12.0
4945.0 207.0 12.0
4969.0 208.0 12.0
4969.0 208.0 12.0
5041.0 211.0 12.0
5041.0 211.0 12.0
5137.0 215.0 12.0
5161.0 216.0 12.0
5209.0 218.0 12.0
5233.0 219.0 12.0
5257.0 220.0 12.0
5281.0 221.0 12.0
5377.0 225.0 12.0
