rev4
865.0 37.0 12.0
889.0 38.0 12.0
889.0 38.0 12.0
889.0 38.0 12.0
889.0 38.0 12.0
889.0 38.0 12.0
889.0 38.0 12.0
889.0 38.0 12.0
913.0 39.0 12.0
913.0 39.0 12.0
937.0 40.0 12.0
937.0 40.0 12.0
937.0 40.0 12.0
961.0 41.0 12.0
961.0 41.0 12.0
961.0 41.0 12.0
961.0 41.0 12.0
961.0 41.0 12.0
961.0 41.0 12.0
985.0 42.0 12.0
985.0 42.0 12.0
985.0 42.0 12.0
985.0 42.0 12.0
985.0 42.0 12.0
985.0 42.0 12.0
985.0 42.0 12.0
985.0 42.0 12.0
985.0 42.0 12.0
985.0 42.0 12.0
985.0 42.0 12.0
1009.0 43.0 12.0
1009.0 43.0 12.0
1009.0 43.0 12.0
1009.0 43.0 12.0
1033.0 44.0 12.0
1033.0 44.0 12.0
1033.0 44.0 12.0
1033.0 44.0 12.0
1057.0 45.0 12.0
1057.0 45.0 12.0
1057.0 45.0 12.0
1057.0 45.0 12.0
1057.0 45.0 12.0
1057.0 45.0 12.0
1057.0 45.0 12.0
1057.0 45.0 12.0
1057.0 45.0 12.0
1080.0 46.0 12.0
1081.0 46.0 12.0
1081.0 46.0 12.0
1081.0 46.0 12.0
1081.0 46.0 12.0
1081.0 46.0 12.0
1081.0 46.0 12.0
1081.0 46.0 12.0
1081.0 46.0 12.0
1081.0 46.0 12.0
1081.0 46.0 12.0
1081.0 46.0 12.0
1105.0 47.0 12.0
1105.0 47.0 12.0
1105.0 47.0 12.0
1105.0 47.0 12.0
1105.0 47.0 12.0
1105.0 47.0 12.0
1105.0 47.0 12.0
1105.0 47.0 12.0
1105.0 47.0 12.0
1105.0 47.0 12.0
1129.0 48.0 12.0
1129.0 48.0 12.0
1129.0 48.0 12.0
1129.0 48.0 12.0
1129.0 48.0 12.0
1129.0 48.0 12.0
1129.0 48.0 12.0
1129.0 48.0 12.0
1129.0 48.0 12.0
1153.0 49.0 12.0
1153.0 49.0 12.0
1153.0 49.0 12.0
1153.0 49.0 12.0
1153.0 49.0 12.0
1153.0 49.0 12.0
1153.0 49.0 12.0
1177.0 50.0 12.0
1177.0 50.0 12.0
1201.0 51.0 12.0
1201.0 51.0 12.0
1201.0 51.0 12.0
1225.0 52.0 12.0
1225.0 52.0 12.0
1225.0 52.0 12.0
1225.0 52.0 12.0
1249.0 53.0 12.0
1249.0 53.0 12.0
1273.0 54.0 12.0
1321.0 56.0 12.0
1345.0 57.0 12.0
1369.0 58.0 12.0
