rev4
17185.0 717.0 12.0
17400.0 726.0 12.0
17413.0 727.0 12.0
17521.0 731.0 12.0
17640.0 736.0 12.0
17689.0 738.0 12.0
17785.0 742.0 12.0
17809.0 743.0 12.0
17857.0 745.0 12.0
17881.0 746.0 12.0
17953.0 749.0 12.0
17976.0 750.0 12.0
18021.0 752.0 12.0
18023.0 752.0 12.0
18025.0 752.0 12.0
18049.0 753.0 12.0
18085.0 755.0 12.0
18097.0 755.0 12.0
18121.0 756.0 12.0
18193.0 759.0 12.0
18217.0 760.0 12.0
18289.0 763.0 12.0
18289.0 763.0 12.0
18313.0 764.0 12.0
18313.0 764.0 12.0
18361.0 766.0 12.0
18408.0 768.0 12.0
18409.0 768.0 12.0
18409.0 768.0 12.0
18433.0 769.0 12.0
18456.0 770.0 12.0
18457.0 770.0 12.0
18479.0 771.0 12.0
18529.0 773.0 12.0
18529.0 773.0 12.0
18552.0 774.0 12.0
18577.0 775.0 12.0
18577.0 775.0 12.0
18601.0 776.0 12.0
18697.0 780.0 12.0
18745.0 782.0 12.0
18745.0 782.0 12.0
18769.0 783.0 12.0
18793.0 784.0 12.0
18817.0 785.0 12.0
18841.0 786.0 12.0
18865.0 787.0 12.0
18888.0 788.0 12.0
18937.0 790.0 12.0
19009.0 793.0 12.0
19009.0 793.0 12.0
19033.0 794.0 12.0
19080.0 796.0 12.0
19081.0 796.0 12.0
19129.0 798.0 12.0
19177.0 800.0 12.0
19201.0 801.0 12.0
19213.0 802.0 12.0
19225.0 802.0 12.0
19225.0 802.0 12.0
19249.0 803.0 12.0
19297.0 805.0 12.0
19321.0 806.0 12.0
19321.0 806.0 12.0
19345.0 807.0 12.0
19369.0 808.0 12.0
19369.0 808.0 12.0
19465.0 812.0 12.0
19465.0 812.0 12.0
19489.0 813.0 12.0
19512.0 814.0 12.0
19513.0 814.0 12.0
19537.0 815.0 12.0
19561.0 816.0 12.0
19561.0 816.0 12.0
19597.0 818.0 12.0
19729.0 823.0 12.0
19753.0 824.0 12.0
19777.0 825.0 12.0
19825.0 827.0 12.0
19825.0 827.0 12.0
19873.0 829.0 12.0
19897.0 830.0 12.0
19905.0 831.0 12.0
19968.0 833.0 12.0
19969.0 833.0 12.0
20017.0 835.0 12.0
20041.0 836.0 12.0
20065.0 837.0 12.0
20327.0 848.0 12.0
20473.0 854.0 12.0
20473.0 854.0 12.0
20533.0 857.0 12.0
21025.0 877.0 12.0
21241.0 886.0 12.0
21265.0 887.0 12.0
21313.0 889.0 12.0
21457.0 895.0 12.0
21671.0 904.0 12.0
22032.0 919.0 12.0
