rev4
306325.0 12765.0 12.0
311940.0 12999.0 12.0
311974.0 13001.0 12.0
315908.0 13165.0 12.0
319193.0 13301.0 12.0
321332.0 13390.0 12.0
321569.0 13400.0 12.0
322446.0 13437.0 12.0
322893.0 13455.0 12.0
323002.0 13460.0 12.0
323575.0 13484.0 12.0
324670.0 13530.0 12.0
326313.0 13598.0 12.0
326410.0 13602.0 12.0
326445.0 13604.0 12.0
326461.0 13604.0 12.0
326591.0 13609.0 12.0
327163.0 13633.0 12.0
327203.0 13635.0 12.0
327752.0 13658.0 12.0
327851.0 13662.0 12.0
328075.0 13672.0 12.0
328079.0 13672.0 12.0
328473.0 13688.0 12.0
328666.0 13696.0 12.0
328749.0 13699.0 12.0
328917.0 13707.0 12.0
329310.0 13723.0 12.0
329563.0 13733.0 12.0
330238.0 13761.0 12.0
330376.0 13767.0 12.0
330513.0 13773.0 12.0
330532.0 13774.0 12.0
330587.0 13776.0 12.0
330618.0 13777.0 12.0
331291.0 13806.0 12.0
331916.0 13831.0 12.0
332028.0 13836.0 12.0
332059.0 13838.0 12.0
333072.0 13879.0 12.0
333308.0 13889.0 12.0
334495.0 13939.0 12.0
336069.0 14004.0 12.0
336382.0 14017.0 12.0
336575.0 14025.0 12.0
337767.0 14076.0 12.0
337807.0 14077.0 12.0
337918.0 14081.0 12.0
338221.0 14094.0 12.0
338751.0 14117.0 12.0
338945.0 14124.0 12.0
339368.0 14142.0 12.0
339766.0 14158.0 12.0
339990.0 14168.0 12.0
340064.0 14171.0 12.0
340171.0 14175.0 12.0
340391.0 14184.0 12.0
341119.0 14216.0 12.0
341205.0 14218.0 12.0
341334.0 14224.0 12.0
341649.0 14237.0 12.0
342089.0 14256.0 12.0
342547.0 14274.0 12.0
342897.0 14289.0 12.0
343099.0 14297.0 12.0
344458.0 14354.0 12.0
344553.0 14358.0 12.0
345235.0 14386.0 12.0
345251.0 14387.0 12.0
345476.0 14396.0 12.0
345551.0 14400.0 12.0
345684.0 14405.0 12.0
345834.0 14411.0 12.0
345881.0 14413.0 12.0
345886.0 14414.0 12.0
345931.0 14415.0 12.0
346127.0 14423.0 12.0
346147.0 14425.0 12.0
346577.0 14443.0 12.0
348689.0 14530.0 12.0
349466.0 14563.0 12.0
350492.0 14606.0 12.0
350793.0 14619.0 12.0
351200.0 14635.0 12.0
353228.0 14719.0 12.0
354252.0 14762.0 12.0
354522.0 14773.0 12.0
355459.0 14813.0 12.0
356084.0 14838.0 12.0
358543.0 14941.0 12.0
359407.0 14977.0 12.0
359895.0 14997.0 12.0
363430.0 15145.0 12.0
363705.0 15156.0 12.0
365280.0 15221.0 12.0
365742.0 15241.0 12.0
367733.0 15324.0 12.0
373075.0 15547.0 12.0
376521.0 15691.0 12.0
379246.0 15804.0 12.0
