rev4
73993.0 3084.0 12.0
74089.0 3088.0 12.0
74665.0 3112.0 12.0
74783.0 3117.0 12.0
75181.0 3134.0 12.0
75265.0 3137.0 12.0
75672.0 3154.0 12.0
75768.0 3158.0 12.0
75983.0 3167.0 12.0
76033.0 3169.0 12.0
76115.0 3173.0 12.0
76200.0 3176.0 12.0
76321.0 3181.0 12.0
76486.0 3188.0 12.0
76657.0 3195.0 12.0
76669.0 3196.0 12.0
76905.0 3206.0 12.0
76980.0 3209.0 12.0
76981.0 3209.0 12.0
77017.0 3210.0 12.0
77112.0 3214.0 12.0
77113.0 3214.0 12.0
77280.0 3221.0 12.0
77373.0 3225.0 12.0
77377.0 3225.0 12.0
77591.0 3234.0 12.0
77617.0 3235.0 12.0
77808.0 3243.0 12.0
77809.0 3243.0 12.0
78001.0 3251.0 12.0
78001.0 3251.0 12.0
78120.0 3256.0 12.0
78145.0 3257.0 12.0
78217.0 3260.0 12.0
78505.0 3272.0 12.0
78637.0 3278.0 12.0
78696.0 3280.0 12.0
79152.0 3299.0 12.0
79320.0 3306.0 12.0
79343.0 3307.0 12.0
79344.0 3307.0 12.0
79369.0 3308.0 12.0
79393.0 3309.0 12.0
79429.0 3311.0 12.0
79583.0 3317.0 12.0
79633.0 3319.0 12.0
79656.0 3320.0 12.0
79822.0 3327.0 12.0
79837.0 3328.0 12.0
80109.0 3339.0 12.0
80161.0 3341.0 12.0
80233.0 3344.0 12.0
80363.0 3350.0 12.0
80449.0 3353.0 12.0
80520.0 3356.0 12.0
80569.0 3358.0 12.0
80641.0 3361.0 12.0
80761.0 3366.0 12.0
80963.0 3375.0 12.0
81300.0 3389.0 12.0
81457.0 3395.0 12.0
81528.0 3398.0 12.0
81661.0 3404.0 12.0
81697.0 3405.0 12.0
81733.0 3407.0 12.0
82033.0 3419.0 12.0
82224.0 3427.0 12.0
82426.0 3436.0 12.0
82464.0 3437.0 12.0
82487.0 3438.0 12.0
82585.0 3442.0 12.0
82633.0 3444.0 12.0
83017.0 3460.0 12.0
83125.0 3465.0 12.0
83497.0 3480.0 12.0
83928.0 3498.0 12.0
84048.0 3503.0 12.0
84142.0 3507.0 12.0
84457.0 3520.0 12.0
84936.0 3540.0 12.0
85069.0 3546.0 12.0
85092.0 3547.0 12.0
85645.0 3570.0 12.0
85943.0 3582.0 12.0
86113.0 3589.0 12.0
86256.0 3595.0 12.0
86974.0 3625.0 12.0
87095.0 3630.0 12.0
87625.0 3652.0 12.0
88129.0 3673.0 12.0
89785.0 3743.0 12.0
90096.0 3755.0 12.0
91765.0 3825.0 12.0
91801.0 3826.0 12.0
92088.0 3838.0 12.0
92220.0 3844.0 12.0
93384.0 3892.0 12.0
96039.0 4004.0 12.0
96240.0 4011.0 12.0
96409.0 4018.0 12.0
