rev4
182205.0 7593.0 12.0
188292.0 7847.0 12.0
188641.0 7861.0 12.0
189598.0 7902.0 12.0
189620.0 7902.0 12.0
190860.0 7954.0 12.0
191556.0 7983.0 12.0
193187.0 8051.0 12.0
193560.0 8066.0 12.0
195863.0 8162.0 12.0
196081.0 8171.0 12.0
196919.0 8206.0 12.0
197087.0 8213.0 12.0
197158.0 8216.0 12.0
197226.0 8220.0 12.0
197425.0 8228.0 12.0
197640.0 8236.0 12.0
197853.0 8245.0 12.0
198645.0 8278.0 12.0
199102.0 8297.0 12.0
199366.0 8308.0 12.0
199511.0 8314.0 12.0
199885.0 8330.0 12.0
199907.0 8331.0 12.0
199941.0 8332.0 12.0
200347.0 8349.0 12.0
200746.0 8366.0 12.0
201143.0 8382.0 12.0
201232.0 8386.0 12.0
201656.0 8404.0 12.0
201886.0 8413.0 12.0
201970.0 8418.0 12.0
202041.0 8420.0 12.0
202293.0 8430.0 12.0
203130.0 8465.0 12.0
203363.0 8475.0 12.0
203855.0 8496.0 12.0
204335.0 8515.0 12.0
204454.0 8520.0 12.0
204479.0 8521.0 12.0
204488.0 8522.0 12.0
204491.0 8522.0 12.0
204755.0 8533.0 12.0
204913.0 8540.0 12.0
205341.0 8557.0 12.0
206041.0 8586.0 12.0
206136.0 8590.0 12.0
206638.0 8611.0 12.0
206833.0 8619.0 12.0
206903.0 8623.0 12.0
206999.0 8626.0 12.0
207070.0 8630.0 12.0
207167.0 8633.0 12.0
208489.0 8688.0 12.0
208631.0 8694.0 12.0
208833.0 8704.0 12.0
209292.0 8723.0 12.0
209395.0 8726.0 12.0
210635.0 8778.0 12.0
211223.0 8802.0 12.0
211525.0 8815.0 12.0
212424.0 8852.0 12.0
212747.0 8866.0 12.0
213575.0 8900.0 12.0
213812.0 8910.0 12.0
213925.0 8915.0 12.0
214488.0 8938.0 12.0
214488.0 8938.0 12.0
215495.0 8980.0 12.0
215757.0 8991.0 12.0
215856.0 8995.0 12.0
216947.0 9042.0 12.0
217175.0 9050.0 12.0
217644.0 9070.0 12.0
217887.0 9080.0 12.0
218244.0 9095.0 12.0
219253.0 9137.0 12.0
219392.0 9143.0 12.0
219550.0 9149.0 12.0
219694.0 9155.0 12.0
219828.0 9161.0 12.0
220272.0 9179.0 12.0
223081.0 9297.0 12.0
223139.0 9299.0 12.0
224362.0 9351.0 12.0
225192.0 9385.0 12.0
225499.0 9397.0 12.0
225695.0 9405.0 12.0
227940.0 9499.0 12.0
228000.0 9501.0 12.0
230098.0 9589.0 12.0
231252.0 9637.0 12.0
231973.0 9667.0 12.0
232161.0 9675.0 12.0
234601.0 9776.0 12.0
235741.0 9824.0 12.0
241223.0 10052.0 12.0
244115.0 10173.0 12.0
246248.0 10262.0 12.0
254567.0 10608.0 12.0
