rev4
1.3379389E7 557500.0 12.0
1.3405948E7 558612.0 12.0
1.3428026E7 559532.0 12.0
1.3560561E7 565054.0 12.0
1.3570205E7 565458.0 12.0
1.3577789E7 565771.0 12.0
1.3690702E7 570475.0 12.0
1.370426E7 571034.0 12.0
1.3709154E7 571245.0 12.0
1.370975E7 571268.0 12.0
1.3712793E7 571399.0 12.0
1.3752729E7 573056.0 12.0
1.3759193E7 573330.0 12.0
1.3787143E7 574491.0 12.0
1.3833093E7 576410.0 12.0
1.3842834E7 576810.0 12.0
1.3844779E7 576900.0 12.0
1.3862307E7 577625.0 12.0
1.3898742E7 579142.0 12.0
1.3922872E7 580143.0 12.0
1.3923628E7 580185.0 12.0
1.3933462E7 580592.0 12.0
1.3948471E7 581215.0 12.0
1.3991873E7 583019.0 12.0
1.4017648E7 584096.0 12.0
1.402852E7 584556.0 12.0
1.4048323E7 585374.0 12.0
1.4061579E7 585927.0 12.0
1.4068831E7 586233.0 12.0
1.4082836E7 586809.0 12.0
1.4108958E7 587902.0 12.0
1.410994E7 587942.0 12.0
1.4122269E7 588456.0 12.0
1.4137822E7 589102.0 12.0
1.4138273E7 589122.0 12.0
1.4138408E7 589135.0 12.0
1.4155907E7 589858.0 12.0
1.4163032E7 590148.0 12.0
1.4180695E7 590887.0 12.0
1.4181999E7 590947.0 12.0
1.4183439E7 591006.0 12.0
1.4189421E7 591253.0 12.0
1.4195404E7 591509.0 12.0
1.4201505E7 591758.0 12.0
1.4213963E7 592281.0 12.0
1.4221119E7 592586.0 12.0
1.4237286E7 593256.0 12.0
1.4279728E7 595024.0 12.0
1.4341326E7 597582.0 12.0
1.4370173E7 598784.0 12.0
1.4378989E7 599151.0 12.0
1.4382945E7 599324.0 12.0
1.4424645E7 601052.0 12.0
1.442829E7 601219.0 12.0
1.4431641E7 601349.0 12.0
1.4432999E7 601404.0 12.0
1.446248E7 602630.0 12.0
1.447731E7 603251.0 12.0
1.4479907E7 603357.0 12.0
1.448164E7 603430.0 12.0
1.4498689E7 604137.0 12.0
1.4528961E7 605407.0 12.0
1.4541755E7 605936.0 12.0
1.4548688E7 606226.0 12.0
1.4582317E7 607629.0 12.0
1.4592138E7 608034.0 12.0
1.4601571E7 608434.0 12.0
1.46072E7 608668.0 12.0
1.4614408E7 608966.0 12.0
1.4621035E7 609242.0 12.0
1.4624503E7 609388.0 12.0
1.4655162E7 610663.0 12.0
1.47045E7 612717.0 12.0
1.4727258E7 613663.0 12.0
1.4763175E7 615160.0 12.0
1.4764932E7 615236.0 12.0
1.4853631E7 618937.0 12.0
1.4908821E7 621232.0 12.0
1.4915116E7 621499.0 12.0
1.4927779E7 622026.0 12.0
1.4935237E7 622334.0 12.0
1.4946874E7 622816.0 12.0
1.4963603E7 623520.0 12.0
1.5028524E7 626217.0 12.0
1.5041203E7 626749.0 12.0
1.5063927E7 627699.0 12.0
1.5064355E7 627715.0 12.0
1.5313852E7 638109.0 12.0
1.5372551E7 640557.0 12.0
1.5542263E7 647629.0 12.0
1.5557681E7 648264.0 12.0
1.5613133E7 650585.0 12.0
1.5636045E7 651538.0 12.0
1.5956843E7 664900.0 12.0
1.5980195E7 665884.0 12.0
1.6169126E7 673745.0 12.0
1.6223123E7 675994.0 12.0
1.6842045E7 701793.0 12.0
1.6858929E7 702488.0 12.0
1.6969577E7 707100.0 12.0
