rev4
6521506.0 271741.0 12.0
6523134.0 271807.0 12.0
6548355.0 272866.0 12.0
6564550.0 273542.0 12.0
6575470.0 273994.0 12.0
6575635.0 273996.0 12.0
6577710.0 274088.0 12.0
6600910.0 275050.0 12.0
6655502.0 277330.0 12.0
6716563.0 279870.0 12.0
6719693.0 280007.0 12.0
6720482.0 280031.0 12.0
6734790.0 280631.0 12.0
6741171.0 280901.0 12.0
6758412.0 281617.0 12.0
6759105.0 281642.0 12.0
6761165.0 281732.0 12.0
6776253.0 282360.0 12.0
6782949.0 282639.0 12.0
6783708.0 282669.0 12.0
6797432.0 283241.0 12.0
6802717.0 283462.0 12.0
6805273.0 283566.0 12.0
6809620.0 283746.0 12.0
6829202.0 284565.0 12.0
6830208.0 284604.0 12.0
6843653.0 285167.0 12.0
6852791.0 285548.0 12.0
6859300.0 285819.0 12.0
6872148.0 286354.0 12.0
6885670.0 286917.0 12.0
6893417.0 287239.0 12.0
6898333.0 287444.0 12.0
6916354.0 288197.0 12.0
6923413.0 288493.0 12.0
6937489.0 289077.0 12.0
6987034.0 291142.0 12.0
6997569.0 291582.0 12.0
7007498.0 291991.0 12.0
7008630.0 292043.0 12.0
7012052.0 292189.0 12.0
7020484.0 292536.0 12.0
7031901.0 293010.0 12.0
7039790.0 293338.0 12.0
7048954.0 293719.0 12.0
7061091.0 294229.0 12.0
7074138.0 294770.0 12.0
7075298.0 294817.0 12.0
7082136.0 295102.0 12.0
7096781.0 295717.0 12.0
7100201.0 295859.0 12.0
7107933.0 296180.0 12.0
7132729.0 297213.0 12.0
7134933.0 297303.0 12.0
7144784.0 297712.0 12.0
7152265.0 298031.0 12.0
7159545.0 298330.0 12.0
7164914.0 298555.0 12.0
7180686.0 299215.0 12.0
7203957.0 300180.0 12.0
7212628.0 300539.0 12.0
7248709.0 302042.0 12.0
7271848.0 303011.0 12.0
7280212.0 303359.0 12.0
7282387.0 303450.0 12.0
7289122.0 303727.0 12.0
7292943.0 303888.0 12.0
7317948.0 304932.0 12.0
7322755.0 305130.0 12.0
7326342.0 305280.0 12.0
7333159.0 305565.0 12.0
7351951.0 306352.0 12.0
7378725.0 307468.0 12.0
7385773.0 307756.0 12.0
7404339.0 308533.0 12.0
7407971.0 308678.0 12.0
7419796.0 309175.0 12.0
7445745.0 310257.0 12.0
7527644.0 313667.0 12.0
7547478.0 314496.0 12.0
7558965.0 314973.0 12.0
7599332.0 316652.0 12.0
7609551.0 317081.0 12.0
7642390.0 318452.0 12.0
7657637.0 319083.0 12.0
7669368.0 319571.0 12.0
7692517.0 320541.0 12.0
7707158.0 321148.0 12.0
7734767.0 322295.0 12.0
7776192.0 324026.0 12.0
7879215.0 328320.0 12.0
7906495.0 329457.0 12.0
7930791.0 330465.0 12.0
7931001.0 330476.0 12.0
7975788.0 332341.0 12.0
7991448.0 332995.0 12.0
8011768.0 333843.0 12.0
8035736.0 334841.0 12.0
8123036.0 338478.0 12.0
8186394.0 341118.0 12.0
