rev4
2425.0 102.0 12.0
2449.0 103.0 12.0
2521.0 106.0 12.0
2521.0 106.0 12.0
2545.0 107.0 12.0
2593.0 109.0 12.0
2617.0 110.0 12.0
2641.0 111.0 12.0
2713.0 114.0 12.0
2713.0 114.0 12.0
2761.0 116.0 12.0
2761.0 116.0 12.0
2785.0 117.0 12.0
2809.0 118.0 12.0
2809.0 118.0 12.0
2809.0 118.0 12.0
2833.0 119.0 12.0
2857.0 120.0 12.0
2857.0 120.0 12.0
2857.0 120.0 12.0
2857.0 120.0 12.0
2857.0 120.0 12.0
2881.0 121.0 12.0
2881.0 121.0 12.0
2881.0 121.0 12.0
2929.0 123.0 12.0
2929.0 123.0 12.0
2951.0 124.0 12.0
2953.0 124.0 12.0
2953.0 124.0 12.0
2977.0 125.0 12.0
3001.0 126.0 12.0
3025.0 127.0 12.0
3049.0 128.0 12.0
3049.0 128.0 12.0
3073.0 129.0 12.0
3097.0 130.0 12.0
3097.0 130.0 12.0
3097.0 130.0 12.0
3109.0 131.0 12.0
3121.0 131.0 12.0
3133.0 132.0 12.0
3144.0 132.0 12.0
3145.0 132.0 12.0
3169.0 133.0 12.0
3169.0 133.0 12.0
3169.0 133.0 12.0
3169.0 133.0 12.0
3169.0 133.0 12.0
3169.0 133.0 12.0
3193.0 134.0 12.0
3217.0 135.0 12.0
3241.0 136.0 12.0
3241.0 136.0 12.0
3265.0 137.0 12.0
3265.0 137.0 12.0
3265.0 137.0 12.0
3265.0 137.0 12.0
3289.0 138.0 12.0
3289.0 138.0 12.0
3289.0 138.0 12.0
3337.0 140.0 12.0
3337.0 140.0 12.0
3361.0 141.0 12.0
3385.0 142.0 12.0
3385.0 142.0 12.0
3409.0 143.0 12.0
3409.0 143.0 12.0
3409.0 143.0 12.0
3457.0 145.0 12.0
3457.0 145.0 12.0
3481.0 146.0 12.0
3529.0 148.0 12.0
3553.0 149.0 12.0
3553.0 149.0 12.0
3553.0 149.0 12.0
3553.0 149.0 12.0
3553.0 149.0 12.0
3553.0 149.0 12.0
3577.0 150.0 12.0
3577.0 150.0 12.0
3577.0 150.0 12.0
3601.0 151.0 12.0
3601.0 151.0 12.0
3625.0 152.0 12.0
3625.0 152.0 12.0
3649.0 153.0 12.0
3649.0 153.0 12.0
3673.0 154.0 12.0
3721.0 156.0 12.0
3793.0 159.0 12.0
3841.0 161.0 12.0
3913.0 164.0 12.0
3937.0 165.0 12.0
3937.0 165.0 12.0
3937.0 165.0 12.0
3961.0 166.0 12.0
3961.0 166.0 12.0
4441.0 186.0 12.0
4657.0 195.0 12.0
