rev4
45793.0 1909.0 12.0
46008.0 1918.0 12.0
46008.0 1918.0 12.0
46116.0 1923.0 12.0
46200.0 1926.0 12.0
46321.0 1931.0 12.0
46369.0 1933.0 12.0
46512.0 1939.0 12.0
46525.0 1940.0 12.0
46561.0 1941.0 12.0
46860.0 1954.0 12.0
46897.0 1955.0 12.0
46945.0 1957.0 12.0
46967.0 1958.0 12.0
47184.0 1967.0 12.0
47195.0 1968.0 12.0
47976.0 2000.0 12.0
48021.0 2002.0 12.0
48024.0 2002.0 12.0
48025.0 2002.0 12.0
48097.0 2005.0 12.0
48241.0 2011.0 12.0
48361.0 2016.0 12.0
48385.0 2017.0 12.0
48528.0 2023.0 12.0
48625.0 2027.0 12.0
48673.0 2029.0 12.0
48745.0 2032.0 12.0
48769.0 2033.0 12.0
48937.0 2040.0 12.0
49033.0 2044.0 12.0
49079.0 2046.0 12.0
49104.0 2047.0 12.0
49104.0 2047.0 12.0
49512.0 2064.0 12.0
49513.0 2064.0 12.0
49632.0 2069.0 12.0
49669.0 2071.0 12.0
49705.0 2072.0 12.0
49944.0 2082.0 12.0
50065.0 2087.0 12.0
50209.0 2093.0 12.0
50233.0 2094.0 12.0
50305.0 2097.0 12.0
50446.0 2103.0 12.0
50497.0 2105.0 12.0
50569.0 2108.0 12.0
50592.0 2109.0 12.0
50592.0 2109.0 12.0
50593.0 2109.0 12.0
50616.0 2110.0 12.0
50713.0 2114.0 12.0
50784.0 2117.0 12.0
50784.0 2118.0 12.0
50857.0 2120.0 12.0
50880.0 2121.0 12.0
50905.0 2122.0 12.0
51049.0 2128.0 12.0
51121.0 2131.0 12.0
51277.0 2138.0 12.0
51576.0 2150.0 12.0
51672.0 2154.0 12.0
51673.0 2154.0 12.0
51912.0 2164.0 12.0
51936.0 2165.0 12.0
52177.0 2175.0 12.0
52177.0 2175.0 12.0
52247.0 2178.0 12.0
52369.0 2183.0 12.0
52561.0 2191.0 12.0
52583.0 2192.0 12.0
52681.0 2196.0 12.0
52800.0 2201.0 12.0
52945.0 2207.0 12.0
53136.0 2215.0 12.0
53160.0 2216.0 12.0
53257.0 2220.0 12.0
53353.0 2224.0 12.0
53473.0 2229.0 12.0
53543.0 2232.0 12.0
53593.0 2234.0 12.0
53785.0 2242.0 12.0
53953.0 2249.0 12.0
54073.0 2254.0 12.0
54133.0 2257.0 12.0
54205.0 2260.0 12.0
54720.0 2281.0 12.0
54913.0 2289.0 12.0
54982.0 2292.0 12.0
55093.0 2297.0 12.0
55489.0 2313.0 12.0
55824.0 2327.0 12.0
56111.0 2339.0 12.0
56376.0 2350.0 12.0
56377.0 2350.0 12.0
56543.0 2357.0 12.0
56689.0 2363.0 12.0
57623.0 2402.0 12.0
58092.0 2422.0 12.0
58776.0 2450.0 12.0
