rev4
1266958.0 79329.0 8.0
1286592.0 80563.0 8.0
1302027.0 81524.0 8.0
1316684.0 82438.0 8.0
1317828.0 82506.0 8.0
1322123.0 82783.0 8.0
1323939.0 82899.0 8.0
1325170.0 82985.0 8.0
1325752.0 83014.0 8.0
1329543.0 83254.0 8.0
1334767.0 83579.0 8.0
1338232.0 83782.0 8.0
1338454.0 83792.0 8.0
1339821.0 83892.0 8.0
1340533.0 83911.0 8.0
1344577.0 84193.0 8.0
1347936.0 84403.0 8.0
1349777.0 84505.0 8.0
1350833.0 84567.0 8.0
1351185.0 84601.0 8.0
1351720.0 84640.0 8.0
1352674.0 84697.0 8.0
1352702.0 84689.0 8.0
1354329.0 84804.0 8.0
1356431.0 84937.0 8.0
1359181.0 85097.0 8.0
1363463.0 85374.0 8.0
1365767.0 85524.0 8.0
1366279.0 85552.0 8.0
1366777.0 85588.0 8.0
1374465.0 86067.0 8.0
1376926.0 86220.0 8.0
1381989.0 86528.0 8.0
1383238.0 86596.0 8.0
1386833.0 86850.0 8.0
1389256.0 86987.0 8.0
1389606.0 87006.0 8.0
1396590.0 87455.0 8.0
1396757.0 87472.0 8.0
1397121.0 87485.0 8.0
1397273.0 87501.0 8.0
1401385.0 87743.0 8.0
1404443.0 87925.0 8.0
1405371.0 87991.0 8.0
1406447.0 88076.0 8.0
1409316.0 88232.0 8.0
1411197.0 88372.0 8.0
1411643.0 88378.0 8.0
1412828.0 88467.0 8.0
1416601.0 88715.0 8.0
1417174.0 88722.0 8.0
1417977.0 88772.0 8.0
1419236.0 88854.0 8.0
1422794.0 89075.0 8.0
1424806.0 89223.0 8.0
1427216.0 89355.0 8.0
1427968.0 89411.0 8.0
1428777.0 89458.0 8.0
1430285.0 89547.0 8.0
1430776.0 89558.0 8.0
1432936.0 89731.0 8.0
1436509.0 89944.0 8.0
1439206.0 90107.0 8.0
1442714.0 90325.0 8.0
1447159.0 90602.0 8.0
1450932.0 90850.0 8.0
1453817.0 91031.0 8.0
1456245.0 91174.0 8.0
1458753.0 91350.0 8.0
1460323.0 91429.0 8.0
1463974.0 91673.0 8.0
1467077.0 91864.0 8.0
1467639.0 91896.0 8.0
1473801.0 92291.0 8.0
1480904.0 92724.0 8.0
1481330.0 92749.0 8.0
1482451.0 92809.0 8.0
1482741.0 92851.0 8.0
1497238.0 93758.0 8.0
1497289.0 93741.0 8.0
1497646.0 93775.0 8.0
1497662.0 93776.0 8.0
1500242.0 93937.0 8.0
1512058.0 94681.0 8.0
1517829.0 95029.0 8.0
1519013.0 95119.0 8.0
1523104.0 95359.0 8.0
1523268.0 95398.0 8.0
1523288.0 95394.0 8.0
1530935.0 95856.0 8.0
1536997.0 96232.0 8.0
1539575.0 96393.0 8.0
1547701.0 96908.0 8.0
1553438.0 97269.0 8.0
1569534.0 98278.0 8.0
1578280.0 98816.0 8.0
1585771.0 99293.0 8.0
1588166.0 99441.0 8.0
1609773.0 100795.0 8.0
1644586.0 102984.0 8.0
