rev4
31240.0 1957.0 8.0
31489.0 1971.0 8.0
31852.0 1996.0 8.0
32174.0 2015.0 8.0
32181.0 2016.0 8.0
32416.0 2031.0 8.0
33165.0 2077.0 8.0
33255.0 2083.0 8.0
33624.0 2106.0 8.0
33650.0 2109.0 8.0
33882.0 2122.0 8.0
33944.0 2127.0 8.0
33968.0 2129.0 8.0
34117.0 2136.0 8.0
34139.0 2138.0 8.0
34189.0 2141.0 8.0
34276.0 2146.0 8.0
34326.0 2149.0 8.0
34390.0 2155.0 8.0
34544.0 2164.0 8.0
34564.0 2165.0 8.0
34702.0 2173.0 8.0
34737.0 2176.0 8.0
34832.0 2180.0 8.0
34843.0 2182.0 8.0
34846.0 2182.0 8.0
35014.0 2194.0 8.0
35116.0 2202.0 8.0
35164.0 2200.0 8.0
35169.0 2204.0 8.0
35400.0 2220.0 8.0
35470.0 2224.0 8.0
35497.0 2223.0 8.0
35499.0 2224.0 8.0
35500.0 2223.0 8.0
35525.0 2224.0 8.0
35571.0 2226.0 8.0
35697.0 2236.0 8.0
35716.0 2238.0 8.0
35753.0 2238.0 8.0
35785.0 2244.0 8.0
35805.0 2244.0 8.0
35957.0 2252.0 8.0
36157.0 2265.0 8.0
36160.0 2264.0 8.0
36161.0 2265.0 8.0
36268.0 2272.0 8.0
36297.0 2273.0 8.0
36319.0 2274.0 8.0
36346.0 2277.0 8.0
36373.0 2278.0 8.0
36402.0 2278.0 8.0
36412.0 2280.0 8.0
36505.0 2286.0 8.0
36542.0 2291.0 8.0
36564.0 2289.0 8.0
36786.0 2304.0 8.0
36808.0 2305.0 8.0
36858.0 2309.0 8.0
37065.0 2321.0 8.0
37105.0 2325.0 8.0
37218.0 2330.0 8.0
37307.0 2336.0 8.0
37413.0 2343.0 8.0
37425.0 2344.0 8.0
37491.0 2347.0 8.0
37500.0 2351.0 8.0
37562.0 2351.0 8.0
37665.0 2358.0 8.0
37667.0 2358.0 8.0
37782.0 2366.0 8.0
38006.0 2383.0 8.0
38192.0 2396.0 8.0
38418.0 2408.0 8.0
38748.0 2429.0 8.0
38836.0 2431.0 8.0
39183.0 2455.0 8.0
39207.0 2455.0 8.0
39357.0 2464.0 8.0
39441.0 2470.0 8.0
39797.0 2490.0 8.0
39800.0 2492.0 8.0
39896.0 2499.0 8.0
40353.0 2526.0 8.0
40389.0 2530.0 8.0
40468.0 2535.0 8.0
40600.0 2543.0 8.0
40663.0 2547.0 8.0
40826.0 2557.0 8.0
41095.0 2572.0 8.0
41217.0 2583.0 8.0
41616.0 2606.0 8.0
41946.0 2626.0 8.0
42286.0 2647.0 8.0
42658.0 2673.0 8.0
42722.0 2675.0 8.0
43924.0 2753.0 8.0
44607.0 2793.0 8.0
45227.0 2830.0 8.0
46435.0 2909.0 8.0
