rev4
2.06815607E8 1.2949375E7 8.0
2.16421516E8 1.355088E7 8.0
2.16557824E8 1.3559516E7 8.0
2.17044542E8 1.3590073E7 8.0
2.1706461E8 1.3590973E7 8.0
2.17227126E8 1.3601057E7 8.0
2.17454E8 1.361541E7 8.0
2.17866572E8 1.3641288E7 8.0
2.18115488E8 1.3657053E7 8.0
2.18220898E8 1.366338E7 8.0
2.1829449E8 1.3668161E7 8.0
2.1896367E8 1.3710002E7 8.0
2.1917249E8 1.3723132E7 8.0
2.19351168E8 1.3734213E7 8.0
2.19493075E8 1.3743233E7 8.0
2.19708337E8 1.3756473E7 8.0
2.19855351E8 1.3765956E7 8.0
2.19889276E8 1.3767807E7 8.0
2.20499836E8 1.3806252E7 8.0
2.20618655E8 1.3813468E7 8.0
2.20854494E8 1.3828433E7 8.0
2.21094156E8 1.3843318E7 8.0
2.21196455E8 1.3849764E7 8.0
2.21656031E8 1.3878566E7 8.0
2.22012134E8 1.3900992E7 8.0
2.22303806E8 1.3919014E7 8.0
2.22370607E8 1.3923393E7 8.0
2.22565197E8 1.3935553E7 8.0
2.23216321E8 1.3976316E7 8.0
2.2438438E8 1.4049296E7 8.0
2.24583901E8 1.4061864E7 8.0
2.24985653E8 1.4087183E7 8.0
2.24992123E8 1.4087395E7 8.0
2.25600958E8 1.4125466E7 8.0
2.25970985E8 1.4148756E7 8.0
2.26063416E8 1.4154561E7 8.0
2.26426435E8 1.4177221E7 8.0
2.26856479E8 1.4204247E7 8.0
2.27199858E8 1.4225701E7 8.0
2.27702358E8 1.4257296E7 8.0
2.27718092E8 1.4258166E7 8.0
2.27744072E8 1.4259669E7 8.0
2.27880878E8 1.4268261E7 8.0
2.27955365E8 1.4273092E7 8.0
2.28021723E8 1.4277081E7 8.0
2.28194431E8 1.4287961E7 8.0
2.28433196E8 1.430292E7 8.0
2.28688484E8 1.4318798E7 8.0
2.28824771E8 1.4327542E7 8.0
2.28931091E8 1.4334108E7 8.0
2.2969407E8 1.4381879E7 8.0
2.29744027E8 1.4385004E7 8.0
2.29751155E8 1.4385366E7 8.0
2.29867174E8 1.4392594E7 8.0
2.2992044E8 1.4396106E7 8.0
2.30008991E8 1.4401559E7 8.0
2.3030497E8 1.4419924E7 8.0
2.30630779E8 1.4440681E7 8.0
2.30799603E8 1.4451142E7 8.0
2.3104061E8 1.4466054E7 8.0
2.31579742E8 1.4499791E7 8.0
2.31903547E8 1.4520012E7 8.0
2.31910779E8 1.4520661E7 8.0
2.32242502E8 1.4541449E7 8.0
2.33059226E8 1.4592584E7 8.0
2.33277811E8 1.4606074E7 8.0
2.33644138E8 1.4629009E7 8.0
2.33835171E8 1.4641206E7 8.0
2.34097873E8 1.4657529E7 8.0
2.342368E8 1.4666272E7 8.0
2.36004587E8 1.477713E7 8.0
2.3699108E8 1.4838745E7 8.0
2.37162352E8 1.4849326E7 8.0
2.37205016E8 1.4852126E7 8.0
2.37233805E8 1.4854008E7 8.0
2.37919836E8 1.4896953E7 8.0
2.38504398E8 1.4933429E7 8.0
2.38634056E8 1.494152E7 8.0
2.3873649E8 1.4948054E7 8.0
2.39813833E8 1.5015366E7 8.0
2.39997909E8 1.5026818E7 8.0
2.40044907E8 1.5029839E7 8.0
2.4089046E8 1.5082835E7 8.0
2.4105286E8 1.5093055E7 8.0
2.4142401E8 1.5116078E7 8.0
2.41633317E8 1.5129427E7 8.0
2.42048626E8 1.5155489E7 8.0
2.43267256E8 1.523162E7 8.0
2.4420733E8 1.529069E7 8.0
2.46781869E8 1.5451734E7 8.0
2.47942474E8 1.5524216E7 8.0
2.48302102E8 1.5547105E7 8.0
2.48304772E8 1.5547052E7 8.0
2.50303469E8 1.5672404E7 8.0
2.5065856E8 1.5694465E7 8.0
2.54762801E8 1.595134E7 8.0
2.56859143E8 1.6082698E7 8.0
2.66572946E8 1.6690902E7 8.0
2.80195845E8 1.7544017E7 8.0
2.97693663E8 1.8639648E7 8.0
