rev4
614349.0 38470.0 8.0
627994.0 39318.0 8.0
633814.0 39692.0 8.0
635633.0 39798.0 8.0
636819.0 39879.0 8.0
638995.0 39998.0 8.0
640088.0 40083.0 8.0
640625.0 40113.0 8.0
640920.0 40130.0 8.0
642055.0 40203.0 8.0
644471.0 40353.0 8.0
647906.0 40570.0 8.0
648187.0 40589.0 8.0
650186.0 40716.0 8.0
651792.0 40804.0 8.0
652347.0 40843.0 8.0
652493.0 40855.0 8.0
652608.0 40870.0 8.0
653135.0 40892.0 8.0
653473.0 40927.0 8.0
655569.0 41050.0 8.0
655590.0 41046.0 8.0
656551.0 41093.0 8.0
656652.0 41122.0 8.0
657730.0 41182.0 8.0
659567.0 41299.0 8.0
661819.0 41436.0 8.0
662374.0 41473.0 8.0
662406.0 41483.0 8.0
663016.0 41520.0 8.0
665380.0 41659.0 8.0
666028.0 41704.0 8.0
667083.0 41767.0 8.0
668705.0 41861.0 8.0
669195.0 41894.0 8.0
671719.0 42065.0 8.0
672872.0 42136.0 8.0
672905.0 42129.0 8.0
673326.0 42169.0 8.0
676675.0 42372.0 8.0
679212.0 42526.0 8.0
680104.0 42584.0 8.0
681193.0 42653.0 8.0
682191.0 42722.0 8.0
682787.0 42752.0 8.0
685947.0 42956.0 8.0
686485.0 42979.0 8.0
686721.0 43001.0 8.0
686906.0 43008.0 8.0
688569.0 43111.0 8.0
689222.0 43152.0 8.0
690732.0 43247.0 8.0
691112.0 43274.0 8.0
693036.0 43394.0 8.0
693605.0 43431.0 8.0
693959.0 43447.0 8.0
696374.0 43609.0 8.0
696392.0 43608.0 8.0
696473.0 43607.0 8.0
696672.0 43621.0 8.0
698913.0 43762.0 8.0
700089.0 43846.0 8.0
700155.0 43841.0 8.0
701852.0 43944.0 8.0
702106.0 43965.0 8.0
703077.0 44015.0 8.0
704564.0 44110.0 8.0
706269.0 44224.0 8.0
708218.0 44346.0 8.0
708255.0 44351.0 8.0
710135.0 44468.0 8.0
710403.0 44487.0 8.0
710756.0 44493.0 8.0
712720.0 44620.0 8.0
712960.0 44636.0 8.0
713265.0 44654.0 8.0
717683.0 44931.0 8.0
717839.0 44951.0 8.0
718828.0 45019.0 8.0
721441.0 45181.0 8.0
721452.0 45168.0 8.0
721953.0 45201.0 8.0
723101.0 45272.0 8.0
725503.0 45425.0 8.0
725844.0 45451.0 8.0
726991.0 45520.0 8.0
730127.0 45723.0 8.0
734900.0 46017.0 8.0
741104.0 46399.0 8.0
744729.0 46626.0 8.0
745397.0 46677.0 8.0
747368.0 46799.0 8.0
748103.0 46843.0 8.0
748520.0 46871.0 8.0
751525.0 47049.0 8.0
756509.0 47362.0 8.0
774989.0 48523.0 8.0
799081.0 50032.0 8.0
799914.0 50093.0 8.0
824930.0 51661.0 8.0
