rev4
6906.0 433.0 8.0
7056.0 442.0 8.0
7294.0 458.0 8.0
7319.0 459.0 8.0
7356.0 462.0 8.0
7437.0 466.0 8.0
7470.0 468.0 8.0
7541.0 473.0 8.0
7549.0 474.0 8.0
7552.0 475.0 8.0
7574.0 475.0 8.0
7624.0 478.0 8.0
7626.0 478.0 8.0
7632.0 480.0 8.0
7647.0 479.0 8.0
7648.0 479.0 8.0
7660.0 481.0 8.0
7692.0 483.0 8.0
7711.0 483.0 8.0
7745.0 486.0 8.0
7766.0 487.0 8.0
7778.0 488.0 8.0
7822.0 490.0 8.0
7823.0 491.0 8.0
7853.0 493.0 8.0
7863.0 493.0 8.0
7869.0 495.0 8.0
7871.0 496.0 8.0
7888.0 495.0 8.0
7894.0 495.0 8.0
7903.0 495.0 8.0
7905.0 496.0 8.0
7920.0 497.0 8.0
7934.0 499.0 8.0
7978.0 501.0 8.0
8024.0 504.0 8.0
8047.0 504.0 8.0
8078.0 507.0 8.0
8079.0 507.0 8.0
8079.0 506.0 8.0
8080.0 508.0 8.0
8086.0 509.0 8.0
8101.0 508.0 8.0
8134.0 510.0 8.0
8178.0 513.0 8.0
8214.0 515.0 8.0
8301.0 520.0 8.0
8301.0 520.0 8.0
8324.0 522.0 8.0
8331.0 523.0 8.0
8336.0 522.0 8.0
8357.0 525.0 8.0
8393.0 526.0 8.0
8408.0 528.0 8.0
8438.0 529.0 8.0
8479.0 531.0 8.0
8492.0 532.0 8.0
8551.0 537.0 8.0
8587.0 538.0 8.0
8590.0 539.0 8.0
8606.0 539.0 8.0
8627.0 541.0 8.0
8629.0 541.0 8.0
8630.0 542.0 8.0
8646.0 543.0 8.0
8756.0 549.0 8.0
8758.0 551.0 8.0
8823.0 554.0 8.0
8828.0 554.0 8.0
8838.0 554.0 8.0
8917.0 559.0 8.0
8957.0 562.0 8.0
8958.0 562.0 8.0
8963.0 562.0 8.0
8992.0 564.0 8.0
9023.0 565.0 8.0
9040.0 567.0 8.0
9078.0 569.0 8.0
9097.0 571.0 8.0
9135.0 572.0 8.0
9155.0 574.0 8.0
9174.0 575.0 8.0
9182.0 576.0 8.0
9204.0 578.0 8.0
9220.0 578.0 8.0
9240.0 580.0 8.0
9256.0 581.0 8.0
9459.0 594.0 8.0
9461.0 593.0 8.0
9490.0 595.0 8.0
9775.0 613.0 8.0
9820.0 616.0 8.0
10003.0 627.0 8.0
10005.0 627.0 8.0
10005.0 627.0 8.0
10038.0 629.0 8.0
10301.0 645.0 8.0
10531.0 660.0 8.0
10544.0 661.0 8.0
11498.0 720.0 8.0
