rev4
288871.0 18092.0 8.0
296998.0 18598.0 8.0
298474.0 18689.0 8.0
299769.0 18765.0 8.0
300326.0 18808.0 8.0
305063.0 19097.0 8.0
306842.0 19215.0 8.0
307625.0 19259.0 8.0
307720.0 19272.0 8.0
307940.0 19287.0 8.0
308082.0 19290.0 8.0
308616.0 19328.0 8.0
309052.0 19351.0 8.0
309294.0 19366.0 8.0
310717.0 19455.0 8.0
311581.0 19508.0 8.0
313663.0 19642.0 8.0
313702.0 19647.0 8.0
314465.0 19691.0 8.0
316004.0 19785.0 8.0
316465.0 19819.0 8.0
317046.0 19850.0 8.0
317125.0 19848.0 8.0
318135.0 19927.0 8.0
318356.0 19934.0 8.0
318410.0 19936.0 8.0
318842.0 19965.0 8.0
318994.0 19973.0 8.0
319383.0 19998.0 8.0
319679.0 20022.0 8.0
320345.0 20062.0 8.0
321081.0 20111.0 8.0
321843.0 20146.0 8.0
322285.0 20177.0 8.0
322421.0 20183.0 8.0
322615.0 20206.0 8.0
323272.0 20237.0 8.0
323936.0 20280.0 8.0
324414.0 20315.0 8.0
324731.0 20329.0 8.0
325306.0 20359.0 8.0
325529.0 20379.0 8.0
325718.0 20397.0 8.0
326018.0 20414.0 8.0
326126.0 20415.0 8.0
327825.0 20533.0 8.0
328104.0 20537.0 8.0
329052.0 20604.0 8.0
329147.0 20609.0 8.0
330113.0 20667.0 8.0
330577.0 20705.0 8.0
331604.0 20768.0 8.0
332340.0 20812.0 8.0
333108.0 20851.0 8.0
333314.0 20872.0 8.0
333462.0 20878.0 8.0
333816.0 20900.0 8.0
334168.0 20922.0 8.0
334216.0 20927.0 8.0
334567.0 20951.0 8.0
334601.0 20951.0 8.0
335130.0 20984.0 8.0
335356.0 20996.0 8.0
335908.0 21037.0 8.0
336007.0 21042.0 8.0
336115.0 21043.0 8.0
336122.0 21049.0 8.0
337516.0 21137.0 8.0
337571.0 21136.0 8.0
339553.0 21261.0 8.0
340782.0 21336.0 8.0
341037.0 21361.0 8.0
341246.0 21376.0 8.0
341773.0 21393.0 8.0
342461.0 21445.0 8.0
343644.0 21525.0 8.0
343644.0 21514.0 8.0
344755.0 21586.0 8.0
344976.0 21600.0 8.0
347806.0 21778.0 8.0
349862.0 21902.0 8.0
350236.0 21930.0 8.0
350548.0 21945.0 8.0
352825.0 22091.0 8.0
353040.0 22115.0 8.0
353444.0 22133.0 8.0
354003.0 22161.0 8.0
354219.0 22178.0 8.0
362964.0 22730.0 8.0
363670.0 22768.0 8.0
367041.0 22982.0 8.0
367548.0 23007.0 8.0
369140.0 23115.0 8.0
369658.0 23149.0 8.0
376441.0 23573.0 8.0
379877.0 23787.0 8.0
381682.0 23896.0 8.0
404664.0 25343.0 8.0
429905.0 26919.0 8.0
442795.0 27720.0 8.0
