rev4
641.0 41.0 8.0
689.0 44.0 8.0
689.0 44.0 8.0
689.0 44.0 8.0
705.0 45.0 8.0
705.0 45.0 8.0
721.0 46.0 8.0
721.0 46.0 8.0
729.0 47.0 8.0
737.0 47.0 8.0
737.0 47.0 8.0
752.0 48.0 8.0
761.0 49.0 8.0
769.0 49.0 8.0
769.0 49.0 8.0
769.0 49.0 8.0
769.0 49.0 8.0
784.0 50.0 8.0
785.0 50.0 8.0
793.0 51.0 8.0
801.0 51.0 8.0
801.0 51.0 8.0
801.0 51.0 8.0
801.0 51.0 8.0
801.0 51.0 8.0
809.0 52.0 8.0
817.0 52.0 8.0
825.0 53.0 8.0
833.0 53.0 8.0
833.0 53.0 8.0
833.0 53.0 8.0
833.0 53.0 8.0
841.0 54.0 8.0
849.0 54.0 8.0
849.0 54.0 8.0
857.0 55.0 8.0
865.0 55.0 8.0
865.0 55.0 8.0
865.0 55.0 8.0
865.0 55.0 8.0
865.0 55.0 8.0
865.0 55.0 8.0
865.0 55.0 8.0
865.0 55.0 8.0
865.0 55.0 8.0
865.0 55.0 8.0
873.0 56.0 8.0
879.0 56.0 8.0
879.0 56.0 8.0
880.0 56.0 8.0
881.0 56.0 8.0
881.0 56.0 8.0
881.0 56.0 8.0
881.0 56.0 8.0
881.0 56.0 8.0
889.0 57.0 8.0
896.0 57.0 8.0
896.0 57.0 8.0
897.0 57.0 8.0
897.0 57.0 8.0
897.0 57.0 8.0
897.0 57.0 8.0
897.0 57.0 8.0
897.0 57.0 8.0
897.0 57.0 8.0
897.0 57.0 8.0
912.0 58.0 8.0
912.0 58.0 8.0
913.0 58.0 8.0
913.0 58.0 8.0
928.0 59.0 8.0
928.0 59.0 8.0
929.0 59.0 8.0
929.0 59.0 8.0
929.0 59.0 8.0
937.0 60.0 8.0
945.0 60.0 8.0
945.0 60.0 8.0
961.0 61.0 8.0
961.0 61.0 8.0
961.0 61.0 8.0
965.0 62.0 8.0
967.0 62.0 8.0
976.0 62.0 8.0
977.0 62.0 8.0
977.0 62.0 8.0
992.0 63.0 8.0
1008.0 64.0 8.0
1009.0 64.0 8.0
1033.0 66.0 8.0
1038.0 66.0 8.0
1049.0 67.0 8.0
1056.0 67.0 8.0
1073.0 68.0 8.0
1097.0 70.0 8.0
1105.0 70.0 8.0
1113.0 71.0 8.0
1121.0 71.0 8.0
1136.0 72.0 8.0
1169.0 74.0 8.0
