rev4
2.3493133E7 1470970.0 8.0
2.3923782E7 1497903.0 8.0
2.4073242E7 1507327.0 8.0
2.4130736E7 1510867.0 8.0
2.4212465E7 1516030.0 8.0
2.4306051E7 1521850.0 8.0
2.436543E7 1525591.0 8.0
2.4624179E7 1541769.0 8.0
2.463435E7 1542472.0 8.0
2.4656086E7 1543822.0 8.0
2.4659414E7 1543936.0 8.0
2.4687891E7 1545811.0 8.0
2.4691867E7 1546063.0 8.0
2.4721464E7 1547928.0 8.0
2.472244E7 1548017.0 8.0
2.4730578E7 1548441.0 8.0
2.477454E7 1551302.0 8.0
2.4824125E7 1554336.0 8.0
2.4894986E7 1558705.0 8.0
2.4917587E7 1560151.0 8.0
2.493524E7 1561271.0 8.0
2.5096085E7 1571398.0 8.0
2.5118516E7 1572736.0 8.0
2.5146546E7 1574537.0 8.0
2.5164366E7 1575551.0 8.0
2.5175616E7 1576341.0 8.0
2.5214014E7 1578736.0 8.0
2.5214047E7 1578685.0 8.0
2.5229715E7 1579685.0 8.0
2.5262708E7 1581751.0 8.0
2.5278513E7 1582729.0 8.0
2.5333817E7 1586212.0 8.0
2.5337982E7 1586460.0 8.0
2.5354023E7 1587526.0 8.0
2.5409135E7 1590938.0 8.0
2.5423908E7 1591843.0 8.0
2.5438034E7 1592764.0 8.0
2.5471151E7 1594823.0 8.0
2.5472602E7 1594940.0 8.0
2.5486252E7 1595768.0 8.0
2.5498039E7 1596454.0 8.0
2.5503438E7 1596846.0 8.0
2.5531123E7 1598644.0 8.0
2.5544431E7 1599412.0 8.0
2.5598386E7 1602779.0 8.0
2.5598927E7 1602843.0 8.0
2.5600333E7 1602902.0 8.0
2.5612266E7 1603691.0 8.0
2.5616328E7 1603905.0 8.0
2.5684767E7 1608218.0 8.0
2.5687524E7 1608389.0 8.0
2.5696381E7 1608926.0 8.0
2.5705161E7 1609476.0 8.0
2.5741933E7 1611814.0 8.0
2.5849759E7 1618486.0 8.0
2.5900992E7 1621764.0 8.0
2.5948474E7 1624713.0 8.0
2.5954451E7 1625056.0 8.0
2.599132E7 1627407.0 8.0
2.6004873E7 1628251.0 8.0
2.6016175E7 1628955.0 8.0
2.6043662E7 1630663.0 8.0
2.6104103E7 1634440.0 8.0
2.6134542E7 1636325.0 8.0
2.6161843E7 1638024.0 8.0
2.6207428E7 1640946.0 8.0
2.6288652E7 1645978.0 8.0
2.6312685E7 1647541.0 8.0
2.638407E7 1652011.0 8.0
2.6398044E7 1652834.0 8.0
2.6426889E7 1654698.0 8.0
2.6461216E7 1656820.0 8.0
2.6531541E7 1661207.0 8.0
2.657481E7 1663916.0 8.0
2.6707886E7 1672255.0 8.0
2.6716638E7 1672822.0 8.0
2.6804478E7 1678340.0 8.0
2.683381E7 1680161.0 8.0
2.6837146E7 1680380.0 8.0
2.6979601E7 1689283.0 8.0
2.7043381E7 1693316.0 8.0
2.70686E7 1694785.0 8.0
2.711226E7 1697542.0 8.0
2.7112478E7 1697560.0 8.0
2.7180586E7 1701934.0 8.0
2.7183284E7 1702013.0 8.0
2.7319279E7 1710598.0 8.0
2.7353822E7 1712726.0 8.0
2.7389241E7 1714900.0 8.0
2.7491558E7 1721304.0 8.0
2.7530053E7 1723704.0 8.0
2.753257E7 1723929.0 8.0
2.7564098E7 1725862.0 8.0
2.7704087E7 1734636.0 8.0
2.7917276E7 1748016.0 8.0
2.8323669E7 1773404.0 8.0
2.8610747E7 1791432.0 8.0
2.906696E7 1819905.0 8.0
2.9822479E7 1867270.0 8.0
3.0356306E7 1900706.0 8.0
