rev4
1544.0 98.0 8.0
1568.0 99.0 8.0
1568.0 99.0 8.0
1585.0 100.0 8.0
1601.0 101.0 8.0
1601.0 101.0 8.0
1616.0 102.0 8.0
1617.0 102.0 8.0
1617.0 102.0 8.0
1624.0 103.0 8.0
1625.0 103.0 8.0
1649.0 104.0 8.0
1649.0 104.0 8.0
1649.0 104.0 8.0
1671.0 106.0 8.0
1696.0 107.0 8.0
1696.0 107.0 8.0
1697.0 107.0 8.0
1705.0 108.0 8.0
1709.0 108.0 8.0
1710.0 108.0 8.0
1713.0 108.0 8.0
1728.0 109.0 8.0
1728.0 109.0 8.0
1736.0 110.0 8.0
1760.0 111.0 8.0
1761.0 111.0 8.0
1761.0 111.0 8.0
1761.0 111.0 8.0
1761.0 111.0 8.0
1776.0 112.0 8.0
1777.0 114.0 8.0
1777.0 112.0 8.0
1777.0 112.0 8.0
1783.0 113.0 8.0
1799.0 114.0 8.0
1809.0 114.0 8.0
1809.0 114.0 8.0
1809.0 114.0 8.0
1817.0 115.0 8.0
1822.0 115.0 8.0
1824.0 115.0 8.0
1824.0 115.0 8.0
1839.0 116.0 8.0
1841.0 116.0 8.0
1841.0 116.0 8.0
1841.0 116.0 8.0
1848.0 118.0 8.0
1854.0 117.0 8.0
1854.0 117.0 8.0
1856.0 118.0 8.0
1857.0 117.0 8.0
1863.0 118.0 8.0
1865.0 118.0 8.0
1870.0 118.0 8.0
1889.0 119.0 8.0
1902.0 120.0 8.0
1903.0 120.0 8.0
1904.0 120.0 8.0
1912.0 121.0 8.0
1935.0 122.0 8.0
1936.0 122.0 8.0
1936.0 122.0 8.0
1936.0 122.0 8.0
1937.0 123.0 8.0
1967.0 124.0 8.0
1968.0 124.0 8.0
1969.0 124.0 8.0
1981.0 125.0 8.0
1984.0 125.0 8.0
1997.0 126.0 8.0
2000.0 126.0 8.0
2001.0 126.0 8.0
2017.0 127.0 8.0
2024.0 128.0 8.0
2048.0 129.0 8.0
2057.0 130.0 8.0
2062.0 130.0 8.0
2065.0 130.0 8.0
2072.0 131.0 8.0
2073.0 131.0 8.0
2079.0 131.0 8.0
2088.0 132.0 8.0
2095.0 132.0 8.0
2104.0 133.0 8.0
2113.0 133.0 8.0
2129.0 134.0 8.0
2144.0 135.0 8.0
2161.0 136.0 8.0
2176.0 137.0 8.0
2193.0 139.0 8.0
2208.0 139.0 8.0
2224.0 140.0 8.0
2233.0 141.0 8.0
2270.0 143.0 8.0
2289.0 144.0 8.0
2349.0 148.0 8.0
2385.0 150.0 8.0
2408.0 152.0 8.0
2415.0 152.0 8.0
