rev4
142110.0 8899.0 8.0
142321.0 8913.0 8.0
142504.0 8917.0 8.0
142549.0 8929.0 8.0
142938.0 8946.0 8.0
143687.0 8998.0 8.0
143986.0 9021.0 8.0
146413.0 9164.0 8.0
146513.0 9172.0 8.0
146526.0 9172.0 8.0
149221.0 9347.0 8.0
149437.0 9355.0 8.0
149784.0 9384.0 8.0
149818.0 9383.0 8.0
150163.0 9401.0 8.0
150955.0 9450.0 8.0
151168.0 9464.0 8.0
151379.0 9477.0 8.0
151505.0 9488.0 8.0
151540.0 9488.0 8.0
151752.0 9506.0 8.0
151817.0 9504.0 8.0
152012.0 9517.0 8.0
152028.0 9523.0 8.0
153164.0 9591.0 8.0
153346.0 9604.0 8.0
153451.0 9610.0 8.0
153529.0 9613.0 8.0
153547.0 9615.0 8.0
154352.0 9668.0 8.0
154459.0 9673.0 8.0
154720.0 9688.0 8.0
154866.0 9698.0 8.0
155208.0 9719.0 8.0
155382.0 9729.0 8.0
155481.0 9736.0 8.0
155872.0 9762.0 8.0
155921.0 9761.0 8.0
156097.0 9775.0 8.0
156265.0 9791.0 8.0
156425.0 9792.0 8.0
156634.0 9809.0 8.0
156646.0 9808.0 8.0
157470.0 9864.0 8.0
157589.0 9864.0 8.0
158230.0 9902.0 8.0
158682.0 9933.0 8.0
160142.0 10029.0 8.0
160428.0 10041.0 8.0
160454.0 10050.0 8.0
160695.0 10064.0 8.0
160719.0 10069.0 8.0
160908.0 10076.0 8.0
161308.0 10100.0 8.0
161357.0 10100.0 8.0
161408.0 10104.0 8.0
161454.0 10115.0 8.0
161469.0 10110.0 8.0
161477.0 10113.0 8.0
161633.0 10126.0 8.0
162106.0 10150.0 8.0
162576.0 10182.0 8.0
162986.0 10202.0 8.0
163634.0 10250.0 8.0
163756.0 10256.0 8.0
163843.0 10260.0 8.0
164824.0 10320.0 8.0
165455.0 10361.0 8.0
165873.0 10385.0 8.0
166624.0 10433.0 8.0
167563.0 10495.0 8.0
167743.0 10511.0 8.0
167983.0 10516.0 8.0
167991.0 10520.0 8.0
168304.0 10538.0 8.0
168366.0 10543.0 8.0
170025.0 10648.0 8.0
170051.0 10650.0 8.0
170304.0 10665.0 8.0
172188.0 10783.0 8.0
172267.0 10788.0 8.0
172705.0 10814.0 8.0
172750.0 10816.0 8.0
173699.0 10873.0 8.0
173782.0 10887.0 8.0
173967.0 10896.0 8.0
174847.0 10944.0 8.0
174956.0 10955.0 8.0
175845.0 11010.0 8.0
176670.0 11065.0 8.0
176913.0 11071.0 8.0
180901.0 11330.0 8.0
181133.0 11341.0 8.0
181848.0 11383.0 8.0
182595.0 11432.0 8.0
183282.0 11475.0 8.0
183971.0 11518.0 8.0
186084.0 11649.0 8.0
192746.0 12070.0 8.0
211157.0 13227.0 8.0
