rev4
849.0 54.0 8.0
945.0 60.0 8.0
977.0 62.0 8.0
977.0 62.0 8.0
977.0 62.0 8.0
993.0 63.0 8.0
1009.0 64.0 8.0
1024.0 65.0 8.0
1025.0 65.0 8.0
1041.0 66.0 8.0
1041.0 66.0 8.0
1057.0 67.0 8.0
1065.0 68.0 8.0
1072.0 68.0 8.0
1088.0 69.0 8.0
1089.0 69.0 8.0
1089.0 69.0 8.0
1102.0 70.0 8.0
1135.0 72.0 8.0
1136.0 72.0 8.0
1137.0 72.0 8.0
1137.0 72.0 8.0
1151.0 73.0 8.0
1152.0 73.0 8.0
1153.0 73.0 8.0
1153.0 73.0 8.0
1167.0 74.0 8.0
1168.0 74.0 8.0
1168.0 74.0 8.0
1185.0 75.0 8.0
1185.0 75.0 8.0
1201.0 76.0 8.0
1201.0 76.0 8.0
1201.0 76.0 8.0
1217.0 77.0 8.0
1233.0 78.0 8.0
1233.0 78.0 8.0
1241.0 79.0 8.0
1248.0 79.0 8.0
1249.0 79.0 8.0
1249.0 79.0 8.0
1264.0 80.0 8.0
1265.0 80.0 8.0
1265.0 80.0 8.0
1265.0 80.0 8.0
1265.0 80.0 8.0
1265.0 80.0 8.0
1281.0 81.0 8.0
1289.0 82.0 8.0
1297.0 82.0 8.0
1297.0 82.0 8.0
1305.0 83.0 8.0
1312.0 83.0 8.0
1313.0 83.0 8.0
1313.0 83.0 8.0
1313.0 83.0 8.0
1329.0 84.0 8.0
1329.0 84.0 8.0
1344.0 85.0 8.0
1345.0 85.0 8.0
1361.0 86.0 8.0
1376.0 88.0 8.0
1377.0 87.0 8.0
1377.0 87.0 8.0
1393.0 88.0 8.0
1393.0 88.0 8.0
1393.0 88.0 8.0
1401.0 89.0 8.0
1408.0 89.0 8.0
1423.0 90.0 8.0
1424.0 90.0 8.0
1424.0 90.0 8.0
1425.0 90.0 8.0
1440.0 91.0 8.0
1455.0 92.0 8.0
1457.0 92.0 8.0
1481.0 94.0 8.0
1488.0 94.0 8.0
1489.0 94.0 8.0
1496.0 95.0 8.0
1497.0 95.0 8.0
1504.0 95.0 8.0
1505.0 95.0 8.0
1505.0 95.0 8.0
1521.0 96.0 8.0
1529.0 97.0 8.0
1537.0 97.0 8.0
1550.0 98.0 8.0
1569.0 99.0 8.0
1600.0 101.0 8.0
1600.0 101.0 8.0
1615.0 103.0 8.0
1615.0 102.0 8.0
1617.0 102.0 8.0
1624.0 103.0 8.0
1629.0 103.0 8.0
1760.0 111.0 8.0
1793.0 113.0 8.0
1937.0 122.0 8.0
2057.0 130.0 8.0
