rev4
1.2588949E7 788201.0 8.0
1.2682183E7 794070.0 8.0
1.2889382E7 807008.0 8.0
1.2917061E7 808749.0 8.0
1.2924863E7 809306.0 8.0
1.2946294E7 810605.0 8.0
1.2968832E7 812030.0 8.0
1.2969717E7 812072.0 8.0
1.2988164E7 813199.0 8.0
1.2994994E7 813619.0 8.0
1.3086315E7 819353.0 8.0
1.3130342E7 822205.0 8.0
1.3134139E7 822343.0 8.0
1.3142689E7 822898.0 8.0
1.317632E7 824960.0 8.0
1.3189312E7 825861.0 8.0
1.3200823E7 826525.0 8.0
1.3204808E7 826801.0 8.0
1.3206803E7 826873.0 8.0
1.3247247E7 829426.0 8.0
1.3263826E7 830444.0 8.0
1.3278347E7 831464.0 8.0
1.3281828E7 831622.0 8.0
1.3322401E7 834154.0 8.0
1.3371606E7 837285.0 8.0
1.3372904E7 837285.0 8.0
1.3386759E7 838184.0 8.0
1.340312E7 839224.0 8.0
1.3443438E7 841704.0 8.0
1.3449665E7 842143.0 8.0
1.3512476E7 846040.0 8.0
1.353091E7 847218.0 8.0
1.3532586E7 847349.0 8.0
1.3533548E7 847372.0 8.0
1.3545813E7 848158.0 8.0
1.3549649E7 848419.0 8.0
1.3602892E7 851687.0 8.0
1.362734E7 853234.0 8.0
1.3649327E7 854605.0 8.0
1.3670259E7 855930.0 8.0
1.3710361E7 858497.0 8.0
1.3712253E7 858586.0 8.0
1.3734792E7 860051.0 8.0
1.3741468E7 860386.0 8.0
1.3750961E7 860997.0 8.0
1.3797107E7 863907.0 8.0
1.3808439E7 864647.0 8.0
1.3814773E7 865012.0 8.0
1.3832566E7 866099.0 8.0
1.3835999E7 866270.0 8.0
1.3837177E7 866407.0 8.0
1.3841911E7 866708.0 8.0
1.3885004E7 869410.0 8.0
1.3885434E7 869455.0 8.0
1.3887358E7 869572.0 8.0
1.3894311E7 869958.0 8.0
1.3919392E7 871520.0 8.0
1.392841E7 872092.0 8.0
1.3980984E7 875384.0 8.0
1.4031346E7 878560.0 8.0
1.4051268E7 879760.0 8.0
1.4070071E7 880942.0 8.0
1.4081265E7 881683.0 8.0
1.4101988E7 882967.0 8.0
1.4109205E7 883408.0 8.0
1.4195968E7 888849.0 8.0
1.4200759E7 889144.0 8.0
1.4215648E7 890082.0 8.0
1.4216798E7 890168.0 8.0
1.4259899E7 892853.0 8.0
1.4308494E7 895931.0 8.0
1.4315341E7 896334.0 8.0
1.4360715E7 899177.0 8.0
1.4442822E7 904281.0 8.0
1.4447721E7 904615.0 8.0
1.4458758E7 905354.0 8.0
1.4463504E7 905604.0 8.0
1.4489279E7 907200.0 8.0
1.4534988E7 910110.0 8.0
1.4591991E7 913630.0 8.0
1.4612227E7 914897.0 8.0
1.4635225E7 916327.0 8.0
1.4686716E7 919542.0 8.0
1.4733486E7 922490.0 8.0
1.4781215E7 925497.0 8.0
1.4814677E7 927636.0 8.0
1.494712E7 935932.0 8.0
1.4973621E7 937546.0 8.0
1.5060493E7 943009.0 8.0
1.5211263E7 952363.0 8.0
1.531039E7 958588.0 8.0
1.5321888E7 959360.0 8.0
1.5363692E7 961960.0 8.0
1.543342E7 966322.0 8.0
1.5660738E7 980590.0 8.0
1.5796168E7 989077.0 8.0
1.5945118E7 998394.0 8.0
1.608744E7 1007255.0 8.0
1.6291288E7 1020015.0 8.0
1.6825635E7 1053487.0 8.0
