rev4
2989355.0 187173.0 8.0
2995690.0 187586.0 8.0
3019349.0 189042.0 8.0
3052556.0 191136.0 8.0
3057963.0 191477.0 8.0
3058737.0 191514.0 8.0
3059340.0 191567.0 8.0
3062066.0 191733.0 8.0
3069053.0 192169.0 8.0
3072006.0 192358.0 8.0
3078548.0 192760.0 8.0
3081438.0 192956.0 8.0
3093512.0 193710.0 8.0
3100296.0 194108.0 8.0
3105720.0 194458.0 8.0
3136576.0 196408.0 8.0
3137768.0 196476.0 8.0
3144853.0 196924.0 8.0
3149948.0 197228.0 8.0
3150856.0 197261.0 8.0
3154836.0 197539.0 8.0
3155898.0 197611.0 8.0
3158259.0 197757.0 8.0
3161437.0 197943.0 8.0
3165959.0 198245.0 8.0
3166316.0 198251.0 8.0
3167197.0 198322.0 8.0
3171241.0 198571.0 8.0
3181543.0 199216.0 8.0
3186014.0 199472.0 8.0
3194918.0 200073.0 8.0
3201002.0 200434.0 8.0
3201826.0 200475.0 8.0
3219137.0 201562.0 8.0
3228971.0 202168.0 8.0
3233653.0 202469.0 8.0
3239044.0 202794.0 8.0
3244726.0 203161.0 8.0
3247223.0 203337.0 8.0
3247878.0 203346.0 8.0
3248082.0 203377.0 8.0
3248585.0 203395.0 8.0
3259036.0 204076.0 8.0
3259453.0 204089.0 8.0
3268659.0 204658.0 8.0
3272068.0 204879.0 8.0
3273327.0 204971.0 8.0
3277113.0 205187.0 8.0
3281928.0 205492.0 8.0
3283168.0 205586.0 8.0
3286381.0 205756.0 8.0
3286609.0 205780.0 8.0
3303841.0 206877.0 8.0
3305763.0 206984.0 8.0
3305979.0 206994.0 8.0
3310995.0 207316.0 8.0
3311423.0 207345.0 8.0
3311540.0 207366.0 8.0
3332788.0 208679.0 8.0
3339844.0 209114.0 8.0
3340106.0 209166.0 8.0
3345018.0 209454.0 8.0
3351882.0 209859.0 8.0
3353152.0 209951.0 8.0
3355594.0 210103.0 8.0
3356456.0 210167.0 8.0
3367545.0 210826.0 8.0
3369168.0 210971.0 8.0
3371197.0 211066.0 8.0
3379200.0 211574.0 8.0
3385993.0 212010.0 8.0
3402069.0 213014.0 8.0
3404827.0 213196.0 8.0
3404973.0 213190.0 8.0
3430315.0 214780.0 8.0
3436858.0 215205.0 8.0
3440444.0 215403.0 8.0
3441885.0 215487.0 8.0
3456540.0 216431.0 8.0
3467755.0 217105.0 8.0
3470337.0 217293.0 8.0
3497457.0 218979.0 8.0
3528511.0 220945.0 8.0
3551047.0 222343.0 8.0
3552880.0 222455.0 8.0
3559596.0 222872.0 8.0
3574551.0 223817.0 8.0
3574696.0 223836.0 8.0
3619628.0 226640.0 8.0
3626146.0 227044.0 8.0
3632473.0 227442.0 8.0
3659111.0 229108.0 8.0
3677277.0 230250.0 8.0
3692272.0 231179.0 8.0
3706367.0 232082.0 8.0
3713063.0 232483.0 8.0
3787857.0 237183.0 8.0
3837347.0 240275.0 8.0
3888565.0 243474.0 8.0
4013915.0 251319.0 8.0
