rev4
1454608.0 91088.0 8.0
1457077.0 91236.0 8.0
1458134.0 91287.0 8.0
1465402.0 91761.0 8.0
1465635.0 91760.0 8.0
1466894.0 91859.0 8.0
1467638.0 91902.0 8.0
1469814.0 92022.0 8.0
1479663.0 92648.0 8.0
1481859.0 92793.0 8.0
1483252.0 92878.0 8.0
1487372.0 93141.0 8.0
1489099.0 93250.0 8.0
1492926.0 93468.0 8.0
1494356.0 93573.0 8.0
1494647.0 93577.0 8.0
1496070.0 93671.0 8.0
1496167.0 93681.0 8.0
1506651.0 94333.0 8.0
1506672.0 94342.0 8.0
1508143.0 94434.0 8.0
1512300.0 94685.0 8.0
1512446.0 94707.0 8.0
1513301.0 94749.0 8.0
1515180.0 94882.0 8.0
1518027.0 95069.0 8.0
1518754.0 95095.0 8.0
1526334.0 95563.0 8.0
1527904.0 95670.0 8.0
1532197.0 95939.0 8.0
1532284.0 95942.0 8.0
1535928.0 96181.0 8.0
1537935.0 96296.0 8.0
1538376.0 96331.0 8.0
1540492.0 96440.0 8.0
1542831.0 96612.0 8.0
1548785.0 96979.0 8.0
1549301.0 97008.0 8.0
1550921.0 97104.0 8.0
1551164.0 97121.0 8.0
1551620.0 97150.0 8.0
1558447.0 97579.0 8.0
1559547.0 97643.0 8.0
1566289.0 98072.0 8.0
1571988.0 98421.0 8.0
1572927.0 98480.0 8.0
1583427.0 99138.0 8.0
1584762.0 99220.0 8.0
1587023.0 99370.0 8.0
1591615.0 99662.0 8.0
1599940.0 100177.0 8.0
1604296.0 100460.0 8.0
1607359.0 100658.0 8.0
1610444.0 100838.0 8.0
1610991.0 100866.0 8.0
1612616.0 100978.0 8.0
1618441.0 101352.0 8.0
1619309.0 101399.0 8.0
1621543.0 101533.0 8.0
1629727.0 102045.0 8.0
1637730.0 102546.0 8.0
1639371.0 102645.0 8.0
1648827.0 103246.0 8.0
1649841.0 103302.0 8.0
1652692.0 103494.0 8.0
1654921.0 103620.0 8.0
1655402.0 103642.0 8.0
1657232.0 103770.0 8.0
1658478.0 103831.0 8.0
1660707.0 103965.0 8.0
1662532.0 104101.0 8.0
1662663.0 104109.0 8.0
1666236.0 104338.0 8.0
1669651.0 104536.0 8.0
1671400.0 104658.0 8.0
1676148.0 104940.0 8.0
1676903.0 105001.0 8.0
1680065.0 105208.0 8.0
1690144.0 105830.0 8.0
1690414.0 105861.0 8.0
1695856.0 106185.0 8.0
1703194.0 106637.0 8.0
1705321.0 106779.0 8.0
1709266.0 107010.0 8.0
1713083.0 107268.0 8.0
1714996.0 107376.0 8.0
1719367.0 107662.0 8.0
1727738.0 108165.0 8.0
1735748.0 108674.0 8.0
1736049.0 108710.0 8.0
1754260.0 109841.0 8.0
1755599.0 109912.0 8.0
1755990.0 109960.0 8.0
1759442.0 110171.0 8.0
1769529.0 110791.0 8.0
1778568.0 111357.0 8.0
1809330.0 113293.0 8.0
1822289.0 114104.0 8.0
1843321.0 115399.0 8.0
1883409.0 117937.0 8.0
