rev4
1872.0 118.0 8.0
1912.0 121.0 8.0
1969.0 124.0 8.0
1985.0 125.0 8.0
1985.0 125.0 8.0
2009.0 127.0 8.0
2047.0 129.0 8.0
2073.0 131.0 8.0
2121.0 134.0 8.0
2209.0 139.0 8.0
2215.0 140.0 8.0
2225.0 140.0 8.0
2240.0 141.0 8.0
2256.0 142.0 8.0
2270.0 143.0 8.0
2272.0 143.0 8.0
2287.0 144.0 8.0
2303.0 145.0 8.0
2304.0 145.0 8.0
2335.0 148.0 8.0
2336.0 147.0 8.0
2360.0 149.0 8.0
2367.0 149.0 8.0
2368.0 149.0 8.0
2369.0 149.0 8.0
2369.0 149.0 8.0
2399.0 151.0 8.0
2401.0 151.0 8.0
2401.0 151.0 8.0
2401.0 151.0 8.0
2415.0 152.0 8.0
2415.0 152.0 8.0
2448.0 154.0 8.0
2448.0 154.0 8.0
2449.0 154.0 8.0
2449.0 154.0 8.0
2462.0 155.0 8.0
2465.0 155.0 8.0
2471.0 156.0 8.0
2472.0 156.0 8.0
2479.0 156.0 8.0
2481.0 156.0 8.0
2497.0 157.0 8.0
2505.0 158.0 8.0
2512.0 158.0 8.0
2513.0 158.0 8.0
2521.0 159.0 8.0
2527.0 159.0 8.0
2528.0 159.0 8.0
2537.0 160.0 8.0
2560.0 161.0 8.0
2561.0 161.0 8.0
2566.0 162.0 8.0
2567.0 162.0 8.0
2569.0 162.0 8.0
2574.0 162.0 8.0
2591.0 163.0 8.0
2592.0 163.0 8.0
2593.0 163.0 8.0
2641.0 166.0 8.0
2655.0 167.0 8.0
2673.0 168.0 8.0
2685.0 169.0 8.0
2689.0 169.0 8.0
2697.0 170.0 8.0
2705.0 171.0 8.0
2713.0 171.0 8.0
2752.0 173.0 8.0
2761.0 174.0 8.0
2764.0 174.0 8.0
2783.0 175.0 8.0
2784.0 176.0 8.0
2817.0 177.0 8.0
2823.0 178.0 8.0
2832.0 178.0 8.0
2832.0 178.0 8.0
2849.0 179.0 8.0
2879.0 181.0 8.0
2894.0 182.0 8.0
2897.0 182.0 8.0
2928.0 184.0 8.0
2960.0 186.0 8.0
2968.0 187.0 8.0
2975.0 187.0 8.0
3016.0 190.0 8.0
3055.0 192.0 8.0
3073.0 193.0 8.0
3088.0 194.0 8.0
3089.0 194.0 8.0
3151.0 198.0 8.0
3152.0 199.0 8.0
3216.0 203.0 8.0
3231.0 203.0 8.0
3231.0 203.0 8.0
3256.0 205.0 8.0
3297.0 207.0 8.0
3311.0 208.0 8.0
3697.0 232.0 8.0
3697.0 232.0 8.0
3965.0 249.0 8.0
