rev4
19005.0 1191.0 8.0
19057.0 1194.0 8.0
19061.0 1194.0 8.0
19102.0 1196.0 8.0
19470.0 1221.0 8.0
19515.0 1222.0 8.0
19556.0 1227.0 8.0
19575.0 1226.0 8.0
19661.0 1234.0 8.0
19789.0 1241.0 8.0
20037.0 1255.0 8.0
20095.0 1259.0 8.0
20232.0 1268.0 8.0
20286.0 1270.0 8.0
20333.0 1273.0 8.0
20337.0 1275.0 8.0
20488.0 1285.0 8.0
20504.0 1285.0 8.0
20531.0 1286.0 8.0
20576.0 1288.0 8.0
20626.0 1294.0 8.0
20627.0 1295.0 8.0
20643.0 1292.0 8.0
20727.0 1298.0 8.0
20830.0 1305.0 8.0
20870.0 1308.0 8.0
20894.0 1309.0 8.0
20957.0 1313.0 8.0
20997.0 1316.0 8.0
21068.0 1321.0 8.0
21133.0 1322.0 8.0
21140.0 1324.0 8.0
21187.0 1327.0 8.0
21225.0 1329.0 8.0
21253.0 1330.0 8.0
21255.0 1332.0 8.0
21268.0 1333.0 8.0
21271.0 1334.0 8.0
21291.0 1334.0 8.0
21292.0 1333.0 8.0
21294.0 1334.0 8.0
21298.0 1335.0 8.0
21378.0 1342.0 8.0
21430.0 1343.0 8.0
21487.0 1348.0 8.0
21491.0 1347.0 8.0
21502.0 1348.0 8.0
21548.0 1350.0 8.0
21613.0 1355.0 8.0
21659.0 1356.0 8.0
21736.0 1362.0 8.0
21740.0 1362.0 8.0
21778.0 1365.0 8.0
21854.0 1369.0 8.0
21865.0 1370.0 8.0
21988.0 1377.0 8.0
22058.0 1381.0 8.0
22065.0 1383.0 8.0
22165.0 1389.0 8.0
22207.0 1392.0 8.0
22270.0 1395.0 8.0
22314.0 1398.0 8.0
22449.0 1407.0 8.0
22450.0 1406.0 8.0
22451.0 1406.0 8.0
22732.0 1425.0 8.0
22751.0 1425.0 8.0
22794.0 1428.0 8.0
22796.0 1428.0 8.0
22832.0 1432.0 8.0
22979.0 1438.0 8.0
23026.0 1445.0 8.0
23123.0 1449.0 8.0
23188.0 1451.0 8.0
23232.0 1456.0 8.0
23250.0 1455.0 8.0
23281.0 1459.0 8.0
23283.0 1457.0 8.0
23285.0 1458.0 8.0
23291.0 1459.0 8.0
23371.0 1464.0 8.0
23377.0 1463.0 8.0
23755.0 1486.0 8.0
24059.0 1509.0 8.0
24181.0 1514.0 8.0
24195.0 1514.0 8.0
24620.0 1541.0 8.0
24622.0 1542.0 8.0
24781.0 1554.0 8.0
24951.0 1562.0 8.0
24964.0 1565.0 8.0
25146.0 1575.0 8.0
25173.0 1577.0 8.0
25412.0 1592.0 8.0
25489.0 1597.0 8.0
26188.0 1640.0 8.0
26348.0 1650.0 8.0
26586.0 1666.0 8.0
27376.0 1716.0 8.0
28070.0 1759.0 8.0
