rev4
745330.0 98138.0 4.0
748011.0 98476.0 4.0
748065.0 98556.0 4.0
757632.0 99904.0 4.0
758493.0 99918.0 4.0
760064.0 100169.0 4.0
764797.0 100713.0 4.0
769063.0 101314.0 4.0
772880.0 101837.0 4.0
779653.0 102695.0 4.0
784968.0 103484.0 4.0
787260.0 103784.0 4.0
789443.0 104041.0 4.0
789867.0 104149.0 4.0
791684.0 104289.0 4.0
791945.0 104388.0 4.0
794395.0 104591.0 4.0
800316.0 105433.0 4.0
805939.0 106247.0 4.0
813764.0 107269.0 4.0
819008.0 107880.0 4.0
822932.0 108435.0 4.0
826050.0 108863.0 4.0
829540.0 109396.0 4.0
830021.0 109363.0 4.0
831008.0 109429.0 4.0
831862.0 109597.0 4.0
838234.0 110498.0 4.0
841699.0 110906.0 4.0
842660.0 111010.0 4.0
843119.0 111040.0 4.0
843699.0 111209.0 4.0
845393.0 111435.0 4.0
846778.0 111680.0 4.0
846851.0 111560.0 4.0
849598.0 111937.0 4.0
852505.0 112381.0 4.0
853303.0 112454.0 4.0
857204.0 112900.0 4.0
862168.0 113657.0 4.0
864011.0 113853.0 4.0
865222.0 113953.0 4.0
867890.0 114364.0 4.0
868439.0 114422.0 4.0
868784.0 114503.0 4.0
871072.0 114811.0 4.0
873148.0 115036.0 4.0
874544.0 115169.0 4.0
876467.0 115553.0 4.0
877189.0 115630.0 4.0
879921.0 115865.0 4.0
883422.0 116377.0 4.0
884350.0 116595.0 4.0
885236.0 116657.0 4.0
905237.0 119258.0 4.0
906307.0 119400.0 4.0
910923.0 120040.0 4.0
912545.0 120299.0 4.0
914351.0 120513.0 4.0
917773.0 120929.0 4.0
917862.0 120959.0 4.0
919356.0 121156.0 4.0
920671.0 121273.0 4.0
920989.0 121258.0 4.0
926833.0 122115.0 4.0
931242.0 122742.0 4.0
931915.0 122803.0 4.0
936530.0 123314.0 4.0
946494.0 124826.0 4.0
947842.0 124834.0 4.0
950858.0 125264.0 4.0
960333.0 126602.0 4.0
960542.0 126559.0 4.0
961619.0 126723.0 4.0
962272.0 126791.0 4.0
963913.0 127053.0 4.0
967144.0 127411.0 4.0
969960.0 127808.0 4.0
972761.0 128157.0 4.0
974071.0 128344.0 4.0
983656.0 129608.0 4.0
988529.0 130274.0 4.0
991290.0 130664.0 4.0
1007564.0 132652.0 4.0
1007712.0 132803.0 4.0
1010062.0 133104.0 4.0
1041265.0 137183.0 4.0
1044978.0 137816.0 4.0
1048805.0 138098.0 4.0
1062390.0 139994.0 4.0
1065084.0 140296.0 4.0
1067041.0 140608.0 4.0
1069111.0 140933.0 4.0
1070305.0 141039.0 4.0
1070597.0 141021.0 4.0
1112981.0 146630.0 4.0
1120131.0 147555.0 4.0
1123981.0 148059.0 4.0
1187388.0 156435.0 4.0
1233282.0 162536.0 4.0
