rev4
2.86018742E8 3.7686865E7 4.0
2.9021468E8 3.8238791E7 4.0
2.9417911E8 3.87622E7 4.0
2.97178975E8 3.9158079E7 4.0
2.98824012E8 3.9376082E7 4.0
2.98930637E8 3.9390321E7 4.0
3.01649077E8 3.9748466E7 4.0
3.01992425E8 3.9791511E7 4.0
3.03207347E8 3.9953474E7 4.0
3.03571952E8 4.0002208E7 4.0
3.05347278E8 4.0235487E7 4.0
3.06595051E8 4.0400286E7 4.0
3.08650315E8 4.0669163E7 4.0
3.08863734E8 4.0697908E7 4.0
3.09357721E8 4.0762652E7 4.0
3.1039573E8 4.090016E7 4.0
3.10458897E8 4.0907306E7 4.0
3.10960443E8 4.097313E7 4.0
3.11363367E8 4.1026641E7 4.0
3.11643894E8 4.106528E7 4.0
3.12719404E8 4.1207079E7 4.0
3.12980996E8 4.1241734E7 4.0
3.13234812E8 4.1273229E7 4.0
3.13340245E8 4.1286911E7 4.0
3.13899162E8 4.1363131E7 4.0
3.14274748E8 4.1412098E7 4.0
3.14850238E8 4.1484639E7 4.0
3.16585842E8 4.1715496E7 4.0
3.16777203E8 4.1741812E7 4.0
3.1688959E8 4.1755158E7 4.0
3.18208768E8 4.19295E7 4.0
3.18968325E8 4.2027954E7 4.0
3.19155085E8 4.2053576E7 4.0
3.20474888E8 4.2230051E7 4.0
3.20610628E8 4.2246998E7 4.0
3.21118902E8 4.2312823E7 4.0
3.2141268E8 4.2349299E7 4.0
3.22421266E8 4.2483627E7 4.0
3.23022511E8 4.2564548E7 4.0
3.24054385E8 4.2700077E7 4.0
3.25592021E8 4.2899779E7 4.0
3.26566037E8 4.3030726E7 4.0
3.26853321E8 4.3067642E7 4.0
3.27383701E8 4.3137841E7 4.0
3.27596674E8 4.3168017E7 4.0
3.27616702E8 4.3168872E7 4.0
3.28319712E8 4.3259864E7 4.0
3.29493343E8 4.3415838E7 4.0
3.31696846E8 4.3706818E7 4.0
3.31773976E8 4.3713795E7 4.0
3.31953327E8 4.3738446E7 4.0
3.32188555E8 4.3772447E7 4.0
3.32520429E8 4.3815063E7 4.0
3.33621166E8 4.3960196E7 4.0
3.34784045E8 4.4113032E7 4.0
3.34907171E8 4.4129887E7 4.0
3.35294954E8 4.4180773E7 4.0
3.35438413E8 4.4200545E7 4.0
3.35478597E8 4.4204087E7 4.0
3.35590675E8 4.4219286E7 4.0
3.35665643E8 4.4229536E7 4.0
3.35785754E8 4.4245736E7 4.0
3.36603656E8 4.4352945E7 4.0
3.37085842E8 4.4418639E7 4.0
3.38178579E8 4.4562461E7 4.0
3.39356231E8 4.471607E7 4.0
3.39422133E8 4.4724207E7 4.0
3.40476769E8 4.4862534E7 4.0
3.41372176E8 4.4981231E7 4.0
3.41814644E8 4.5038965E7 4.0
3.42250011E8 4.5098143E7 4.0
3.42317285E8 4.5105739E7 4.0
3.42408297E8 4.511583E7 4.0
3.43220906E8 4.5225444E7 4.0
3.43885673E8 4.5314649E7 4.0
3.45151131E8 4.5478439E7 4.0
3.46733732E8 4.5689295E7 4.0
3.47869538E8 4.5837218E7 4.0
3.48737626E8 4.595203E7 4.0
3.49339741E8 4.6031484E7 4.0
3.49905598E8 4.610648E7 4.0
3.51631347E8 4.6333986E7 4.0
3.53673609E8 4.6601478E7 4.0
3.5405452E8 4.665315E7 4.0
3.61549316E8 4.7639753E7 4.0
3.65933497E8 4.8219573E7 4.0
3.68496909E8 4.8554485E7 4.0
3.70687164E8 4.8844956E7 4.0
3.71547742E8 4.8955736E7 4.0
3.72078869E8 4.9026632E7 4.0
3.73362455E8 4.9196293E7 4.0
3.74902338E8 4.9398866E7 4.0
3.80462744E8 5.0132861E7 4.0
3.84700546E8 5.0689333E7 4.0
3.86806754E8 5.0967319E7 4.0
3.91550246E8 5.1594302E7 4.0
3.93655849E8 5.1870967E7 4.0
3.96526252E8 5.2248308E7 4.0
4.02818846E8 5.3078493E7 4.0
4.31947827E8 5.6916285E7 4.0
