rev4
6.746623E7 8889233.0 4.0
6.7881313E7 8944159.0 4.0
6.8156454E7 8980474.0 4.0
6.9013414E7 9093264.0 4.0
6.9078405E7 9102114.0 4.0
6.9427487E7 9148793.0 4.0
6.9608441E7 9172830.0 4.0
6.9819839E7 9199789.0 4.0
7.0288284E7 9261753.0 4.0
7.0401107E7 9276467.0 4.0
7.0526284E7 9293530.0 4.0
7.054659E7 9295791.0 4.0
7.0862221E7 9337630.0 4.0
7.0943849E7 9347399.0 4.0
7.1412912E7 9410161.0 4.0
7.1503373E7 9421818.0 4.0
7.1632716E7 9438797.0 4.0
7.1721377E7 9450433.0 4.0
7.1790172E7 9460412.0 4.0
7.2037837E7 9492290.0 4.0
7.2047627E7 9493438.0 4.0
7.2086635E7 9499217.0 4.0
7.2215812E7 9516511.0 4.0
7.2495264E7 9553027.0 4.0
7.2646949E7 9573079.0 4.0
7.2715479E7 9581094.0 4.0
7.2717833E7 9581846.0 4.0
7.2971888E7 9615189.0 4.0
7.3151799E7 9638929.0 4.0
7.3233656E7 9649057.0 4.0
7.326557E7 9654096.0 4.0
7.3320233E7 9660883.0 4.0
7.3331078E7 9662093.0 4.0
7.3401481E7 9672282.0 4.0
7.3415775E7 9673859.0 4.0
7.3624895E7 9701375.0 4.0
7.3699024E7 9711353.0 4.0
7.3830406E7 9728899.0 4.0
7.4115623E7 9767029.0 4.0
7.4357214E7 9797158.0 4.0
7.4402975E7 9802998.0 4.0
7.4442255E7 9808976.0 4.0
7.4482397E7 9814002.0 4.0
7.4540333E7 9820837.0 4.0
7.5384992E7 9933500.0 4.0
7.5413704E7 9936279.0 4.0
7.5644612E7 9967459.0 4.0
7.6035421E7 1.0018572E7 4.0
7.6073714E7 1.0024611E7 4.0
7.6407204E7 1.0068199E7 4.0
7.6657166E7 1.0100824E7 4.0
7.7026006E7 1.0149256E7 4.0
7.727073E7 1.0181984E7 4.0
7.7281724E7 1.0183514E7 4.0
7.741391E7 1.0200336E7 4.0
7.7678778E7 1.0234895E7 4.0
7.8125326E7 1.0294625E7 4.0
7.8453881E7 1.0338428E7 4.0
7.8630267E7 1.0360868E7 4.0
7.8781051E7 1.0379984E7 4.0
7.8988175E7 1.0408084E7 4.0
7.9346103E7 1.0455527E7 4.0
7.9374245E7 1.0458845E7 4.0
7.9434897E7 1.0467647E7 4.0
7.9501775E7 1.0475439E7 4.0
7.9539673E7 1.0479591E7 4.0
7.9617189E7 1.0491412E7 4.0
7.9632764E7 1.0492479E7 4.0
7.9687253E7 1.0500116E7 4.0
7.983613E7 1.0520566E7 4.0
8.0044375E7 1.054684E7 4.0
8.0185714E7 1.0566249E7 4.0
8.0335879E7 1.0586215E7 4.0
8.0438187E7 1.0599267E7 4.0
8.0507372E7 1.0608426E7 4.0
8.0551023E7 1.0613849E7 4.0
8.0615916E7 1.0622683E7 4.0
8.0808501E7 1.0648101E7 4.0
8.0841187E7 1.0652037E7 4.0
8.1284539E7 1.0710445E7 4.0
8.1741978E7 1.0771173E7 4.0
8.1761907E7 1.0773445E7 4.0
8.1902639E7 1.0791643E7 4.0
8.2152148E7 1.0825616E7 4.0
8.2303546E7 1.084525E7 4.0
8.2551543E7 1.0876539E7 4.0
8.2646001E7 1.0889802E7 4.0
8.2695162E7 1.0896331E7 4.0
8.3191086E7 1.0961728E7 4.0
8.4155891E7 1.1088951E7 4.0
8.4411626E7 1.1122761E7 4.0
8.4861133E7 1.1181256E7 4.0
8.5523273E7 1.1269202E7 4.0
8.6501374E7 1.1397943E7 4.0
8.6723776E7 1.1427144E7 4.0
8.7126397E7 1.1480584E7 4.0
8.746978E7 1.1526108E7 4.0
8.8780979E7 1.1698469E7 4.0
9.2563533E7 1.2197492E7 4.0
9.3484318E7 1.2317971E7 4.0
