rev4
341982.0 45018.0 4.0
352016.0 46347.0 4.0
352244.0 46462.0 4.0
356399.0 46972.0 4.0
357263.0 47038.0 4.0
358279.0 47172.0 4.0
358546.0 47182.0 4.0
360636.0 47562.0 4.0
368853.0 48651.0 4.0
369280.0 48648.0 4.0
369893.0 48773.0 4.0
370812.0 48860.0 4.0
371378.0 48949.0 4.0
371665.0 48971.0 4.0
373174.0 49151.0 4.0
373677.0 49283.0 4.0
375865.0 49467.0 4.0
377636.0 49729.0 4.0
380379.0 50108.0 4.0
382345.0 50419.0 4.0
383047.0 50469.0 4.0
385861.0 50853.0 4.0
387042.0 50977.0 4.0
387395.0 51030.0 4.0
387858.0 51108.0 4.0
388832.0 51219.0 4.0
389757.0 51377.0 4.0
392132.0 51628.0 4.0
392919.0 51756.0 4.0
393730.0 51930.0 4.0
394248.0 51924.0 4.0
394650.0 51983.0 4.0
395205.0 52108.0 4.0
397320.0 52299.0 4.0
398194.0 52472.0 4.0
398522.0 52481.0 4.0
399355.0 52630.0 4.0
401692.0 52918.0 4.0
403581.0 53183.0 4.0
405492.0 53394.0 4.0
405928.0 53502.0 4.0
406220.0 53543.0 4.0
407705.0 53728.0 4.0
407769.0 53733.0 4.0
408917.0 53903.0 4.0
410188.0 54096.0 4.0
411981.0 54256.0 4.0
417778.0 55051.0 4.0
419242.0 55161.0 4.0
420720.0 55383.0 4.0
421328.0 55459.0 4.0
423170.0 55729.0 4.0
425522.0 56013.0 4.0
425930.0 56153.0 4.0
426879.0 56224.0 4.0
426915.0 56264.0 4.0
427531.0 56339.0 4.0
429348.0 56627.0 4.0
432325.0 56910.0 4.0
434589.0 57228.0 4.0
434609.0 57256.0 4.0
435196.0 57396.0 4.0
435380.0 57396.0 4.0
437255.0 57626.0 4.0
439049.0 57835.0 4.0
439272.0 57918.0 4.0
441317.0 58072.0 4.0
441775.0 58234.0 4.0
442213.0 58258.0 4.0
443518.0 58425.0 4.0
448019.0 59044.0 4.0
448670.0 59095.0 4.0
451497.0 59445.0 4.0
452544.0 59667.0 4.0
453094.0 59682.0 4.0
454157.0 59824.0 4.0
454414.0 59897.0 4.0
455283.0 59914.0 4.0
456535.0 60093.0 4.0
457454.0 60270.0 4.0
460854.0 60763.0 4.0
462987.0 61002.0 4.0
466133.0 61445.0 4.0
468964.0 61823.0 4.0
474282.0 62504.0 4.0
474631.0 62564.0 4.0
475997.0 62817.0 4.0
480818.0 63445.0 4.0
482849.0 63609.0 4.0
483376.0 63729.0 4.0
485554.0 64009.0 4.0
488549.0 64379.0 4.0
492272.0 64906.0 4.0
494263.0 65129.0 4.0
500046.0 65816.0 4.0
507293.0 66783.0 4.0
508264.0 67011.0 4.0
509513.0 67143.0 4.0
536852.0 70721.0 4.0
551040.0 72589.0 4.0
