rev4
1565090.0 206236.0 4.0
1593038.0 209962.0 4.0
1617369.0 213034.0 4.0
1644945.0 216745.0 4.0
1648549.0 217057.0 4.0
1672791.0 220483.0 4.0
1676323.0 220940.0 4.0
1679781.0 221267.0 4.0
1682283.0 221756.0 4.0
1685213.0 222047.0 4.0
1687946.0 222396.0 4.0
1708154.0 225083.0 4.0
1714664.0 225903.0 4.0
1717933.0 226322.0 4.0
1720296.0 226686.0 4.0
1734918.0 228701.0 4.0
1735141.0 228621.0 4.0
1740188.0 229387.0 4.0
1745198.0 230096.0 4.0
1749769.0 230599.0 4.0
1758967.0 231735.0 4.0
1759778.0 231919.0 4.0
1770978.0 233455.0 4.0
1773222.0 233659.0 4.0
1773658.0 233730.0 4.0
1784216.0 235036.0 4.0
1784895.0 235150.0 4.0
1791156.0 236013.0 4.0
1792644.0 236207.0 4.0
1805000.0 237855.0 4.0
1809998.0 238480.0 4.0
1824555.0 240486.0 4.0
1827947.0 240823.0 4.0
1850484.0 243688.0 4.0
1852409.0 244009.0 4.0
1853561.0 244240.0 4.0
1856144.0 244521.0 4.0
1863157.0 245491.0 4.0
1869881.0 246483.0 4.0
1871088.0 246498.0 4.0
1871527.0 246456.0 4.0
1877500.0 247296.0 4.0
1879633.0 247567.0 4.0
1881566.0 248003.0 4.0
1883782.0 248085.0 4.0
1898100.0 250168.0 4.0
1899185.0 250143.0 4.0
1900154.0 250380.0 4.0
1911827.0 252044.0 4.0
1912342.0 251873.0 4.0
1912969.0 252099.0 4.0
1915191.0 252402.0 4.0
1917200.0 252600.0 4.0
1924986.0 253625.0 4.0
1925447.0 253497.0 4.0
1927617.0 253889.0 4.0
1936622.0 255222.0 4.0
1938174.0 255404.0 4.0
1940876.0 255840.0 4.0
1945089.0 256311.0 4.0
1952689.0 257344.0 4.0
1965587.0 259078.0 4.0
1976078.0 260394.0 4.0
1976229.0 260360.0 4.0
1983124.0 261315.0 4.0
2006341.0 264234.0 4.0
2015981.0 265783.0 4.0
2018539.0 265984.0 4.0
2028778.0 267381.0 4.0
2035571.0 268159.0 4.0
2038629.0 268636.0 4.0
2047213.0 269748.0 4.0
2048911.0 270031.0 4.0
2051045.0 270155.0 4.0
2060269.0 271404.0 4.0
2060512.0 271447.0 4.0
2063836.0 272028.0 4.0
2067207.0 272253.0 4.0
2068375.0 272694.0 4.0
2074448.0 273386.0 4.0
2077978.0 273981.0 4.0
2088283.0 275258.0 4.0
2092124.0 275806.0 4.0
2103762.0 277236.0 4.0
2161975.0 284911.0 4.0
2165781.0 285421.0 4.0
2170178.0 285994.0 4.0
2171155.0 286128.0 4.0
2177206.0 286889.0 4.0
2182955.0 287587.0 4.0
2182970.0 287669.0 4.0
2197414.0 289501.0 4.0
2248469.0 296315.0 4.0
2250962.0 296611.0 4.0
2274962.0 299798.0 4.0
2305003.0 303679.0 4.0
2363384.0 311400.0 4.0
2372643.0 312593.0 4.0
2456945.0 323744.0 4.0
2516640.0 331727.0 4.0
