rev4
72404.0 9517.0 4.0
73952.0 9747.0 4.0
74342.0 9814.0 4.0
75575.0 9933.0 4.0
78023.0 10266.0 4.0
78029.0 10274.0 4.0
79130.0 10389.0 4.0
80225.0 10558.0 4.0
81062.0 10683.0 4.0
81101.0 10691.0 4.0
81242.0 10696.0 4.0
81289.0 10694.0 4.0
81858.0 10792.0 4.0
82057.0 10822.0 4.0
82320.0 10837.0 4.0
82709.0 10871.0 4.0
83220.0 10970.0 4.0
83487.0 11023.0 4.0
84318.0 11124.0 4.0
84514.0 11125.0 4.0
84722.0 11153.0 4.0
84733.0 11171.0 4.0
85527.0 11287.0 4.0
85734.0 11300.0 4.0
86097.0 11345.0 4.0
86142.0 11350.0 4.0
86180.0 11355.0 4.0
87175.0 11486.0 4.0
87347.0 11502.0 4.0
87368.0 11482.0 4.0
87368.0 11506.0 4.0
88144.0 11627.0 4.0
88151.0 11613.0 4.0
88493.0 11647.0 4.0
88611.0 11686.0 4.0
88774.0 11707.0 4.0
88944.0 11711.0 4.0
89292.0 11772.0 4.0
89390.0 11798.0 4.0
89640.0 11814.0 4.0
89719.0 11840.0 4.0
89853.0 11856.0 4.0
90074.0 11899.0 4.0
90518.0 11931.0 4.0
90934.0 11992.0 4.0
91010.0 12012.0 4.0
91171.0 12011.0 4.0
91185.0 12001.0 4.0
91452.0 12078.0 4.0
91769.0 12106.0 4.0
92119.0 12156.0 4.0
92667.0 12182.0 4.0
92836.0 12239.0 4.0
92936.0 12266.0 4.0
93138.0 12258.0 4.0
94379.0 12430.0 4.0
94455.0 12432.0 4.0
95066.0 12547.0 4.0
95133.0 12544.0 4.0
95214.0 12523.0 4.0
96108.0 12648.0 4.0
96293.0 12686.0 4.0
96528.0 12730.0 4.0
96590.0 12730.0 4.0
96663.0 12759.0 4.0
96685.0 12720.0 4.0
96853.0 12709.0 4.0
96896.0 12753.0 4.0
97298.0 12813.0 4.0
97775.0 12869.0 4.0
97983.0 12910.0 4.0
98039.0 12898.0 4.0
98055.0 12942.0 4.0
98218.0 12944.0 4.0
98413.0 12981.0 4.0
99869.0 13164.0 4.0
99894.0 13164.0 4.0
99971.0 13167.0 4.0
99998.0 13165.0 4.0
100322.0 13218.0 4.0
100608.0 13257.0 4.0
100837.0 13304.0 4.0
101511.0 13354.0 4.0
101808.0 13433.0 4.0
102197.0 13458.0 4.0
103553.0 13639.0 4.0
104655.0 13765.0 4.0
104924.0 13834.0 4.0
105218.0 13861.0 4.0
105858.0 13926.0 4.0
108302.0 14269.0 4.0
109179.0 14377.0 4.0
109520.0 14413.0 4.0
109853.0 14478.0 4.0
109942.0 14490.0 4.0
113283.0 14929.0 4.0
114420.0 15088.0 4.0
118878.0 15667.0 4.0
119452.0 15759.0 4.0
148772.0 19588.0 4.0
