rev4
160444.0 21122.0 4.0
162481.0 21444.0 4.0
163188.0 21503.0 4.0
163877.0 21578.0 4.0
165211.0 21804.0 4.0
167713.0 22127.0 4.0
167849.0 22097.0 4.0
169536.0 22335.0 4.0
169857.0 22362.0 4.0
170030.0 22387.0 4.0
171073.0 22513.0 4.0
171250.0 22545.0 4.0
171383.0 22613.0 4.0
172716.0 22747.0 4.0
172894.0 22791.0 4.0
175148.0 23074.0 4.0
177195.0 23349.0 4.0
177272.0 23328.0 4.0
177898.0 23435.0 4.0
178175.0 23509.0 4.0
178459.0 23535.0 4.0
179313.0 23651.0 4.0
179777.0 23685.0 4.0
180207.0 23736.0 4.0
180941.0 23857.0 4.0
181797.0 23958.0 4.0
181799.0 23949.0 4.0
182673.0 24030.0 4.0
182757.0 24066.0 4.0
183657.0 24211.0 4.0
183880.0 24255.0 4.0
184368.0 24312.0 4.0
185927.0 24504.0 4.0
185938.0 24474.0 4.0
186055.0 24496.0 4.0
186280.0 24540.0 4.0
186644.0 24614.0 4.0
186939.0 24647.0 4.0
188516.0 24811.0 4.0
189145.0 24919.0 4.0
189286.0 24920.0 4.0
189728.0 25027.0 4.0
189829.0 24988.0 4.0
189968.0 25005.0 4.0
190641.0 25156.0 4.0
191372.0 25242.0 4.0
191590.0 25251.0 4.0
191889.0 25310.0 4.0
191959.0 25307.0 4.0
192508.0 25389.0 4.0
193209.0 25448.0 4.0
193295.0 25511.0 4.0
193834.0 25520.0 4.0
195377.0 25738.0 4.0
195641.0 25796.0 4.0
196509.0 25924.0 4.0
196781.0 25933.0 4.0
197089.0 26012.0 4.0
197393.0 26011.0 4.0
198090.0 26092.0 4.0
198717.0 26198.0 4.0
200415.0 26415.0 4.0
200712.0 26432.0 4.0
200827.0 26437.0 4.0
200857.0 26447.0 4.0
201170.0 26493.0 4.0
201173.0 26486.0 4.0
202060.0 26614.0 4.0
202790.0 26686.0 4.0
203446.0 26833.0 4.0
204607.0 26987.0 4.0
204962.0 27041.0 4.0
205431.0 27108.0 4.0
205575.0 27100.0 4.0
205727.0 27110.0 4.0
207604.0 27337.0 4.0
207872.0 27408.0 4.0
207942.0 27438.0 4.0
208214.0 27439.0 4.0
209516.0 27569.0 4.0
210120.0 27701.0 4.0
210857.0 27764.0 4.0
214464.0 28241.0 4.0
214543.0 28317.0 4.0
217812.0 28669.0 4.0
218933.0 28829.0 4.0
219442.0 28914.0 4.0
219500.0 28950.0 4.0
220095.0 29032.0 4.0
220430.0 29068.0 4.0
221204.0 29118.0 4.0
221321.0 29182.0 4.0
223189.0 29451.0 4.0
223281.0 29452.0 4.0
223465.0 29438.0 4.0
224421.0 29544.0 4.0
225635.0 29685.0 4.0
233118.0 30744.0 4.0
242631.0 31980.0 4.0
248249.0 32678.0 4.0
