rev4
3.1422258E7 4140151.0 4.0
3.2114962E7 4231355.0 4.0
3.2469402E7 4278595.0 4.0
3.2751135E7 4315549.0 4.0
3.2830134E7 4326300.0 4.0
3.3070771E7 4357994.0 4.0
3.308432E7 4359316.0 4.0
3.3091676E7 4359663.0 4.0
3.3124716E7 4364828.0 4.0
3.3151314E7 4368181.0 4.0
3.3419912E7 4404251.0 4.0
3.3440113E7 4406657.0 4.0
3.3468691E7 4410003.0 4.0
3.3484847E7 4412245.0 4.0
3.3519287E7 4417008.0 4.0
3.3593199E7 4426610.0 4.0
3.3643337E7 4433413.0 4.0
3.376029E7 4448584.0 4.0
3.3910225E7 4468015.0 4.0
3.3912191E7 4468212.0 4.0
3.3955511E7 4474207.0 4.0
3.3981525E7 4477439.0 4.0
3.412742E7 4496698.0 4.0
3.4200364E7 4506967.0 4.0
3.4207216E7 4506784.0 4.0
3.4207576E7 4507264.0 4.0
3.4256274E7 4513429.0 4.0
3.425738E7 4513966.0 4.0
3.4525895E7 4549396.0 4.0
3.4667086E7 4567549.0 4.0
3.4685552E7 4570480.0 4.0
3.489005E7 4597168.0 4.0
3.4958807E7 4606676.0 4.0
3.507809E7 4622089.0 4.0
3.5129563E7 4629264.0 4.0
3.5164879E7 4633094.0 4.0
3.5165818E7 4634103.0 4.0
3.5185305E7 4636121.0 4.0
3.5307553E7 4652797.0 4.0
3.5308374E7 4652693.0 4.0
3.5341183E7 4656573.0 4.0
3.5385991E7 4662762.0 4.0
3.5456951E7 4672452.0 4.0
3.5457467E7 4671977.0 4.0
3.5527237E7 4681065.0 4.0
3.5569975E7 4686967.0 4.0
3.5572421E7 4687409.0 4.0
3.5710088E7 4704789.0 4.0
3.5738865E7 4708709.0 4.0
3.5770107E7 4713835.0 4.0
3.585434E7 4724317.0 4.0
3.5860785E7 4724734.0 4.0
3.5936361E7 4735354.0 4.0
3.5979467E7 4741449.0 4.0
3.6033217E7 4748754.0 4.0
3.6053094E7 4750867.0 4.0
3.6134688E7 4760570.0 4.0
3.6142564E7 4762271.0 4.0
3.6404218E7 4796779.0 4.0
3.6447031E7 4802889.0 4.0
3.6566861E7 4817970.0 4.0
3.6721543E7 4838814.0 4.0
3.6882436E7 4859632.0 4.0
3.7213283E7 4903386.0 4.0
3.7237075E7 4906654.0 4.0
3.737669E7 4925914.0 4.0
3.7417133E7 4930153.0 4.0
3.7434207E7 4932311.0 4.0
3.7531833E7 4945588.0 4.0
3.7533568E7 4946016.0 4.0
3.7571849E7 4950717.0 4.0
3.7737075E7 4972896.0 4.0
3.7790692E7 4979492.0 4.0
3.7846884E7 4987454.0 4.0
3.8135264E7 5025069.0 4.0
3.8154074E7 5027520.0 4.0
3.8336605E7 5051791.0 4.0
3.8511022E7 5074871.0 4.0
3.8764366E7 5108286.0 4.0
3.8872018E7 5122027.0 4.0
3.9747417E7 5236685.0 4.0
3.9863237E7 5252679.0 4.0
3.9869069E7 5253219.0 4.0
4.0031606E7 5275231.0 4.0
4.0078485E7 5281064.0 4.0
4.0118486E7 5286823.0 4.0
4.0374316E7 5319816.0 4.0
4.0924235E7 5392537.0 4.0
4.0974365E7 5398749.0 4.0
4.1048381E7 5408074.0 4.0
4.1821685E7 5510174.0 4.0
4.1883339E7 5519779.0 4.0
4.2191304E7 5559566.0 4.0
4.2951288E7 5659487.0 4.0
4.3484918E7 5729710.0 4.0
4.386285E7 5779675.0 4.0
4.3962719E7 5792027.0 4.0
4.4499163E7 5863135.0 4.0
4.5445441E7 5988338.0 4.0
5.2187964E7 6876570.0 4.0
