rev4
6513.0 863.0 4.0
6877.0 913.0 4.0
6938.0 908.0 4.0
6983.0 924.0 4.0
7100.0 929.0 4.0
7129.0 935.0 4.0
7191.0 952.0 4.0
7264.0 955.0 4.0
7361.0 966.0 4.0
7471.0 980.0 4.0
7492.0 983.0 4.0
7537.0 999.0 4.0
7629.0 1006.0 4.0
7711.0 1021.0 4.0
7754.0 1024.0 4.0
7766.0 1023.0 4.0
7766.0 1019.0 4.0
7767.0 1025.0 4.0
7781.0 1019.0 4.0
7795.0 1031.0 4.0
7817.0 1015.0 4.0
7971.0 1045.0 4.0
8008.0 1055.0 4.0
8023.0 1062.0 4.0
8040.0 1061.0 4.0
8052.0 1069.0 4.0
8063.0 1069.0 4.0
8092.0 1074.0 4.0
8118.0 1067.0 4.0
8120.0 1072.0 4.0
8143.0 1073.0 4.0
8259.0 1093.0 4.0
8277.0 1089.0 4.0
8279.0 1087.0 4.0
8284.0 1096.0 4.0
8307.0 1098.0 4.0
8362.0 1094.0 4.0
8400.0 1119.0 4.0
8426.0 1108.0 4.0
8508.0 1124.0 4.0
8557.0 1124.0 4.0
8584.0 1127.0 4.0
8591.0 1134.0 4.0
8619.0 1134.0 4.0
8622.0 1140.0 4.0
8686.0 1141.0 4.0
8690.0 1139.0 4.0
8741.0 1157.0 4.0
8748.0 1154.0 4.0
8764.0 1158.0 4.0
8881.0 1171.0 4.0
8907.0 1174.0 4.0
8920.0 1185.0 4.0
8959.0 1193.0 4.0
9061.0 1193.0 4.0
9108.0 1201.0 4.0
9119.0 1204.0 4.0
9186.0 1208.0 4.0
9201.0 1218.0 4.0
9288.0 1225.0 4.0
9348.0 1222.0 4.0
9402.0 1237.0 4.0
9407.0 1237.0 4.0
9433.0 1242.0 4.0
9450.0 1238.0 4.0
9456.0 1253.0 4.0
9497.0 1252.0 4.0
9603.0 1272.0 4.0
9677.0 1271.0 4.0
9814.0 1295.0 4.0
9880.0 1307.0 4.0
9968.0 1316.0 4.0
9994.0 1318.0 4.0
10060.0 1331.0 4.0
10148.0 1338.0 4.0
10174.0 1346.0 4.0
10204.0 1351.0 4.0
10263.0 1360.0 4.0
10285.0 1358.0 4.0
10385.0 1370.0 4.0
10580.0 1389.0 4.0
10916.0 1442.0 4.0
10931.0 1449.0 4.0
10959.0 1445.0 4.0
11153.0 1464.0 4.0
11453.0 1504.0 4.0
11458.0 1520.0 4.0
11461.0 1518.0 4.0
11627.0 1532.0 4.0
11733.0 1545.0 4.0
11737.0 1560.0 4.0
11742.0 1558.0 4.0
12210.0 1613.0 4.0
12236.0 1597.0 4.0
12569.0 1656.0 4.0
12574.0 1654.0 4.0
13571.0 1795.0 4.0
13606.0 1795.0 4.0
14714.0 1932.0 4.0
14865.0 1959.0 4.0
