rev4
3062.0 407.0 4.0
3160.0 420.0 4.0
3178.0 419.0 4.0
3212.0 428.0 4.0
3216.0 428.0 4.0
3259.0 431.0 4.0
3453.0 458.0 4.0
3457.0 460.0 4.0
3463.0 463.0 4.0
3486.0 455.0 4.0
3517.0 464.0 4.0
3520.0 467.0 4.0
3544.0 472.0 4.0
3546.0 471.0 4.0
3570.0 473.0 4.0
3591.0 477.0 4.0
3604.0 475.0 4.0
3613.0 476.0 4.0
3616.0 475.0 4.0
3622.0 478.0 4.0
3635.0 481.0 4.0
3683.0 487.0 4.0
3719.0 491.0 4.0
3814.0 506.0 4.0
3853.0 503.0 4.0
3856.0 505.0 4.0
3879.0 514.0 4.0
3880.0 513.0 4.0
3881.0 512.0 4.0
3907.0 512.0 4.0
3924.0 515.0 4.0
3945.0 519.0 4.0
3956.0 526.0 4.0
3976.0 528.0 4.0
3980.0 525.0 4.0
3997.0 522.0 4.0
3998.0 527.0 4.0
4010.0 532.0 4.0
4015.0 534.0 4.0
4017.0 522.0 4.0
4018.0 530.0 4.0
4024.0 529.0 4.0
4036.0 538.0 4.0
4038.0 531.0 4.0
4044.0 532.0 4.0
4056.0 536.0 4.0
4075.0 537.0 4.0
4081.0 538.0 4.0
4096.0 539.0 4.0
4145.0 550.0 4.0
4148.0 552.0 4.0
4175.0 557.0 4.0
4179.0 553.0 4.0
4193.0 560.0 4.0
4211.0 555.0 4.0
4261.0 562.0 4.0
4273.0 565.0 4.0
4282.0 562.0 4.0
4287.0 566.0 4.0
4314.0 567.0 4.0
4396.0 578.0 4.0
4405.0 582.0 4.0
4443.0 586.0 4.0
4449.0 584.0 4.0
4486.0 592.0 4.0
4495.0 594.0 4.0
4554.0 599.0 4.0
4559.0 604.0 4.0
4576.0 598.0 4.0
4595.0 610.0 4.0
4609.0 601.0 4.0
4638.0 610.0 4.0
4673.0 619.0 4.0
4697.0 616.0 4.0
4713.0 619.0 4.0
4717.0 616.0 4.0
4737.0 625.0 4.0
4775.0 635.0 4.0
4812.0 640.0 4.0
4825.0 635.0 4.0
4865.0 640.0 4.0
4926.0 650.0 4.0
4952.0 646.0 4.0
5078.0 666.0 4.0
5080.0 673.0 4.0
5169.0 683.0 4.0
5259.0 696.0 4.0
5273.0 696.0 4.0
5438.0 713.0 4.0
5512.0 730.0 4.0
5516.0 732.0 4.0
5643.0 735.0 4.0
5803.0 770.0 4.0
5930.0 777.0 4.0
5936.0 786.0 4.0
6011.0 789.0 4.0
6106.0 810.0 4.0
6152.0 806.0 4.0
6195.0 814.0 4.0
6614.0 873.0 4.0
