rev4
7227059.0 952337.0 4.0
7285021.0 960201.0 4.0
7308729.0 963284.0 4.0
7357598.0 969414.0 4.0
7417345.0 977277.0 4.0
7429909.0 978997.0 4.0
7441216.0 980447.0 4.0
7450941.0 981713.0 4.0
7467447.0 983902.0 4.0
7491202.0 987045.0 4.0
7522180.0 990813.0 4.0
7604800.0 1002121.0 4.0
7605009.0 1002019.0 4.0
7614864.0 1003198.0 4.0
7707591.0 1015858.0 4.0
7730088.0 1018503.0 4.0
7739529.0 1019749.0 4.0
7777834.0 1025080.0 4.0
7788856.0 1026367.0 4.0
7848244.0 1034247.0 4.0
7852278.0 1034596.0 4.0
7871394.0 1037344.0 4.0
7883827.0 1038714.0 4.0
7896103.0 1040371.0 4.0
7904107.0 1041460.0 4.0
7913573.0 1042860.0 4.0
8067197.0 1063115.0 4.0
8067352.0 1062704.0 4.0
8080622.0 1064622.0 4.0
8083775.0 1064992.0 4.0
8091376.0 1066140.0 4.0
8093451.0 1066576.0 4.0
8102918.0 1067846.0 4.0
8108921.0 1068439.0 4.0
8125039.0 1070397.0 4.0
8127580.0 1070613.0 4.0
8131173.0 1071470.0 4.0
8156095.0 1074788.0 4.0
8162974.0 1075701.0 4.0
8189269.0 1078956.0 4.0
8200368.0 1080669.0 4.0
8200637.0 1080729.0 4.0
8211894.0 1082135.0 4.0
8225961.0 1083796.0 4.0
8231001.0 1084416.0 4.0
8290379.0 1092683.0 4.0
8296556.0 1093163.0 4.0
8342046.0 1099078.0 4.0
8346997.0 1099950.0 4.0
8358772.0 1101555.0 4.0
8367657.0 1102529.0 4.0
8375758.0 1103372.0 4.0
8389625.0 1105392.0 4.0
8390297.0 1105711.0 4.0
8400969.0 1106964.0 4.0
8416917.0 1109160.0 4.0
8460881.0 1114892.0 4.0
8480382.0 1117657.0 4.0
8497121.0 1119604.0 4.0
8504438.0 1120967.0 4.0
8509342.0 1121384.0 4.0
8520312.0 1122812.0 4.0
8533765.0 1124414.0 4.0
8535662.0 1124672.0 4.0
8551258.0 1127027.0 4.0
8562703.0 1128120.0 4.0
8563079.0 1128303.0 4.0
8566238.0 1128851.0 4.0
8567489.0 1128819.0 4.0
8571365.0 1129344.0 4.0
8581549.0 1130805.0 4.0
8629718.0 1137128.0 4.0
8683400.0 1144054.0 4.0
8712815.0 1148107.0 4.0
8766402.0 1155116.0 4.0
8767807.0 1155400.0 4.0
8771175.0 1155818.0 4.0
8787527.0 1157706.0 4.0
8792110.0 1158520.0 4.0
8885767.0 1170947.0 4.0
8919642.0 1175339.0 4.0
8976071.0 1183068.0 4.0
9000925.0 1186198.0 4.0
9013434.0 1187934.0 4.0
9117554.0 1201346.0 4.0
9188150.0 1210590.0 4.0
9215439.0 1214452.0 4.0
9365674.0 1234081.0 4.0
9393501.0 1237924.0 4.0
9426857.0 1241851.0 4.0
9553212.0 1258873.0 4.0
9601027.0 1264902.0 4.0
9613677.0 1266945.0 4.0
9786623.0 1289593.0 4.0
9850229.0 1297590.0 4.0
9870592.0 1300762.0 4.0
9895950.0 1303788.0 4.0
1.0448704E7 1376575.0 4.0
1.0493569E7 1382947.0 4.0
1.0876394E7 1433292.0 4.0
