rev4
173536.0 22853.0 4.0
176377.0 23243.0 4.0
176482.0 23275.0 4.0
177927.0 23462.0 4.0
178569.0 23536.0 4.0
179510.0 23650.0 4.0
184222.0 24313.0 4.0
185009.0 24389.0 4.0
185776.0 24483.0 4.0
185900.0 24510.0 4.0
186680.0 24610.0 4.0
187807.0 24726.0 4.0
188873.0 24878.0 4.0
189244.0 24907.0 4.0
189731.0 25040.0 4.0
190039.0 25050.0 4.0
190450.0 25078.0 4.0
191227.0 25166.0 4.0
192002.0 25296.0 4.0
192233.0 25321.0 4.0
192637.0 25401.0 4.0
192812.0 25416.0 4.0
193134.0 25428.0 4.0
193788.0 25552.0 4.0
194729.0 25677.0 4.0
195441.0 25755.0 4.0
197982.0 26103.0 4.0
198152.0 26074.0 4.0
198408.0 26164.0 4.0
199812.0 26310.0 4.0
200685.0 26449.0 4.0
200806.0 26470.0 4.0
201269.0 26522.0 4.0
201561.0 26542.0 4.0
203328.0 26764.0 4.0
203362.0 26813.0 4.0
203369.0 26813.0 4.0
203580.0 26806.0 4.0
203638.0 26830.0 4.0
203938.0 26880.0 4.0
204555.0 26951.0 4.0
204556.0 26993.0 4.0
204648.0 26964.0 4.0
205084.0 27030.0 4.0
205172.0 27013.0 4.0
205283.0 27087.0 4.0
205349.0 27054.0 4.0
205582.0 27082.0 4.0
205841.0 27135.0 4.0
207403.0 27335.0 4.0
207682.0 27360.0 4.0
208207.0 27420.0 4.0
208484.0 27524.0 4.0
209763.0 27631.0 4.0
210362.0 27704.0 4.0
210669.0 27772.0 4.0
210727.0 27805.0 4.0
211621.0 27929.0 4.0
212052.0 27904.0 4.0
212460.0 27936.0 4.0
214347.0 28265.0 4.0
214584.0 28234.0 4.0
216239.0 28530.0 4.0
217378.0 28616.0 4.0
218171.0 28773.0 4.0
218488.0 28809.0 4.0
218742.0 28827.0 4.0
219699.0 28973.0 4.0
219998.0 28991.0 4.0
220046.0 28988.0 4.0
220075.0 28992.0 4.0
221606.0 29207.0 4.0
221750.0 29238.0 4.0
222123.0 29272.0 4.0
223258.0 29407.0 4.0
223543.0 29492.0 4.0
224715.0 29604.0 4.0
224895.0 29626.0 4.0
227420.0 29942.0 4.0
228375.0 30110.0 4.0
228740.0 30156.0 4.0
228753.0 30151.0 4.0
229735.0 30246.0 4.0
232365.0 30639.0 4.0
234147.0 30823.0 4.0
234252.0 30871.0 4.0
234702.0 30908.0 4.0
235373.0 30978.0 4.0
236399.0 31120.0 4.0
236845.0 31211.0 4.0
242220.0 31896.0 4.0
242732.0 31971.0 4.0
243759.0 32137.0 4.0
244736.0 32213.0 4.0
244761.0 32235.0 4.0
250360.0 32983.0 4.0
257065.0 33824.0 4.0
257540.0 33904.0 4.0
257937.0 34002.0 4.0
316549.0 41690.0 4.0
