rev4
1.5341261E7 2021523.0 4.0
1.5572766E7 2051898.0 4.0
1.5933138E7 2099037.0 4.0
1.5999097E7 2107863.0 4.0
1.6126661E7 2125156.0 4.0
1.6157027E7 2128886.0 4.0
1.6163813E7 2129909.0 4.0
1.6242166E7 2139921.0 4.0
1.6283301E7 2145833.0 4.0
1.636947E7 2156754.0 4.0
1.6427632E7 2164693.0 4.0
1.6483969E7 2171950.0 4.0
1.6513663E7 2175926.0 4.0
1.6547336E7 2180336.0 4.0
1.6553811E7 2181207.0 4.0
1.6577326E7 2184000.0 4.0
1.6759252E7 2208479.0 4.0
1.6768313E7 2209889.0 4.0
1.6809446E7 2214876.0 4.0
1.6818851E7 2216143.0 4.0
1.682622E7 2217057.0 4.0
1.6849612E7 2220312.0 4.0
1.6865246E7 2221885.0 4.0
1.6871825E7 2223130.0 4.0
1.687555E7 2223734.0 4.0
1.6885823E7 2225308.0 4.0
1.693461E7 2231357.0 4.0
1.6951759E7 2233744.0 4.0
1.7003686E7 2240690.0 4.0
1.7027691E7 2243892.0 4.0
1.7050759E7 2246714.0 4.0
1.7074254E7 2250064.0 4.0
1.7101203E7 2253963.0 4.0
1.7139691E7 2258219.0 4.0
1.7198158E7 2266043.0 4.0
1.7259323E7 2274099.0 4.0
1.7433234E7 2296905.0 4.0
1.744269E7 2297909.0 4.0
1.7454782E7 2299857.0 4.0
1.7470158E7 2302257.0 4.0
1.7471338E7 2302048.0 4.0
1.7494557E7 2305225.0 4.0
1.7543043E7 2311433.0 4.0
1.7548346E7 2312683.0 4.0
1.7612027E7 2320480.0 4.0
1.7620047E7 2321749.0 4.0
1.768474E7 2330469.0 4.0
1.7715203E7 2334571.0 4.0
1.7717234E7 2334470.0 4.0
1.7813711E7 2347477.0 4.0
1.7902634E7 2359040.0 4.0
1.7902905E7 2359153.0 4.0
1.7915276E7 2360234.0 4.0
1.7918473E7 2361007.0 4.0
1.7996147E7 2371390.0 4.0
1.8066749E7 2380889.0 4.0
1.8082956E7 2382922.0 4.0
1.8106264E7 2385565.0 4.0
1.813661E7 2389895.0 4.0
1.8185087E7 2396180.0 4.0
1.8282424E7 2408607.0 4.0
1.8362213E7 2419617.0 4.0
1.8373404E7 2420810.0 4.0
1.8391602E7 2423462.0 4.0
1.8402612E7 2424864.0 4.0
1.8415123E7 2426433.0 4.0
1.8430438E7 2428374.0 4.0
1.863497E7 2455164.0 4.0
1.8670649E7 2460082.0 4.0
1.8751873E7 2471062.0 4.0
1.8802334E7 2477206.0 4.0
1.8878984E7 2487691.0 4.0
1.8915343E7 2492334.0 4.0
1.8988719E7 2502070.0 4.0
1.9080619E7 2514074.0 4.0
1.915172E7 2523680.0 4.0
1.9175337E7 2526812.0 4.0
1.9227503E7 2533504.0 4.0
1.9309772E7 2544239.0 4.0
1.9341876E7 2548538.0 4.0
1.9378647E7 2553668.0 4.0
1.9460081E7 2564604.0 4.0
1.9523556E7 2572908.0 4.0
1.9615044E7 2584772.0 4.0
1.9670869E7 2592229.0 4.0
1.9783499E7 2607047.0 4.0
1.9785822E7 2607218.0 4.0
1.9788304E7 2607515.0 4.0
1.9830346E7 2613058.0 4.0
1.9885446E7 2620174.0 4.0
1.9936052E7 2627165.0 4.0
1.998079E7 2633190.0 4.0
2.0048022E7 2641312.0 4.0
2.0321086E7 2677624.0 4.0
2.0590945E7 2713174.0 4.0
2.0618558E7 2717093.0 4.0
2.1215074E7 2795313.0 4.0
2.1357894E7 2814227.0 4.0
2.1385377E7 2817755.0 4.0
2.1421143E7 2822805.0 4.0
