rev4
550.0 73.0 4.0
737.0 99.0 4.0
807.0 105.0 4.0
807.0 108.0 4.0
818.0 108.0 4.0
825.0 109.0 4.0
830.0 108.0 4.0
840.0 111.0 4.0
850.0 113.0 4.0
861.0 113.0 4.0
872.0 115.0 4.0
890.0 116.0 4.0
893.0 118.0 4.0
919.0 119.0 4.0
920.0 121.0 4.0
921.0 123.0 4.0
922.0 124.0 4.0
923.0 122.0 4.0
936.0 126.0 4.0
940.0 124.0 4.0
950.0 126.0 4.0
967.0 126.0 4.0
972.0 130.0 4.0
998.0 130.0 4.0
1003.0 133.0 4.0
1006.0 134.0 4.0
1006.0 135.0 4.0
1007.0 132.0 4.0
1008.0 134.0 4.0
1015.0 134.0 4.0
1019.0 135.0 4.0
1024.0 138.0 4.0
1027.0 137.0 4.0
1035.0 136.0 4.0
1036.0 138.0 4.0
1038.0 138.0 4.0
1047.0 137.0 4.0
1063.0 139.0 4.0
1065.0 140.0 4.0
1066.0 140.0 4.0
1070.0 142.0 4.0
1073.0 143.0 4.0
1078.0 143.0 4.0
1081.0 146.0 4.0
1091.0 143.0 4.0
1096.0 146.0 4.0
1100.0 145.0 4.0
1102.0 146.0 4.0
1105.0 145.0 4.0
1111.0 147.0 4.0
1115.0 148.0 4.0
1119.0 150.0 4.0
1123.0 150.0 4.0
1129.0 148.0 4.0
1131.0 149.0 4.0
1131.0 151.0 4.0
1138.0 153.0 4.0
1143.0 151.0 4.0
1145.0 152.0 4.0
1149.0 152.0 4.0
1150.0 152.0 4.0
1161.0 153.0 4.0
1162.0 152.0 4.0
1167.0 155.0 4.0
1171.0 155.0 4.0
1173.0 154.0 4.0
1180.0 152.0 4.0
1182.0 156.0 4.0
1183.0 156.0 4.0
1186.0 156.0 4.0
1197.0 159.0 4.0
1208.0 158.0 4.0
1217.0 160.0 4.0
1221.0 159.0 4.0
1237.0 165.0 4.0
1237.0 164.0 4.0
1258.0 168.0 4.0
1299.0 171.0 4.0
1299.0 172.0 4.0
1309.0 173.0 4.0
1322.0 174.0 4.0
1325.0 172.0 4.0
1368.0 183.0 4.0
1378.0 184.0 4.0
1395.0 180.0 4.0
1416.0 189.0 4.0
1426.0 191.0 4.0
1445.0 192.0 4.0
1445.0 189.0 4.0
1448.0 191.0 4.0
1464.0 193.0 4.0
1469.0 194.0 4.0
1473.0 200.0 4.0
1486.0 195.0 4.0
1544.0 204.0 4.0
1544.0 208.0 4.0
1549.0 205.0 4.0
1566.0 204.0 4.0
1675.0 222.0 4.0
1874.0 248.0 4.0
