rev4
7409940.0 976512.0 4.0
7549174.0 994846.0 4.0
7632799.0 1005621.0 4.0
7634295.0 1005914.0 4.0
7652177.0 1008342.0 4.0
7690455.0 1013301.0 4.0
7732361.0 1018812.0 4.0
7761183.0 1022473.0 4.0
7763336.0 1023032.0 4.0
7854453.0 1034967.0 4.0
7869046.0 1036884.0 4.0
7873130.0 1037149.0 4.0
7875179.0 1037624.0 4.0
7905940.0 1041785.0 4.0
7910861.0 1042245.0 4.0
7950409.0 1047501.0 4.0
7951323.0 1047587.0 4.0
8019591.0 1056769.0 4.0
8078491.0 1064389.0 4.0
8088054.0 1065707.0 4.0
8096715.0 1067020.0 4.0
8104472.0 1067888.0 4.0
8116002.0 1069353.0 4.0
8121504.0 1070171.0 4.0
8129496.0 1071300.0 4.0
8143751.0 1073240.0 4.0
8149656.0 1073690.0 4.0
8155007.0 1074328.0 4.0
8177390.0 1077503.0 4.0
8183119.0 1078262.0 4.0
8187813.0 1078876.0 4.0
8199076.0 1080313.0 4.0
8200425.0 1080362.0 4.0
8207821.0 1081519.0 4.0
8248769.0 1086897.0 4.0
8254694.0 1087507.0 4.0
8267160.0 1089096.0 4.0
8281060.0 1091064.0 4.0
8303588.0 1093937.0 4.0
8313921.0 1095463.0 4.0
8322915.0 1096864.0 4.0
8326435.0 1097094.0 4.0
8331907.0 1097697.0 4.0
8365141.0 1102258.0 4.0
8384611.0 1104914.0 4.0
8420397.0 1109475.0 4.0
8465691.0 1115496.0 4.0
8477071.0 1116929.0 4.0
8477745.0 1116853.0 4.0
8486715.0 1118491.0 4.0
8499946.0 1120029.0 4.0
8519415.0 1122693.0 4.0
8533166.0 1124479.0 4.0
8541696.0 1125502.0 4.0
8563005.0 1128535.0 4.0
8569565.0 1129220.0 4.0
8603126.0 1133601.0 4.0
8621786.0 1136000.0 4.0
8625504.0 1136398.0 4.0
8630125.0 1137216.0 4.0
8639445.0 1138358.0 4.0
8642192.0 1138929.0 4.0
8648945.0 1139723.0 4.0
8656117.0 1140541.0 4.0
8696017.0 1145713.0 4.0
8724520.0 1149762.0 4.0
8731649.0 1150393.0 4.0
8745701.0 1152242.0 4.0
8756806.0 1153736.0 4.0
8839296.0 1165035.0 4.0
8939897.0 1178125.0 4.0
8968893.0 1181853.0 4.0
9034439.0 1190479.0 4.0
9058481.0 1193459.0 4.0
9077603.0 1196070.0 4.0
9123944.0 1202190.0 4.0
9181992.0 1209679.0 4.0
9187993.0 1210560.0 4.0
9188175.0 1210682.0 4.0
9248563.0 1218649.0 4.0
9300282.0 1225498.0 4.0
9353941.0 1232510.0 4.0
9367213.0 1234300.0 4.0
9402086.0 1238898.0 4.0
9426881.0 1242101.0 4.0
9451527.0 1245445.0 4.0
9564651.0 1260315.0 4.0
9582367.0 1262855.0 4.0
9679082.0 1275478.0 4.0
9894632.0 1303692.0 4.0
9909795.0 1305816.0 4.0
9979028.0 1314699.0 4.0
1.0302503E7 1357422.0 4.0
1.0316019E7 1359059.0 4.0
1.0324549E7 1360303.0 4.0
1.0412089E7 1371558.0 4.0
1.051693E7 1385768.0 4.0
1.0554906E7 1390893.0 4.0
1.0825498E7 1426305.0 4.0
1.248221E7 1644922.0 4.0
