rev4
34348.0 4534.0 4.0
37347.0 4922.0 4.0
38075.0 5012.0 4.0
38334.0 5054.0 4.0
38689.0 5104.0 4.0
39155.0 5146.0 4.0
39214.0 5168.0 4.0
39667.0 5223.0 4.0
40262.0 5292.0 4.0
40617.0 5350.0 4.0
40840.0 5400.0 4.0
40930.0 5384.0 4.0
41039.0 5413.0 4.0
41084.0 5405.0 4.0
41478.0 5467.0 4.0
41503.0 5482.0 4.0
41834.0 5522.0 4.0
41859.0 5535.0 4.0
41906.0 5522.0 4.0
42193.0 5564.0 4.0
42388.0 5582.0 4.0
42624.0 5625.0 4.0
43004.0 5682.0 4.0
43143.0 5693.0 4.0
43185.0 5673.0 4.0
43240.0 5677.0 4.0
43342.0 5697.0 4.0
43363.0 5703.0 4.0
43437.0 5719.0 4.0
43706.0 5738.0 4.0
43819.0 5793.0 4.0
43847.0 5781.0 4.0
44286.0 5833.0 4.0
44497.0 5859.0 4.0
44884.0 5922.0 4.0
44972.0 5922.0 4.0
45022.0 5926.0 4.0
45215.0 5961.0 4.0
45523.0 6009.0 4.0
45560.0 6008.0 4.0
45597.0 6017.0 4.0
45638.0 6010.0 4.0
45660.0 6008.0 4.0
45714.0 6031.0 4.0
45735.0 6034.0 4.0
45934.0 6052.0 4.0
45941.0 6053.0 4.0
46183.0 6095.0 4.0
46200.0 6079.0 4.0
46620.0 6159.0 4.0
47146.0 6213.0 4.0
47290.0 6256.0 4.0
47329.0 6240.0 4.0
47339.0 6246.0 4.0
47446.0 6249.0 4.0
47475.0 6251.0 4.0
47495.0 6266.0 4.0
47544.0 6264.0 4.0
47559.0 6281.0 4.0
47565.0 6283.0 4.0
47651.0 6267.0 4.0
48105.0 6341.0 4.0
48495.0 6396.0 4.0
48534.0 6412.0 4.0
48566.0 6404.0 4.0
48658.0 6419.0 4.0
48832.0 6421.0 4.0
49145.0 6492.0 4.0
49235.0 6501.0 4.0
49590.0 6553.0 4.0
49815.0 6570.0 4.0
49981.0 6596.0 4.0
50352.0 6660.0 4.0
50465.0 6646.0 4.0
50589.0 6665.0 4.0
50673.0 6683.0 4.0
51489.0 6789.0 4.0
52016.0 6860.0 4.0
52272.0 6881.0 4.0
52499.0 6905.0 4.0
52547.0 6908.0 4.0
52880.0 6940.0 4.0
53181.0 7019.0 4.0
53314.0 7001.0 4.0
53942.0 7104.0 4.0
54053.0 7117.0 4.0
55417.0 7308.0 4.0
55553.0 7321.0 4.0
55951.0 7371.0 4.0
56643.0 7474.0 4.0
56782.0 7482.0 4.0
57334.0 7562.0 4.0
58073.0 7645.0 4.0
58685.0 7741.0 4.0
60663.0 7976.0 4.0
60684.0 7992.0 4.0
61961.0 8154.0 4.0
65360.0 8612.0 4.0
69383.0 9179.0 4.0
78186.0 10298.0 4.0
