rev4
78637.0 10368.0 4.0
80327.0 10606.0 4.0
81519.0 10724.0 4.0
82236.0 10838.0 4.0
82382.0 10825.0 4.0
84244.0 11081.0 4.0
84650.0 11158.0 4.0
85360.0 11251.0 4.0
85853.0 11286.0 4.0
85983.0 11305.0 4.0
86792.0 11468.0 4.0
87323.0 11523.0 4.0
87915.0 11614.0 4.0
88039.0 11600.0 4.0
88529.0 11669.0 4.0
89561.0 11785.0 4.0
89933.0 11831.0 4.0
90309.0 11922.0 4.0
90339.0 11917.0 4.0
90842.0 11968.0 4.0
90895.0 11976.0 4.0
91642.0 12056.0 4.0
91841.0 12097.0 4.0
92061.0 12128.0 4.0
92087.0 12158.0 4.0
92942.0 12260.0 4.0
92992.0 12257.0 4.0
93162.0 12277.0 4.0
93467.0 12303.0 4.0
93610.0 12326.0 4.0
93618.0 12331.0 4.0
93706.0 12352.0 4.0
93760.0 12352.0 4.0
94001.0 12389.0 4.0
94152.0 12402.0 4.0
94193.0 12422.0 4.0
94348.0 12443.0 4.0
94370.0 12436.0 4.0
94397.0 12449.0 4.0
94466.0 12431.0 4.0
95099.0 12515.0 4.0
95305.0 12546.0 4.0
95702.0 12626.0 4.0
95730.0 12595.0 4.0
96142.0 12661.0 4.0
96198.0 12686.0 4.0
96296.0 12710.0 4.0
96566.0 12715.0 4.0
97397.0 12823.0 4.0
97635.0 12849.0 4.0
97959.0 12883.0 4.0
98064.0 12915.0 4.0
98245.0 12931.0 4.0
98390.0 12982.0 4.0
98660.0 12994.0 4.0
99347.0 13098.0 4.0
99553.0 13133.0 4.0
99918.0 13152.0 4.0
99949.0 13154.0 4.0
100001.0 13196.0 4.0
100220.0 13225.0 4.0
101320.0 13337.0 4.0
101539.0 13376.0 4.0
101821.0 13434.0 4.0
101938.0 13411.0 4.0
102047.0 13414.0 4.0
102305.0 13484.0 4.0
102363.0 13496.0 4.0
102837.0 13526.0 4.0
102993.0 13591.0 4.0
103193.0 13592.0 4.0
103248.0 13593.0 4.0
103712.0 13678.0 4.0
104154.0 13714.0 4.0
104283.0 13751.0 4.0
104714.0 13799.0 4.0
104846.0 13853.0 4.0
105441.0 13865.0 4.0
105880.0 13974.0 4.0
105927.0 13972.0 4.0
107263.0 14148.0 4.0
107312.0 14144.0 4.0
107440.0 14130.0 4.0
108193.0 14253.0 4.0
108391.0 14271.0 4.0
108785.0 14346.0 4.0
109046.0 14381.0 4.0
111612.0 14696.0 4.0
111643.0 14703.0 4.0
111823.0 14732.0 4.0
112870.0 14869.0 4.0
114271.0 15056.0 4.0
115388.0 15219.0 4.0
115453.0 15231.0 4.0
115643.0 15236.0 4.0
115947.0 15279.0 4.0
117418.0 15471.0 4.0
118624.0 15639.0 4.0
127647.0 16841.0 4.0
141781.0 18700.0 4.0
