rev4
787283.0 103752.0 4.0
791472.0 104293.0 4.0
799134.0 105366.0 4.0
807147.0 106268.0 4.0
812650.0 107130.0 4.0
816453.0 107570.0 4.0
818527.0 107856.0 4.0
821575.0 108236.0 4.0
823988.0 108628.0 4.0
824722.0 108619.0 4.0
836755.0 110233.0 4.0
837211.0 110295.0 4.0
841163.0 110853.0 4.0
843909.0 111223.0 4.0
846079.0 111400.0 4.0
846281.0 111535.0 4.0
849075.0 111858.0 4.0
851106.0 112145.0 4.0
854649.0 112644.0 4.0
858719.0 113093.0 4.0
860489.0 113454.0 4.0
865466.0 114111.0 4.0
865847.0 114072.0 4.0
867071.0 114292.0 4.0
868673.0 114514.0 4.0
868830.0 114419.0 4.0
869067.0 114533.0 4.0
869753.0 114609.0 4.0
870054.0 114615.0 4.0
871937.0 114879.0 4.0
872726.0 114997.0 4.0
876273.0 115490.0 4.0
880348.0 115970.0 4.0
882649.0 116372.0 4.0
883526.0 116381.0 4.0
888588.0 117118.0 4.0
888962.0 117112.0 4.0
889503.0 117128.0 4.0
889881.0 117253.0 4.0
892271.0 117543.0 4.0
892440.0 117580.0 4.0
894159.0 117874.0 4.0
899523.0 118514.0 4.0
900150.0 118508.0 4.0
905249.0 119269.0 4.0
914261.0 120533.0 4.0
919610.0 121227.0 4.0
919938.0 121144.0 4.0
924077.0 121796.0 4.0
925212.0 121903.0 4.0
925498.0 121977.0 4.0
931093.0 122622.0 4.0
933199.0 122976.0 4.0
934038.0 123123.0 4.0
934090.0 123071.0 4.0
946074.0 124686.0 4.0
948495.0 124994.0 4.0
948530.0 124970.0 4.0
949302.0 125095.0 4.0
951324.0 125287.0 4.0
953354.0 125543.0 4.0
956921.0 126014.0 4.0
960852.0 126527.0 4.0
961201.0 126540.0 4.0
963449.0 126859.0 4.0
970224.0 127795.0 4.0
971860.0 128108.0 4.0
972338.0 128104.0 4.0
978967.0 128956.0 4.0
982200.0 129344.0 4.0
982385.0 129495.0 4.0
982852.0 129418.0 4.0
986080.0 129904.0 4.0
989736.0 130396.0 4.0
1001602.0 131992.0 4.0
1007259.0 132777.0 4.0
1007621.0 132846.0 4.0
1017764.0 134152.0 4.0
1021097.0 134528.0 4.0
1028042.0 135459.0 4.0
1031751.0 135963.0 4.0
1032134.0 136012.0 4.0
1033162.0 136192.0 4.0
1034906.0 136468.0 4.0
1065552.0 140333.0 4.0
1067465.0 140645.0 4.0
1075395.0 141668.0 4.0
1081829.0 142546.0 4.0
1082730.0 142617.0 4.0
1096928.0 144590.0 4.0
1108808.0 146112.0 4.0
1110103.0 146280.0 4.0
1122796.0 147912.0 4.0
1155301.0 152326.0 4.0
1173370.0 154659.0 4.0
1196816.0 157662.0 4.0
1199137.0 158079.0 4.0
1204353.0 158740.0 4.0
1208688.0 159318.0 4.0
1339934.0 176602.0 4.0
