rev4
1649662.0 217406.0 4.0
1664525.0 219456.0 4.0
1669344.0 219895.0 4.0
1717372.0 226401.0 4.0
1739530.0 229275.0 4.0
1739834.0 229345.0 4.0
1753078.0 231025.0 4.0
1753308.0 230945.0 4.0
1765683.0 232820.0 4.0
1767786.0 232956.0 4.0
1768364.0 233024.0 4.0
1769057.0 233014.0 4.0
1774533.0 233867.0 4.0
1779759.0 234563.0 4.0
1782457.0 234790.0 4.0
1802530.0 237555.0 4.0
1803800.0 237585.0 4.0
1806149.0 237941.0 4.0
1809438.0 238435.0 4.0
1811195.0 238658.0 4.0
1818054.0 239577.0 4.0
1824329.0 240426.0 4.0
1829308.0 241052.0 4.0
1831919.0 241343.0 4.0
1852751.0 244105.0 4.0
1852911.0 244182.0 4.0
1855567.0 244480.0 4.0
1858987.0 244985.0 4.0
1861622.0 245167.0 4.0
1865603.0 245833.0 4.0
1868068.0 246266.0 4.0
1869493.0 246327.0 4.0
1871613.0 246667.0 4.0
1875838.0 247114.0 4.0
1880368.0 247889.0 4.0
1887896.0 248766.0 4.0
1887904.0 248777.0 4.0
1896686.0 249960.0 4.0
1897017.0 249939.0 4.0
1899085.0 250401.0 4.0
1903986.0 250931.0 4.0
1904311.0 250851.0 4.0
1912491.0 251996.0 4.0
1916179.0 252395.0 4.0
1916266.0 252544.0 4.0
1922874.0 253442.0 4.0
1929179.0 254167.0 4.0
1929742.0 254186.0 4.0
1933976.0 254871.0 4.0
1940407.0 255623.0 4.0
1947772.0 256720.0 4.0
1947880.0 256589.0 4.0
1956725.0 257738.0 4.0
1956840.0 257888.0 4.0
1972332.0 259817.0 4.0
1973665.0 260056.0 4.0
1974361.0 260255.0 4.0
1983307.0 261393.0 4.0
1983689.0 261377.0 4.0
1988765.0 262102.0 4.0
1989579.0 262158.0 4.0
1989946.0 262184.0 4.0
1993070.0 262644.0 4.0
1993249.0 262593.0 4.0
1993625.0 262741.0 4.0
1995991.0 263044.0 4.0
2002148.0 263643.0 4.0
2024764.0 266820.0 4.0
2030431.0 267598.0 4.0
2043444.0 269148.0 4.0
2046677.0 269568.0 4.0
2055067.0 270799.0 4.0
2060108.0 271544.0 4.0
2063636.0 271799.0 4.0
2078677.0 273954.0 4.0
2081371.0 274330.0 4.0
2099124.0 276612.0 4.0
2099337.0 276523.0 4.0
2102411.0 277114.0 4.0
2102485.0 276975.0 4.0
2102530.0 277008.0 4.0
2120332.0 279453.0 4.0
2128443.0 280372.0 4.0
2135246.0 281222.0 4.0
2143391.0 282356.0 4.0
2144119.0 282629.0 4.0
2153082.0 283623.0 4.0
2187198.0 288308.0 4.0
2187568.0 288172.0 4.0
2190741.0 288758.0 4.0
2191128.0 288797.0 4.0
2196249.0 289448.0 4.0
2203632.0 290393.0 4.0
2290736.0 301743.0 4.0
2303396.0 303511.0 4.0
2306342.0 303935.0 4.0
2388456.0 314674.0 4.0
2414807.0 318065.0 4.0
2488438.0 327887.0 4.0
2631164.0 346778.0 4.0
