rev2
23425.0 3905.0 3.0
26833.0 4473.0 3.0
26905.0 4485.0 3.0
27787.0 4632.0 3.0
27865.0 4645.0 3.0
28309.0 4719.0 3.0
28489.0 4749.0 3.0
28687.0 4782.0 3.0
28741.0 4791.0 3.0
28897.0 4817.0 3.0
29143.0 4858.0 3.0
29431.0 4906.0 3.0
29551.0 4926.0 3.0
29587.0 4932.0 3.0
29617.0 4937.0 3.0
29713.0 4953.0 3.0
29833.0 4973.0 3.0
30295.0 5050.0 3.0
30481.0 5081.0 3.0
30529.0 5089.0 3.0
30613.0 5103.0 3.0
30667.0 5112.0 3.0
30721.0 5121.0 3.0
30805.0 5135.0 3.0
30871.0 5146.0 3.0
30877.0 5147.0 3.0
30919.0 5154.0 3.0
30937.0 5157.0 3.0
30997.0 5167.0 3.0
31015.0 5170.0 3.0
31165.0 5195.0 3.0
31171.0 5196.0 3.0
31333.0 5223.0 3.0
31363.0 5228.0 3.0
31459.0 5244.0 3.0
31525.0 5255.0 3.0
31723.0 5288.0 3.0
31747.0 5292.0 3.0
31873.0 5313.0 3.0
32011.0 5336.0 3.0
32107.0 5352.0 3.0
32155.0 5360.0 3.0
32167.0 5362.0 3.0
32281.0 5381.0 3.0
32509.0 5419.0 3.0
32659.0 5444.0 3.0
32797.0 5467.0 3.0
33043.0 5508.0 3.0
33241.0 5541.0 3.0
33349.0 5559.0 3.0
33487.0 5582.0 3.0
33805.0 5635.0 3.0
33925.0 5655.0 3.0
33931.0 5656.0 3.0
34249.0 5709.0 3.0
34339.0 5724.0 3.0
34351.0 5726.0 3.0
34393.0 5733.0 3.0
34717.0 5787.0 3.0
34753.0 5793.0 3.0
34873.0 5813.0 3.0
34933.0 5823.0 3.0
35359.0 5894.0 3.0
35431.0 5906.0 3.0
35497.0 5917.0 3.0
35857.0 5977.0 3.0
36289.0 6049.0 3.0
36367.0 6062.0 3.0
36463.0 6078.0 3.0
36619.0 6104.0 3.0
37063.0 6178.0 3.0
37249.0 6209.0 3.0
37471.0 6246.0 3.0
37513.0 6253.0 3.0
37579.0 6264.0 3.0
37609.0 6269.0 3.0
38605.0 6435.0 3.0
39157.0 6527.0 3.0
39361.0 6561.0 3.0
39781.0 6631.0 3.0
40117.0 6687.0 3.0
40285.0 6715.0 3.0
40741.0 6791.0 3.0
40855.0 6810.0 3.0
42637.0 7107.0 3.0
42775.0 7130.0 3.0
43903.0 7318.0 3.0
45697.0 7617.0 3.0
45733.0 7623.0 3.0
46321.0 7721.0 3.0
46393.0 7733.0 3.0
46567.0 7762.0 3.0
47743.0 7958.0 3.0
48559.0 8094.0 3.0
49753.0 8293.0 3.0
50971.0 8496.0 3.0
52765.0 8795.0 3.0
54241.0 9041.0 3.0
54295.0 9050.0 3.0
61795.0 10300.0 3.0
