rev2
121.0 21.0 3.0
121.0 21.0 3.0
127.0 22.0 3.0
139.0 24.0 3.0
139.0 24.0 3.0
145.0 25.0 3.0
151.0 26.0 3.0
157.0 27.0 3.0
157.0 27.0 3.0
157.0 27.0 3.0
157.0 27.0 3.0
157.0 27.0 3.0
157.0 27.0 3.0
169.0 29.0 3.0
169.0 29.0 3.0
175.0 30.0 3.0
175.0 30.0 3.0
175.0 30.0 3.0
181.0 31.0 3.0
181.0 31.0 3.0
181.0 31.0 3.0
181.0 31.0 3.0
193.0 33.0 3.0
199.0 34.0 3.0
199.0 34.0 3.0
199.0 34.0 3.0
199.0 34.0 3.0
205.0 35.0 3.0
205.0 35.0 3.0
205.0 35.0 3.0
205.0 35.0 3.0
211.0 36.0 3.0
211.0 36.0 3.0
211.0 36.0 3.0
217.0 37.0 3.0
217.0 37.0 3.0
223.0 38.0 3.0
223.0 38.0 3.0
223.0 38.0 3.0
235.0 40.0 3.0
235.0 40.0 3.0
235.0 40.0 3.0
241.0 41.0 3.0
241.0 41.0 3.0
241.0 41.0 3.0
241.0 41.0 3.0
241.0 41.0 3.0
247.0 42.0 3.0
247.0 42.0 3.0
247.0 42.0 3.0
247.0 42.0 3.0
253.0 43.0 3.0
259.0 44.0 3.0
259.0 44.0 3.0
265.0 45.0 3.0
265.0 45.0 3.0
265.0 45.0 3.0
277.0 47.0 3.0
283.0 48.0 3.0
289.0 49.0 3.0
289.0 49.0 3.0
301.0 51.0 3.0
301.0 51.0 3.0
307.0 52.0 3.0
307.0 52.0 3.0
313.0 53.0 3.0
319.0 54.0 3.0
319.0 54.0 3.0
319.0 54.0 3.0
319.0 54.0 3.0
325.0 55.0 3.0
325.0 55.0 3.0
325.0 55.0 3.0
331.0 56.0 3.0
331.0 56.0 3.0
331.0 56.0 3.0
331.0 56.0 3.0
337.0 57.0 3.0
337.0 57.0 3.0
343.0 58.0 3.0
343.0 58.0 3.0
349.0 59.0 3.0
349.0 59.0 3.0
349.0 59.0 3.0
355.0 60.0 3.0
361.0 61.0 3.0
367.0 62.0 3.0
367.0 62.0 3.0
373.0 63.0 3.0
379.0 64.0 3.0
385.0 65.0 3.0
391.0 66.0 3.0
397.0 67.0 3.0
403.0 68.0 3.0
409.0 69.0 3.0
409.0 69.0 3.0
415.0 70.0 3.0
421.0 71.0 3.0
475.0 80.0 3.0
517.0 87.0 3.0
