rev4
3.6877079E7 6906270.0 3.0
3.7177577E7 6962557.0 3.0
3.7269713E7 6979630.0 3.0
3.7488697E7 7020203.0 3.0
3.7663987E7 7052232.0 3.0
3.7696362E7 7059563.0 3.0
3.7792405E7 7077485.0 3.0
3.7929993E7 7103310.0 3.0
3.7934571E7 7103759.0 3.0
3.8167117E7 7148349.0 3.0
3.8270641E7 7167848.0 3.0
3.8724765E7 7252863.0 3.0
3.9610537E7 7417511.0 3.0
3.9751072E7 7444846.0 3.0
4.0051648E7 7501324.0 3.0
4.010122E7 7509338.0 3.0
4.010456E7 7511277.0 3.0
4.0151311E7 7520621.0 3.0
4.0246306E7 7537039.0 3.0
4.0287149E7 7544468.0 3.0
4.0305521E7 7548636.0 3.0
4.031729E7 7550697.0 3.0
4.0323178E7 7551672.0 3.0
4.0408133E7 7567562.0 3.0
4.0504959E7 7585147.0 3.0
4.0569202E7 7598142.0 3.0
4.0686532E7 7619680.0 3.0
4.0792726E7 7639262.0 3.0
4.0850058E7 7650107.0 3.0
4.0947666E7 7667190.0 3.0
4.1006289E7 7679742.0 3.0
4.101481E7 7680471.0 3.0
4.1042349E7 7686283.0 3.0
4.1167004E7 7709267.0 3.0
4.1400252E7 7752839.0 3.0
4.1468056E7 7765881.0 3.0
4.1478985E7 7767974.0 3.0
4.1483398E7 7768840.0 3.0
4.1547069E7 7780707.0 3.0
4.155792E7 7783405.0 3.0
4.1652767E7 7801037.0 3.0
4.1709013E7 7810955.0 3.0
4.192383E7 7851426.0 3.0
4.1966209E7 7859856.0 3.0
4.2375284E7 7936944.0 3.0
4.2383324E7 7937597.0 3.0
4.249695E7 7959303.0 3.0
4.2538207E7 7966578.0 3.0
4.254075E7 7967234.0 3.0
4.255558E7 7968472.0 3.0
4.2570355E7 7971768.0 3.0
4.259112E7 7976126.0 3.0
4.2669065E7 7990981.0 3.0
4.270201E7 7996337.0 3.0
4.3010323E7 8055171.0 3.0
4.3012375E7 8053432.0 3.0
4.3049559E7 8061820.0 3.0
4.3183771E7 8086662.0 3.0
4.3678768E7 8179514.0 3.0
4.3685634E7 8181536.0 3.0
4.3745929E7 8192788.0 3.0
4.3769139E7 8196488.0 3.0
4.3810829E7 8204658.0 3.0
4.3896696E7 8218986.0 3.0
4.3908669E7 8223332.0 3.0
4.3946636E7 8230946.0 3.0
4.4152368E7 8269285.0 3.0
4.4181069E7 8273776.0 3.0
4.4187809E7 8275374.0 3.0
4.4270033E7 8290416.0 3.0
4.4302517E7 8297199.0 3.0
4.437093E7 8310552.0 3.0
4.44153E7 8317519.0 3.0
4.4769736E7 8384242.0 3.0
4.4869022E7 8402732.0 3.0
4.4943828E7 8416975.0 3.0
4.5098001E7 8445393.0 3.0
4.5180952E7 8460414.0 3.0
4.5495437E7 8520319.0 3.0
4.5500715E7 8520747.0 3.0
4.5625512E7 8544633.0 3.0
4.5710457E7 8559900.0 3.0
4.5718754E7 8560910.0 3.0
4.5729249E7 8563602.0 3.0
4.5856471E7 8587644.0 3.0
4.6159471E7 8644613.0 3.0
4.6355207E7 8682379.0 3.0
4.6601137E7 8727270.0 3.0
4.6746721E7 8754556.0 3.0
4.7479587E7 8892096.0 3.0
4.7724238E7 8938150.0 3.0
4.8006469E7 8990605.0 3.0
4.8626893E7 9106530.0 3.0
4.865409E7 9111968.0 3.0
4.9086404E7 9192498.0 3.0
4.9420706E7 9255493.0 3.0
4.9770158E7 9320339.0 3.0
4.9886622E7 9343284.0 3.0
5.138286E7 9622797.0 3.0
5.7305012E7 1.0732221E7 3.0
