rev2
5732659.0 955444.0 3.0
5739385.0 956565.0 3.0
5911717.0 985287.0 3.0
5913187.0 985532.0 3.0
5956297.0 992717.0 3.0
6095215.0 1015870.0 3.0
6100615.0 1016770.0 3.0
6113035.0 1018840.0 3.0
6153109.0 1025519.0 3.0
6160213.0 1026703.0 3.0
6206047.0 1034342.0 3.0
6215521.0 1035921.0 3.0
6235273.0 1039213.0 3.0
6306829.0 1051139.0 3.0
6307831.0 1051306.0 3.0
6334183.0 1055698.0 3.0
6345577.0 1057597.0 3.0
6391531.0 1065256.0 3.0
6419701.0 1069951.0 3.0
6433741.0 1072291.0 3.0
6494029.0 1082339.0 3.0
6529591.0 1088266.0 3.0
6544981.0 1090831.0 3.0
6559657.0 1093277.0 3.0
6601003.0 1100168.0 3.0
6643003.0 1107168.0 3.0
6647737.0 1107957.0 3.0
6685945.0 1114325.0 3.0
6687199.0 1114534.0 3.0
6721963.0 1120328.0 3.0
6722107.0 1120352.0 3.0
6728341.0 1121391.0 3.0
6749773.0 1124963.0 3.0
6791989.0 1131999.0 3.0
6818125.0 1136355.0 3.0
6836263.0 1139378.0 3.0
6840145.0 1140025.0 3.0
6854683.0 1142448.0 3.0
6855493.0 1142583.0 3.0
6880873.0 1146813.0 3.0
6906169.0 1151029.0 3.0
6906241.0 1151041.0 3.0
6920161.0 1153361.0 3.0
6927757.0 1154627.0 3.0
6956179.0 1159364.0 3.0
6957211.0 1159536.0 3.0
6974137.0 1162357.0 3.0
6976651.0 1162776.0 3.0
6977971.0 1162996.0 3.0
7034563.0 1172428.0 3.0
7061509.0 1176919.0 3.0
7065469.0 1177579.0 3.0
7065649.0 1177609.0 3.0
7085587.0 1180932.0 3.0
7097041.0 1182841.0 3.0
7106179.0 1184364.0 3.0
7125337.0 1187557.0 3.0
7156969.0 1192829.0 3.0
7160347.0 1193392.0 3.0
7164835.0 1194140.0 3.0
7167277.0 1194547.0 3.0
7176025.0 1196005.0 3.0
7176631.0 1196106.0 3.0
7201891.0 1200316.0 3.0
7205329.0 1200889.0 3.0
7262875.0 1210480.0 3.0
7264171.0 1210696.0 3.0
7344883.0 1224148.0 3.0
7349635.0 1224940.0 3.0
7375663.0 1229278.0 3.0
7386361.0 1231061.0 3.0
7421797.0 1236967.0 3.0
7454791.0 1242466.0 3.0
7576147.0 1262692.0 3.0
7587379.0 1264564.0 3.0
7623685.0 1270615.0 3.0
7638739.0 1273124.0 3.0
7673635.0 1278940.0 3.0
7732987.0 1288832.0 3.0
7746847.0 1291142.0 3.0
7780117.0 1296687.0 3.0
7830649.0 1305109.0 3.0
7866049.0 1311009.0 3.0
7970785.0 1328465.0 3.0
8027293.0 1337883.0 3.0
8115619.0 1352604.0 3.0
8190445.0 1365075.0 3.0
8331847.0 1388642.0 3.0
8372785.0 1395465.0 3.0
8433907.0 1405652.0 3.0
8501335.0 1416890.0 3.0
8508103.0 1418018.0 3.0
8517199.0 1419534.0 3.0
8638861.0 1439811.0 3.0
8946853.0 1491143.0 3.0
9268651.0 1544776.0 3.0
9311353.0 1551893.0 3.0
9396193.0 1566033.0 3.0
9429721.0 1571621.0 3.0
9473011.0 1578836.0 3.0
