rev4
8165064.0 1529200.0 3.0
8239007.0 1542961.0 3.0
8589749.0 1608589.0 3.0
8593944.0 1609643.0 3.0
8615368.0 1613171.0 3.0
8631669.0 1616436.0 3.0
8642686.0 1618613.0 3.0
8657787.0 1621565.0 3.0
8690162.0 1627294.0 3.0
8694580.0 1628344.0 3.0
8728796.0 1634563.0 3.0
8729922.0 1634660.0 3.0
8811997.0 1650344.0 3.0
8871928.0 1661273.0 3.0
8874244.0 1661819.0 3.0
8875343.0 1661909.0 3.0
8880049.0 1662694.0 3.0
8880819.0 1662802.0 3.0
8901037.0 1667052.0 3.0
8940492.0 1674366.0 3.0
8952072.0 1676325.0 3.0
8957661.0 1677689.0 3.0
9003993.0 1686188.0 3.0
9008926.0 1687058.0 3.0
9017800.0 1689128.0 3.0
9019485.0 1688868.0 3.0
9092839.0 1702873.0 3.0
9094481.0 1703053.0 3.0
9131153.0 1710007.0 3.0
9143438.0 1712355.0 3.0
9152727.0 1713664.0 3.0
9186406.0 1720263.0 3.0
9203462.0 1723321.0 3.0
9209105.0 1724619.0 3.0
9255209.0 1733008.0 3.0
9315039.0 1744642.0 3.0
9318239.0 1744640.0 3.0
9325638.0 1746320.0 3.0
9353571.0 1752103.0 3.0
9359231.0 1752775.0 3.0
9377208.0 1756435.0 3.0
9398327.0 1759919.0 3.0
9440399.0 1767788.0 3.0
9447704.0 1769125.0 3.0
9510705.0 1781380.0 3.0
9524707.0 1783852.0 3.0
9541642.0 1786871.0 3.0
9551045.0 1788824.0 3.0
9557757.0 1789876.0 3.0
9571162.0 1792339.0 3.0
9572291.0 1792621.0 3.0
9572552.0 1792677.0 3.0
9601284.0 1798156.0 3.0
9662130.0 1809886.0 3.0
9683989.0 1813326.0 3.0
9690114.0 1815049.0 3.0
9722389.0 1821134.0 3.0
9722623.0 1821034.0 3.0
9739097.0 1823340.0 3.0
9774934.0 1830204.0 3.0
9817493.0 1838441.0 3.0
9838320.0 1842113.0 3.0
9881653.0 1850958.0 3.0
9885475.0 1851162.0 3.0
9907552.0 1855903.0 3.0
9913727.0 1856794.0 3.0
9941445.0 1862112.0 3.0
9968127.0 1866326.0 3.0
9997717.0 1872232.0 3.0
1.0075984E7 1886875.0 3.0
1.0110638E7 1893441.0 3.0
1.014193E7 1898998.0 3.0
1.0142199E7 1899381.0 3.0
1.0145912E7 1900124.0 3.0
1.0176356E7 1905676.0 3.0
1.0188703E7 1908228.0 3.0
1.0256094E7 1921188.0 3.0
1.0292823E7 1927938.0 3.0
1.0373595E7 1942304.0 3.0
1.0436878E7 1954709.0 3.0
1.0473061E7 1961639.0 3.0
1.0477345E7 1962292.0 3.0
1.0561787E7 1977890.0 3.0
1.0582363E7 1981743.0 3.0
1.060626E7 1986415.0 3.0
1.0765979E7 2016294.0 3.0
1.0912865E7 2043450.0 3.0
1.0949406E7 2050843.0 3.0
1.0954904E7 2051228.0 3.0
1.1372494E7 2129883.0 3.0
1.1443079E7 2142643.0 3.0
1.1535052E7 2159879.0 3.0
1.1543316E7 2162105.0 3.0
1.1683657E7 2188250.0 3.0
1.1945924E7 2236964.0 3.0
1.2609186E7 2361361.0 3.0
1.2651892E7 2369254.0 3.0
1.2784273E7 2394287.0 3.0
1.2986723E7 2432050.0 3.0
1.3601985E7 2547309.0 3.0
