rev4
387112.0 72496.0 3.0
399217.0 74833.0 3.0
401587.0 75137.0 3.0
402913.0 75349.0 3.0
411350.0 77043.0 3.0
412649.0 77287.0 3.0
413669.0 77461.0 3.0
414290.0 77603.0 3.0
418603.0 78423.0 3.0
421465.0 78852.0 3.0
421610.0 78947.0 3.0
422906.0 79255.0 3.0
423947.0 79350.0 3.0
425350.0 79639.0 3.0
428314.0 80272.0 3.0
429451.0 80416.0 3.0
429947.0 80526.0 3.0
430008.0 80548.0 3.0
432835.0 81126.0 3.0
433998.0 81206.0 3.0
434440.0 81348.0 3.0
439182.0 82166.0 3.0
442214.0 82822.0 3.0
442544.0 82913.0 3.0
444763.0 83312.0 3.0
447852.0 83877.0 3.0
448935.0 84154.0 3.0
450150.0 84344.0 3.0
450242.0 84293.0 3.0
450742.0 84388.0 3.0
453307.0 84883.0 3.0
453873.0 85003.0 3.0
454225.0 85101.0 3.0
455761.0 85305.0 3.0
457039.0 85691.0 3.0
458569.0 85869.0 3.0
458619.0 85853.0 3.0
464652.0 87034.0 3.0
464954.0 86985.0 3.0
465164.0 87076.0 3.0
465814.0 87244.0 3.0
467406.0 87568.0 3.0
467814.0 87646.0 3.0
468605.0 87671.0 3.0
469177.0 87858.0 3.0
469179.0 87787.0 3.0
472316.0 88477.0 3.0
475133.0 89021.0 3.0
476817.0 89335.0 3.0
477279.0 89423.0 3.0
479254.0 89790.0 3.0
479281.0 89618.0 3.0
482137.0 90302.0 3.0
483046.0 90502.0 3.0
483767.0 90659.0 3.0
487134.0 91268.0 3.0
488867.0 91441.0 3.0
489301.0 91650.0 3.0
489765.0 91717.0 3.0
491170.0 92046.0 3.0
491605.0 92158.0 3.0
491855.0 92260.0 3.0
492909.0 92342.0 3.0
493579.0 92387.0 3.0
493932.0 92585.0 3.0
494337.0 92571.0 3.0
500467.0 93749.0 3.0
504645.0 94597.0 3.0
507029.0 94973.0 3.0
510873.0 95612.0 3.0
511451.0 95763.0 3.0
511584.0 95884.0 3.0
514060.0 96317.0 3.0
515046.0 96585.0 3.0
515853.0 96720.0 3.0
519061.0 97290.0 3.0
519128.0 97216.0 3.0
520948.0 97584.0 3.0
521544.0 97588.0 3.0
526516.0 98589.0 3.0
528236.0 98912.0 3.0
528655.0 99005.0 3.0
530783.0 99442.0 3.0
535901.0 100397.0 3.0
538663.0 100883.0 3.0
542907.0 101735.0 3.0
553230.0 103616.0 3.0
554439.0 103847.0 3.0
562938.0 105466.0 3.0
576456.0 107895.0 3.0
576698.0 107992.0 3.0
584504.0 109430.0 3.0
584539.0 109466.0 3.0
591100.0 110794.0 3.0
596639.0 111749.0 3.0
617007.0 115611.0 3.0
622933.0 116609.0 3.0
628388.0 117656.0 3.0
640517.0 120096.0 3.0
704520.0 131945.0 3.0
