rev2
1315891.0 219316.0 3.0
1343617.0 223937.0 3.0
1353553.0 225593.0 3.0
1361911.0 226986.0 3.0
1364131.0 227356.0 3.0
1381669.0 230279.0 3.0
1388311.0 231386.0 3.0
1396987.0 232832.0 3.0
1403509.0 233919.0 3.0
1414771.0 235796.0 3.0
1416865.0 236145.0 3.0
1420369.0 236729.0 3.0
1420891.0 236816.0 3.0
1424125.0 237355.0 3.0
1424425.0 237405.0 3.0
1438063.0 239678.0 3.0
1445179.0 240864.0 3.0
1452127.0 242022.0 3.0
1456063.0 242678.0 3.0
1458421.0 243071.0 3.0
1459495.0 243250.0 3.0
1460101.0 243351.0 3.0
1464451.0 244076.0 3.0
1465849.0 244309.0 3.0
1466101.0 244351.0 3.0
1467757.0 244627.0 3.0
1469509.0 244919.0 3.0
1472347.0 245392.0 3.0
1474219.0 245704.0 3.0
1482235.0 247040.0 3.0
1483237.0 247207.0 3.0
1485583.0 247598.0 3.0
1490965.0 248495.0 3.0
1492315.0 248720.0 3.0
1495459.0 249244.0 3.0
1498927.0 249822.0 3.0
1506745.0 251125.0 3.0
1511389.0 251899.0 3.0
1512337.0 252057.0 3.0
1513495.0 252250.0 3.0
1514809.0 252469.0 3.0
1515547.0 252592.0 3.0
1516261.0 252711.0 3.0
1519747.0 253292.0 3.0
1522075.0 253680.0 3.0
1523965.0 253995.0 3.0
1529425.0 254905.0 3.0
1530007.0 255002.0 3.0
1530463.0 255078.0 3.0
1533001.0 255501.0 3.0
1540033.0 256673.0 3.0
1545307.0 257552.0 3.0
1557817.0 259637.0 3.0
1560259.0 260044.0 3.0
1564549.0 260759.0 3.0
1573741.0 262291.0 3.0
1577845.0 262975.0 3.0
1577869.0 262979.0 3.0
1581943.0 263658.0 3.0
1594963.0 265828.0 3.0
1595515.0 265920.0 3.0
1597471.0 266246.0 3.0
1598713.0 266453.0 3.0
1599847.0 266642.0 3.0
1602889.0 267149.0 3.0
1606495.0 267750.0 3.0
1608295.0 268050.0 3.0
1615009.0 269169.0 3.0
1622053.0 270343.0 3.0
1627453.0 271243.0 3.0
1638007.0 273002.0 3.0
1642849.0 273809.0 3.0
1649671.0 274946.0 3.0
1650109.0 275019.0 3.0
1652233.0 275373.0 3.0
1672663.0 278778.0 3.0
1674229.0 279039.0 3.0
1675747.0 279292.0 3.0
1685299.0 280884.0 3.0
1690315.0 281720.0 3.0
1694239.0 282374.0 3.0
1712557.0 285427.0 3.0
1716787.0 286132.0 3.0
1726819.0 287804.0 3.0
1740493.0 290083.0 3.0
1773505.0 295585.0 3.0
1779679.0 296614.0 3.0
1809541.0 301591.0 3.0
1816711.0 302786.0 3.0
1846813.0 307803.0 3.0
1872757.0 312127.0 3.0
1880143.0 313358.0 3.0
1890583.0 315098.0 3.0
1900549.0 316759.0 3.0
1918459.0 319744.0 3.0
1943143.0 323858.0 3.0
1947811.0 324636.0 3.0
2009785.0 334965.0 3.0
2027143.0 337858.0 3.0
2127199.0 354534.0 3.0
