rev2
277.0 47.0 3.0
319.0 54.0 3.0
343.0 58.0 3.0
349.0 59.0 3.0
361.0 61.0 3.0
361.0 61.0 3.0
391.0 66.0 3.0
409.0 69.0 3.0
415.0 70.0 3.0
433.0 73.0 3.0
439.0 74.0 3.0
445.0 75.0 3.0
445.0 75.0 3.0
457.0 77.0 3.0
457.0 77.0 3.0
463.0 78.0 3.0
475.0 80.0 3.0
475.0 80.0 3.0
475.0 80.0 3.0
475.0 80.0 3.0
481.0 81.0 3.0
487.0 82.0 3.0
487.0 82.0 3.0
487.0 82.0 3.0
499.0 84.0 3.0
499.0 84.0 3.0
499.0 84.0 3.0
505.0 85.0 3.0
505.0 85.0 3.0
505.0 85.0 3.0
511.0 86.0 3.0
523.0 88.0 3.0
529.0 89.0 3.0
529.0 89.0 3.0
529.0 89.0 3.0
535.0 90.0 3.0
535.0 90.0 3.0
541.0 91.0 3.0
547.0 92.0 3.0
547.0 92.0 3.0
565.0 95.0 3.0
571.0 96.0 3.0
571.0 96.0 3.0
577.0 97.0 3.0
583.0 98.0 3.0
589.0 99.0 3.0
595.0 100.0 3.0
601.0 101.0 3.0
601.0 101.0 3.0
613.0 103.0 3.0
613.0 103.0 3.0
619.0 104.0 3.0
619.0 104.0 3.0
619.0 104.0 3.0
625.0 105.0 3.0
637.0 107.0 3.0
637.0 107.0 3.0
637.0 107.0 3.0
637.0 107.0 3.0
649.0 109.0 3.0
655.0 110.0 3.0
655.0 110.0 3.0
655.0 110.0 3.0
655.0 110.0 3.0
667.0 112.0 3.0
667.0 112.0 3.0
667.0 112.0 3.0
679.0 114.0 3.0
679.0 114.0 3.0
685.0 115.0 3.0
691.0 116.0 3.0
697.0 117.0 3.0
697.0 117.0 3.0
709.0 119.0 3.0
715.0 120.0 3.0
721.0 121.0 3.0
733.0 123.0 3.0
733.0 123.0 3.0
739.0 124.0 3.0
745.0 125.0 3.0
745.0 125.0 3.0
787.0 132.0 3.0
787.0 132.0 3.0
835.0 140.0 3.0
841.0 141.0 3.0
847.0 142.0 3.0
865.0 145.0 3.0
871.0 146.0 3.0
883.0 148.0 3.0
907.0 152.0 3.0
913.0 153.0 3.0
919.0 154.0 3.0
925.0 155.0 3.0
931.0 156.0 3.0
1009.0 169.0 3.0
1015.0 170.0 3.0
1027.0 172.0 3.0
1033.0 173.0 3.0
1075.0 180.0 3.0
1099.0 184.0 3.0
