rev4
1.65682096E8 3.1027483E7 3.0
1.6592745E8 3.1072334E7 3.0
1.67382226E8 3.1345158E7 3.0
1.68349832E8 3.1527696E7 3.0
1.68592666E8 3.1571925E7 3.0
1.68736476E8 3.1600124E7 3.0
1.70135518E8 3.1860325E7 3.0
1.70725883E8 3.1974041E7 3.0
1.70826368E8 3.1989498E7 3.0
1.71176992E8 3.2058532E7 3.0
1.71323461E8 3.2084722E7 3.0
1.71762132E8 3.2166681E7 3.0
1.71853016E8 3.2183292E7 3.0
1.72946237E8 3.2386502E7 3.0
1.73123163E8 3.2421896E7 3.0
1.73435842E8 3.2479619E7 3.0
1.73443201E8 3.2480478E7 3.0
1.73553256E8 3.2500041E7 3.0
1.73694395E8 3.2529397E7 3.0
1.73827079E8 3.2553885E7 3.0
1.7387962E8 3.2563551E7 3.0
1.74087575E8 3.2600237E7 3.0
1.74182283E8 3.2617836E7 3.0
1.74477965E8 3.2674691E7 3.0
1.75108299E8 3.2793868E7 3.0
1.75269454E8 3.282312E7 3.0
1.75332035E8 3.2835231E7 3.0
1.75590623E8 3.2882845E7 3.0
1.75647144E8 3.2893985E7 3.0
1.75943346E8 3.294931E7 3.0
1.7663529E8 3.3078215E7 3.0
1.77000477E8 3.3144985E7 3.0
1.77307459E8 3.3206071E7 3.0
1.78519961E8 3.3431556E7 3.0
1.79009655E8 3.3522637E7 3.0
1.79055555E8 3.3530964E7 3.0
1.79542045E8 3.3623071E7 3.0
1.79586702E8 3.3632977E7 3.0
1.79749847E8 3.3663421E7 3.0
1.80362552E8 3.3776864E7 3.0
1.80494046E8 3.3799912E7 3.0
1.80953439E8 3.3885933E7 3.0
1.81636226E8 3.4016182E7 3.0
1.81692897E8 3.4024413E7 3.0
1.81741908E8 3.4035627E7 3.0
1.82788999E8 3.4229506E7 3.0
1.82952081E8 3.4260916E7 3.0
1.83567822E8 3.4377938E7 3.0
1.83575047E8 3.4379978E7 3.0
1.84124279E8 3.4481051E7 3.0
1.84196289E8 3.4495059E7 3.0
1.84579851E8 3.4566393E7 3.0
1.84669788E8 3.4582633E7 3.0
1.85608666E8 3.4760942E7 3.0
1.86172305E8 3.4861712E7 3.0
1.87109219E8 3.5043623E7 3.0
1.8758329E8 3.5127358E7 3.0
1.87656819E8 3.5144834E7 3.0
1.87924685E8 3.5192605E7 3.0
1.88189122E8 3.5241538E7 3.0
1.88330238E8 3.5268134E7 3.0
1.88403323E8 3.5281922E7 3.0
1.89526537E8 3.549375E7 3.0
1.89627939E8 3.551507E7 3.0
1.8962987E8 3.5511769E7 3.0
1.89749868E8 3.553517E7 3.0
1.90048387E8 3.5589942E7 3.0
1.90550527E8 3.5688719E7 3.0
1.90709508E8 3.5715866E7 3.0
1.90794672E8 3.5730726E7 3.0
1.91058752E8 3.5782072E7 3.0
1.91182033E8 3.5801574E7 3.0
1.91319008E8 3.5828351E7 3.0
1.91405265E8 3.5844472E7 3.0
1.91810204E8 3.5922036E7 3.0
1.92637299E8 3.6077071E7 3.0
1.92693307E8 3.6087075E7 3.0
1.92912876E8 3.6125917E7 3.0
1.93122893E8 3.6164586E7 3.0
1.93393026E8 3.6217829E7 3.0
1.95904592E8 3.668852E7 3.0
1.97011083E8 3.6893809E7 3.0
1.99076826E8 3.7282821E7 3.0
2.00927082E8 3.7628041E7 3.0
2.0120793E8 3.7679917E7 3.0
2.01440367E8 3.7722441E7 3.0
2.01449731E8 3.772684E7 3.0
2.01506171E8 3.773791E7 3.0
2.01826529E8 3.7795187E7 3.0
2.03505652E8 3.8108405E7 3.0
2.0413227E8 3.8230012E7 3.0
2.05670117E8 3.8518531E7 3.0
2.07320416E8 3.8826321E7 3.0
2.10090008E8 3.9344682E7 3.0
2.12349735E8 3.9764143E7 3.0
2.15300285E8 4.0321339E7 3.0
2.17456181E8 4.0723348E7 3.0
2.18457046E8 4.0911581E7 3.0
2.20318285E8 4.1259831E7 3.0
2.49933141E8 4.680623E7 3.0
