rev4
542.0 100.0 3.0
605.0 115.0 3.0
607.0 115.0 3.0
612.0 114.0 3.0
637.0 118.0 3.0
638.0 120.0 3.0
651.0 127.0 3.0
661.0 123.0 3.0
664.0 127.0 3.0
664.0 127.0 3.0
677.0 130.0 3.0
683.0 131.0 3.0
684.0 130.0 3.0
690.0 130.0 3.0
699.0 132.0 3.0
712.0 133.0 3.0
715.0 135.0 3.0
719.0 135.0 3.0
723.0 137.0 3.0
724.0 135.0 3.0
727.0 137.0 3.0
731.0 135.0 3.0
733.0 136.0 3.0
739.0 142.0 3.0
744.0 143.0 3.0
746.0 139.0 3.0
768.0 146.0 3.0
774.0 142.0 3.0
775.0 147.0 3.0
775.0 146.0 3.0
787.0 151.0 3.0
791.0 149.0 3.0
796.0 148.0 3.0
799.0 148.0 3.0
803.0 147.0 3.0
803.0 153.0 3.0
805.0 149.0 3.0
807.0 154.0 3.0
811.0 153.0 3.0
815.0 152.0 3.0
822.0 156.0 3.0
832.0 152.0 3.0
835.0 156.0 3.0
844.0 157.0 3.0
846.0 158.0 3.0
848.0 157.0 3.0
852.0 159.0 3.0
853.0 158.0 3.0
857.0 165.0 3.0
861.0 163.0 3.0
862.0 163.0 3.0
866.0 164.0 3.0
875.0 166.0 3.0
877.0 164.0 3.0
883.0 169.0 3.0
884.0 168.0 3.0
889.0 167.0 3.0
901.0 172.0 3.0
915.0 176.0 3.0
918.0 174.0 3.0
918.0 170.0 3.0
926.0 173.0 3.0
940.0 180.0 3.0
945.0 178.0 3.0
957.0 179.0 3.0
958.0 179.0 3.0
968.0 181.0 3.0
974.0 185.0 3.0
978.0 183.0 3.0
984.0 188.0 3.0
987.0 187.0 3.0
997.0 186.0 3.0
1013.0 191.0 3.0
1019.0 187.0 3.0
1031.0 199.0 3.0
1039.0 195.0 3.0
1044.0 197.0 3.0
1055.0 199.0 3.0
1067.0 200.0 3.0
1076.0 202.0 3.0
1079.0 199.0 3.0
1080.0 206.0 3.0
1089.0 204.0 3.0
1122.0 214.0 3.0
1126.0 209.0 3.0
1129.0 213.0 3.0
1142.0 219.0 3.0
1147.0 218.0 3.0
1149.0 215.0 3.0
1167.0 223.0 3.0
1173.0 224.0 3.0
1174.0 226.0 3.0
1188.0 224.0 3.0
1219.0 226.0 3.0
1242.0 237.0 3.0
1258.0 234.0 3.0
1301.0 248.0 3.0
1362.0 253.0 3.0
1557.0 289.0 3.0
1620.0 308.0 3.0
