rev2
5.20893097E8 8.6815517E7 3.0
5.29223779E8 8.8203964E7 3.0
5.34697495E8 8.911625E7 3.0
5.36928475E8 8.948808E7 3.0
5.37204721E8 8.9534121E7 3.0
5.41799755E8 9.029996E7 3.0
5.42548213E8 9.0424703E7 3.0
5.43375037E8 9.0562507E7 3.0
5.43492583E8 9.0582098E7 3.0
5.46144109E8 9.1024019E7 3.0
5.46606967E8 9.1101162E7 3.0
5.49286513E8 9.1547753E7 3.0
5.54836447E8 9.2472742E7 3.0
5.55415465E8 9.2569245E7 3.0
5.58213115E8 9.303552E7 3.0
5.59363561E8 9.3227261E7 3.0
5.59413271E8 9.3235546E7 3.0
5.60577337E8 9.3429557E7 3.0
5.61090547E8 9.3515092E7 3.0
5.61099523E8 9.3516588E7 3.0
5.62680403E8 9.3780068E7 3.0
5.62856533E8 9.3809423E7 3.0
5.62876609E8 9.3812769E7 3.0
5.64043087E8 9.4007182E7 3.0
5.64258187E8 9.4043032E7 3.0
5.66683951E8 9.4447326E7 3.0
5.66718613E8 9.4453103E7 3.0
5.67416779E8 9.4569464E7 3.0
5.69236231E8 9.4872706E7 3.0
5.70333487E8 9.5055582E7 3.0
5.71650367E8 9.5275062E7 3.0
5.72988127E8 9.5498022E7 3.0
5.74243135E8 9.570719E7 3.0
5.75197693E8 9.5866283E7 3.0
5.75263777E8 9.5877297E7 3.0
5.78101699E8 9.6350284E7 3.0
5.78451919E8 9.6408654E7 3.0
5.78671549E8 9.6445259E7 3.0
5.81629387E8 9.6938232E7 3.0
5.82428941E8 9.7071491E7 3.0
5.83845283E8 9.7307548E7 3.0
5.84124715E8 9.735412E7 3.0
5.84684593E8 9.7447433E7 3.0
5.85322927E8 9.7553822E7 3.0
5.85639049E8 9.7606509E7 3.0
5.85675739E8 9.7612624E7 3.0
5.91625741E8 9.8604291E7 3.0
5.92593739E8 9.8765624E7 3.0
5.95327201E8 9.9221201E7 3.0
5.95568461E8 9.9261411E7 3.0
5.96267371E8 9.9377896E7 3.0
5.97059605E8 9.9509935E7 3.0
5.97106903E8 9.9517818E7 3.0
5.98300837E8 9.9716807E7 3.0
5.98594555E8 9.976576E7 3.0
5.99191021E8 9.9865171E7 3.0
6.00182989E8 1.00030499E8 3.0
6.00465205E8 1.00077535E8 3.0
6.00924937E8 1.00154157E8 3.0
6.01231177E8 1.00205197E8 3.0
6.03347173E8 1.00557863E8 3.0
6.07129303E8 1.01188218E8 3.0
6.07888717E8 1.01314787E8 3.0
6.09086287E8 1.01514382E8 3.0
6.10306315E8 1.0171772E8 3.0
6.12396565E8 1.02066095E8 3.0
6.13803127E8 1.02300522E8 3.0
6.15941191E8 1.02656866E8 3.0
6.17771059E8 1.02961844E8 3.0
6.17825515E8 1.0297092E8 3.0
6.18957091E8 1.03159516E8 3.0
6.22258225E8 1.03709705E8 3.0
6.22588171E8 1.03764696E8 3.0
6.24640105E8 1.04106685E8 3.0
6.26347249E8 1.04391209E8 3.0
6.26379553E8 1.04396593E8 3.0
6.27299653E8 1.04549943E8 3.0
6.28004401E8 1.04667401E8 3.0
6.28837885E8 1.04806315E8 3.0
6.32758585E8 1.05459765E8 3.0
6.37296619E8 1.06216104E8 3.0
6.42180403E8 1.07030068E8 3.0
6.43923913E8 1.07320653E8 3.0
6.45673279E8 1.07612214E8 3.0
6.46114207E8 1.07685702E8 3.0
6.46179445E8 1.07696575E8 3.0
6.47127967E8 1.07854662E8 3.0
6.49619197E8 1.08269867E8 3.0
6.54914275E8 1.0915238E8 3.0
6.57156823E8 1.09526138E8 3.0
6.62682745E8 1.10447125E8 3.0
6.65042119E8 1.10840354E8 3.0
6.72769663E8 1.12128278E8 3.0
6.80194039E8 1.13365674E8 3.0
6.83221273E8 1.13870213E8 3.0
6.91323829E8 1.15220639E8 3.0
7.01404099E8 1.16900684E8 3.0
7.13190751E8 1.18865126E8 3.0
7.25493979E8 1.20915664E8 3.0
7.77112303E8 1.29518718E8 3.0
