rev2
2838925.0 473155.0 3.0
2886523.0 481088.0 3.0
2904589.0 484099.0 3.0
2925115.0 487520.0 3.0
2927485.0 487915.0 3.0
2937013.0 489503.0 3.0
2937829.0 489639.0 3.0
2959105.0 493185.0 3.0
2963671.0 493946.0 3.0
2979961.0 496661.0 3.0
2980753.0 496793.0 3.0
2985715.0 497620.0 3.0
2994949.0 499159.0 3.0
2999701.0 499951.0 3.0
3003289.0 500549.0 3.0
3006943.0 501158.0 3.0
3020017.0 503337.0 3.0
3020947.0 503492.0 3.0
3066805.0 511135.0 3.0
3076921.0 512821.0 3.0
3081127.0 513522.0 3.0
3098887.0 516482.0 3.0
3105115.0 517520.0 3.0
3108121.0 518021.0 3.0
3109069.0 518179.0 3.0
3120493.0 520083.0 3.0
3122281.0 520381.0 3.0
3125203.0 520868.0 3.0
3149611.0 524936.0 3.0
3194941.0 532491.0 3.0
3197683.0 532948.0 3.0
3199027.0 533172.0 3.0
3209323.0 534888.0 3.0
3216427.0 536072.0 3.0
3217195.0 536200.0 3.0
3234949.0 539159.0 3.0
3236029.0 539339.0 3.0
3237433.0 539573.0 3.0
3254815.0 542470.0 3.0
3256249.0 542709.0 3.0
3275371.0 545896.0 3.0
3275521.0 545921.0 3.0
3278515.0 546420.0 3.0
3278629.0 546439.0 3.0
3284881.0 547481.0 3.0
3288787.0 548132.0 3.0
3300199.0 550034.0 3.0
3305257.0 550877.0 3.0
3314755.0 552460.0 3.0
3347233.0 557873.0 3.0
3351229.0 558539.0 3.0
3352027.0 558672.0 3.0
3352741.0 558791.0 3.0
3353263.0 558878.0 3.0
3375937.0 562657.0 3.0
3381061.0 563511.0 3.0
3389257.0 564877.0 3.0
3391081.0 565181.0 3.0
3400819.0 566804.0 3.0
3408571.0 568096.0 3.0
3430399.0 571734.0 3.0
3431125.0 571855.0 3.0
3442831.0 573806.0 3.0
3454303.0 575718.0 3.0
3465445.0 577575.0 3.0
3487981.0 581331.0 3.0
3495277.0 582547.0 3.0
3520087.0 586682.0 3.0
3528559.0 588094.0 3.0
3543961.0 590661.0 3.0
3596071.0 599346.0 3.0
3603013.0 600503.0 3.0
3604669.0 600779.0 3.0
3641077.0 606847.0 3.0
3647041.0 607841.0 3.0
3651655.0 608610.0 3.0
3654589.0 609099.0 3.0
3685039.0 614174.0 3.0
3686713.0 614453.0 3.0
3692497.0 615417.0 3.0
3699607.0 616602.0 3.0
3706957.0 617827.0 3.0
3720553.0 620093.0 3.0
3744859.0 624144.0 3.0
3746791.0 624466.0 3.0
3772369.0 628729.0 3.0
3777853.0 629643.0 3.0
3829387.0 638232.0 3.0
3923707.0 653952.0 3.0
3939511.0 656586.0 3.0
3942613.0 657103.0 3.0
3973141.0 662191.0 3.0
4005313.0 667553.0 3.0
4036627.0 672772.0 3.0
4197811.0 699636.0 3.0
4201927.0 700322.0 3.0
4209787.0 701632.0 3.0
4335733.0 722623.0 3.0
4403419.0 733904.0 3.0
4648291.0 774716.0 3.0
