rev2
125137.0 20857.0 3.0
130531.0 21756.0 3.0
131191.0 21866.0 3.0
133411.0 22236.0 3.0
134413.0 22403.0 3.0
135475.0 22580.0 3.0
137335.0 22890.0 3.0
137371.0 22896.0 3.0
138751.0 23126.0 3.0
140215.0 23370.0 3.0
140611.0 23436.0 3.0
140767.0 23462.0 3.0
141685.0 23615.0 3.0
141925.0 23655.0 3.0
142189.0 23699.0 3.0
142453.0 23743.0 3.0
142849.0 23809.0 3.0
143995.0 24000.0 3.0
144457.0 24077.0 3.0
146485.0 24415.0 3.0
147211.0 24536.0 3.0
147415.0 24570.0 3.0
148195.0 24700.0 3.0
148459.0 24744.0 3.0
148639.0 24774.0 3.0
148657.0 24777.0 3.0
150331.0 25056.0 3.0
150985.0 25165.0 3.0
152485.0 25415.0 3.0
152947.0 25492.0 3.0
154693.0 25783.0 3.0
155245.0 25875.0 3.0
155437.0 25907.0 3.0
155863.0 25978.0 3.0
156331.0 26056.0 3.0
156385.0 26065.0 3.0
156769.0 26129.0 3.0
157435.0 26240.0 3.0
157993.0 26333.0 3.0
158215.0 26370.0 3.0
160099.0 26684.0 3.0
160255.0 26710.0 3.0
160261.0 26711.0 3.0
160495.0 26750.0 3.0
160837.0 26807.0 3.0
161425.0 26905.0 3.0
161467.0 26912.0 3.0
161665.0 26945.0 3.0
162067.0 27012.0 3.0
162559.0 27094.0 3.0
162571.0 27096.0 3.0
163729.0 27289.0 3.0
164335.0 27390.0 3.0
164575.0 27430.0 3.0
164881.0 27481.0 3.0
164989.0 27499.0 3.0
165331.0 27556.0 3.0
165451.0 27576.0 3.0
165457.0 27577.0 3.0
166585.0 27765.0 3.0
166771.0 27796.0 3.0
166933.0 27823.0 3.0
167071.0 27846.0 3.0
167191.0 27866.0 3.0
167341.0 27891.0 3.0
167479.0 27914.0 3.0
167485.0 27915.0 3.0
167659.0 27944.0 3.0
167707.0 27952.0 3.0
168163.0 28028.0 3.0
168739.0 28124.0 3.0
168787.0 28132.0 3.0
169891.0 28316.0 3.0
169903.0 28318.0 3.0
171133.0 28523.0 3.0
171619.0 28604.0 3.0
171889.0 28649.0 3.0
175981.0 29331.0 3.0
177511.0 29586.0 3.0
177643.0 29608.0 3.0
179857.0 29977.0 3.0
183157.0 30527.0 3.0
184711.0 30786.0 3.0
187585.0 31265.0 3.0
191407.0 31902.0 3.0
193207.0 32202.0 3.0
196135.0 32690.0 3.0
196291.0 32716.0 3.0
196387.0 32732.0 3.0
199273.0 33213.0 3.0
203485.0 33915.0 3.0
205429.0 34239.0 3.0
208087.0 34682.0 3.0
212959.0 35494.0 3.0
213187.0 35532.0 3.0
216907.0 36152.0 3.0
219481.0 36581.0 3.0
221377.0 36897.0 3.0
229075.0 38180.0 3.0
262717.0 43787.0 3.0
