rev2
13.0 3.0 3.0
19.0 4.0 3.0
37.0 7.0 3.0
37.0 7.0 3.0
43.0 8.0 3.0
49.0 9.0 3.0
49.0 9.0 3.0
49.0 9.0 3.0
55.0 10.0 3.0
55.0 10.0 3.0
61.0 11.0 3.0
61.0 11.0 3.0
61.0 11.0 3.0
67.0 12.0 3.0
67.0 12.0 3.0
67.0 12.0 3.0
67.0 12.0 3.0
67.0 12.0 3.0
67.0 12.0 3.0
73.0 13.0 3.0
73.0 13.0 3.0
73.0 13.0 3.0
73.0 13.0 3.0
73.0 13.0 3.0
73.0 13.0 3.0
73.0 13.0 3.0
73.0 13.0 3.0
79.0 14.0 3.0
79.0 14.0 3.0
79.0 14.0 3.0
79.0 14.0 3.0
79.0 14.0 3.0
79.0 14.0 3.0
79.0 14.0 3.0
79.0 14.0 3.0
79.0 14.0 3.0
79.0 14.0 3.0
85.0 15.0 3.0
85.0 15.0 3.0
85.0 15.0 3.0
85.0 15.0 3.0
85.0 15.0 3.0
91.0 16.0 3.0
91.0 16.0 3.0
91.0 16.0 3.0
97.0 17.0 3.0
97.0 17.0 3.0
97.0 17.0 3.0
97.0 17.0 3.0
97.0 17.0 3.0
97.0 17.0 3.0
97.0 17.0 3.0
97.0 17.0 3.0
97.0 17.0 3.0
97.0 17.0 3.0
103.0 18.0 3.0
103.0 18.0 3.0
109.0 19.0 3.0
109.0 19.0 3.0
115.0 20.0 3.0
115.0 20.0 3.0
115.0 20.0 3.0
115.0 20.0 3.0
115.0 20.0 3.0
121.0 21.0 3.0
121.0 21.0 3.0
121.0 21.0 3.0
121.0 21.0 3.0
127.0 22.0 3.0
127.0 22.0 3.0
133.0 23.0 3.0
139.0 24.0 3.0
139.0 24.0 3.0
145.0 25.0 3.0
145.0 25.0 3.0
145.0 25.0 3.0
145.0 25.0 3.0
151.0 26.0 3.0
151.0 26.0 3.0
151.0 26.0 3.0
151.0 26.0 3.0
151.0 26.0 3.0
157.0 27.0 3.0
157.0 27.0 3.0
157.0 27.0 3.0
163.0 28.0 3.0
163.0 28.0 3.0
169.0 29.0 3.0
175.0 30.0 3.0
181.0 31.0 3.0
181.0 31.0 3.0
181.0 31.0 3.0
187.0 32.0 3.0
187.0 32.0 3.0
199.0 34.0 3.0
217.0 37.0 3.0
223.0 38.0 3.0
235.0 40.0 3.0
265.0 45.0 3.0
307.0 52.0 3.0
