rev2
56923.0 9488.0 3.0
59305.0 9885.0 3.0
59725.0 9955.0 3.0
59779.0 9964.0 3.0
61195.0 10200.0 3.0
61513.0 10253.0 3.0
62221.0 10371.0 3.0
62263.0 10378.0 3.0
62743.0 10458.0 3.0
62755.0 10460.0 3.0
63487.0 10582.0 3.0
63907.0 10652.0 3.0
64165.0 10695.0 3.0
64219.0 10704.0 3.0
64327.0 10722.0 3.0
64327.0 10722.0 3.0
65263.0 10878.0 3.0
65281.0 10881.0 3.0
65329.0 10889.0 3.0
65605.0 10935.0 3.0
65893.0 10983.0 3.0
66061.0 11011.0 3.0
66061.0 11011.0 3.0
66307.0 11052.0 3.0
66553.0 11093.0 3.0
66931.0 11156.0 3.0
67177.0 11197.0 3.0
67957.0 11327.0 3.0
68347.0 11392.0 3.0
68965.0 11495.0 3.0
69067.0 11512.0 3.0
69115.0 11520.0 3.0
69427.0 11572.0 3.0
69553.0 11593.0 3.0
70405.0 11735.0 3.0
70771.0 11796.0 3.0
70855.0 11810.0 3.0
70999.0 11834.0 3.0
71425.0 11905.0 3.0
71467.0 11912.0 3.0
71629.0 11939.0 3.0
72067.0 12012.0 3.0
72211.0 12036.0 3.0
72361.0 12061.0 3.0
72625.0 12105.0 3.0
72877.0 12147.0 3.0
72937.0 12157.0 3.0
73279.0 12214.0 3.0
73363.0 12228.0 3.0
73579.0 12264.0 3.0
73993.0 12333.0 3.0
74269.0 12379.0 3.0
74485.0 12415.0 3.0
74593.0 12433.0 3.0
74725.0 12455.0 3.0
74761.0 12461.0 3.0
75025.0 12505.0 3.0
75055.0 12510.0 3.0
75145.0 12525.0 3.0
75979.0 12664.0 3.0
76159.0 12694.0 3.0
76705.0 12785.0 3.0
76705.0 12785.0 3.0
76735.0 12790.0 3.0
77005.0 12835.0 3.0
77125.0 12855.0 3.0
78007.0 13002.0 3.0
79123.0 13188.0 3.0
79219.0 13204.0 3.0
79615.0 13270.0 3.0
80059.0 13344.0 3.0
80413.0 13403.0 3.0
80605.0 13435.0 3.0
81685.0 13615.0 3.0
82015.0 13670.0 3.0
82099.0 13684.0 3.0
82105.0 13685.0 3.0
82603.0 13768.0 3.0
82711.0 13786.0 3.0
83029.0 13839.0 3.0
83695.0 13950.0 3.0
84763.0 14128.0 3.0
85297.0 14217.0 3.0
86287.0 14382.0 3.0
86569.0 14429.0 3.0
87505.0 14585.0 3.0
88495.0 14750.0 3.0
89071.0 14846.0 3.0
90073.0 15013.0 3.0
90601.0 15101.0 3.0
90727.0 15122.0 3.0
90979.0 15164.0 3.0
91789.0 15299.0 3.0
92527.0 15422.0 3.0
93895.0 15650.0 3.0
94063.0 15678.0 3.0
94699.0 15784.0 3.0
94813.0 15803.0 3.0
100009.0 16669.0 3.0
115825.0 19305.0 3.0
