rev2
2.6005897E7 4334317.0 3.0
2.6943121E7 4490521.0 3.0
2.6948185E7 4491365.0 3.0
2.7157693E7 4526283.0 3.0
2.7372823E7 4562138.0 3.0
2.7411379E7 4568564.0 3.0
2.7746611E7 4624436.0 3.0
2.7825841E7 4637641.0 3.0
2.7836767E7 4639462.0 3.0
2.7919465E7 4653245.0 3.0
2.8037857E7 4672977.0 3.0
2.8109581E7 4684931.0 3.0
2.8284349E7 4714059.0 3.0
2.8284763E7 4714128.0 3.0
2.8289347E7 4714892.0 3.0
2.8319011E7 4719836.0 3.0
2.8338811E7 4723136.0 3.0
2.8450993E7 4741833.0 3.0
2.8503979E7 4750664.0 3.0
2.8537813E7 4756303.0 3.0
2.8723873E7 4787313.0 3.0
2.8838989E7 4806499.0 3.0
2.8927963E7 4821328.0 3.0
2.9043685E7 4840615.0 3.0
2.9094349E7 4849059.0 3.0
2.9140681E7 4856781.0 3.0
2.9167897E7 4861317.0 3.0
2.9239561E7 4873261.0 3.0
2.9308699E7 4884784.0 3.0
2.9476129E7 4912689.0 3.0
2.9498185E7 4916365.0 3.0
2.9532265E7 4922045.0 3.0
2.9574229E7 4929039.0 3.0
2.9583451E7 4930576.0 3.0
2.9601433E7 4933573.0 3.0
2.9647975E7 4941330.0 3.0
2.9791543E7 4965258.0 3.0
2.9830741E7 4971791.0 3.0
2.9862313E7 4977053.0 3.0
3.0015241E7 5002541.0 3.0
3.0019579E7 5003264.0 3.0
3.0105349E7 5017559.0 3.0
3.0132073E7 5022013.0 3.0
3.0155077E7 5025847.0 3.0
3.0161317E7 5026887.0 3.0
3.0169963E7 5028328.0 3.0
3.0274399E7 5045734.0 3.0
3.0503929E7 5083989.0 3.0
3.0559423E7 5093238.0 3.0
3.0618493E7 5103083.0 3.0
3.0681979E7 5113664.0 3.0
3.0822937E7 5137157.0 3.0
3.0976423E7 5162738.0 3.0
3.0981217E7 5163537.0 3.0
3.1113355E7 5185560.0 3.0
3.1151827E7 5191972.0 3.0
3.1152775E7 5192130.0 3.0
3.1165879E7 5194314.0 3.0
3.1208515E7 5201420.0 3.0
3.1215529E7 5202589.0 3.0
3.1234423E7 5205738.0 3.0
3.1292419E7 5215404.0 3.0
3.1496269E7 5249379.0 3.0
3.1498411E7 5249736.0 3.0
3.1541299E7 5256884.0 3.0
3.1637035E7 5272840.0 3.0
3.1648777E7 5274797.0 3.0
3.1653763E7 5275628.0 3.0
3.1664767E7 5277462.0 3.0
3.1767091E7 5294516.0 3.0
3.1877701E7 5312951.0 3.0
3.1903921E7 5317321.0 3.0
3.2357197E7 5392867.0 3.0
3.2492683E7 5415448.0 3.0
3.2498347E7 5416392.0 3.0
3.2516413E7 5419403.0 3.0
3.2649343E7 5441558.0 3.0
3.2675125E7 5445855.0 3.0
3.3027493E7 5504583.0 3.0
3.3140785E7 5523465.0 3.0
3.3225289E7 5537549.0 3.0
3.3250879E7 5541814.0 3.0
3.3391201E7 5565201.0 3.0
3.3591889E7 5598649.0 3.0
3.3810835E7 5635140.0 3.0
3.3946273E7 5657713.0 3.0
3.4043179E7 5673864.0 3.0
3.4198993E7 5699833.0 3.0
3.4305907E7 5717652.0 3.0
3.4417573E7 5736263.0 3.0
3.4562563E7 5760428.0 3.0
3.4708651E7 5784776.0 3.0
3.4910695E7 5818450.0 3.0
3.5024299E7 5837384.0 3.0
3.5061583E7 5843598.0 3.0
3.5320423E7 5886738.0 3.0
3.5396629E7 5899439.0 3.0
3.5439769E7 5906629.0 3.0
3.6050107E7 6008352.0 3.0
3.7022857E7 6170477.0 3.0
