rev2
279379.0 46564.0 3.0
285187.0 47532.0 3.0
289873.0 48313.0 3.0
291259.0 48544.0 3.0
291301.0 48551.0 3.0
294145.0 49025.0 3.0
295903.0 49318.0 3.0
300715.0 50120.0 3.0
302773.0 50463.0 3.0
303181.0 50531.0 3.0
303493.0 50583.0 3.0
303775.0 50630.0 3.0
304207.0 50702.0 3.0
305743.0 50958.0 3.0
308869.0 51479.0 3.0
309091.0 51516.0 3.0
311371.0 51896.0 3.0
311605.0 51935.0 3.0
314407.0 52402.0 3.0
314617.0 52437.0 3.0
316129.0 52689.0 3.0
316999.0 52834.0 3.0
317125.0 52855.0 3.0
319597.0 53267.0 3.0
319657.0 53277.0 3.0
320131.0 53356.0 3.0
320635.0 53440.0 3.0
322699.0 53784.0 3.0
323335.0 53890.0 3.0
323779.0 53964.0 3.0
324931.0 54156.0 3.0
325687.0 54282.0 3.0
328045.0 54675.0 3.0
329233.0 54873.0 3.0
329503.0 54918.0 3.0
329809.0 54969.0 3.0
331111.0 55186.0 3.0
331651.0 55276.0 3.0
332197.0 55367.0 3.0
332683.0 55448.0 3.0
332857.0 55477.0 3.0
333211.0 55536.0 3.0
334057.0 55677.0 3.0
336397.0 56067.0 3.0
337891.0 56316.0 3.0
340903.0 56818.0 3.0
343351.0 57226.0 3.0
344425.0 57405.0 3.0
344833.0 57473.0 3.0
344959.0 57494.0 3.0
345529.0 57589.0 3.0
345967.0 57662.0 3.0
346867.0 57812.0 3.0
350701.0 58451.0 3.0
351031.0 58506.0 3.0
351097.0 58517.0 3.0
351211.0 58536.0 3.0
351445.0 58575.0 3.0
351775.0 58630.0 3.0
352837.0 58807.0 3.0
353641.0 58941.0 3.0
353701.0 58951.0 3.0
356209.0 59369.0 3.0
357283.0 59548.0 3.0
357697.0 59617.0 3.0
360061.0 60011.0 3.0
362743.0 60458.0 3.0
364963.0 60828.0 3.0
366199.0 61034.0 3.0
368401.0 61401.0 3.0
369301.0 61551.0 3.0
369751.0 61626.0 3.0
372883.0 62148.0 3.0
373603.0 62268.0 3.0
374215.0 62370.0 3.0
374233.0 62373.0 3.0
375925.0 62655.0 3.0
378019.0 63004.0 3.0
378691.0 63116.0 3.0
383767.0 63962.0 3.0
385201.0 64201.0 3.0
385495.0 64250.0 3.0
388459.0 64744.0 3.0
388981.0 64831.0 3.0
389287.0 64882.0 3.0
389479.0 64914.0 3.0
392959.0 65494.0 3.0
393667.0 65612.0 3.0
394333.0 65723.0 3.0
398767.0 66462.0 3.0
399397.0 66567.0 3.0
399697.0 66617.0 3.0
404767.0 67462.0 3.0
408385.0 68065.0 3.0
408421.0 68071.0 3.0
408553.0 68093.0 3.0
416197.0 69367.0 3.0
428275.0 71380.0 3.0
445345.0 74225.0 3.0
447415.0 74570.0 3.0
