rev2
2089.0 349.0 3.0
2095.0 350.0 3.0
2095.0 350.0 3.0
2221.0 371.0 3.0
2227.0 372.0 3.0
2377.0 397.0 3.0
2413.0 403.0 3.0
2431.0 406.0 3.0
2461.0 411.0 3.0
2491.0 416.0 3.0
2491.0 416.0 3.0
2497.0 417.0 3.0
2515.0 420.0 3.0
2521.0 421.0 3.0
2533.0 423.0 3.0
2545.0 425.0 3.0
2581.0 431.0 3.0
2611.0 436.0 3.0
2635.0 440.0 3.0
2653.0 443.0 3.0
2689.0 449.0 3.0
2707.0 452.0 3.0
2755.0 460.0 3.0
2767.0 462.0 3.0
2833.0 473.0 3.0
2845.0 475.0 3.0
2845.0 475.0 3.0
2863.0 478.0 3.0
2881.0 481.0 3.0
2887.0 482.0 3.0
2893.0 483.0 3.0
2899.0 484.0 3.0
2905.0 485.0 3.0
2929.0 489.0 3.0
2965.0 495.0 3.0
2971.0 496.0 3.0
2971.0 496.0 3.0
2995.0 500.0 3.0
2995.0 500.0 3.0
3007.0 502.0 3.0
3025.0 505.0 3.0
3031.0 506.0 3.0
3037.0 507.0 3.0
3037.0 507.0 3.0
3049.0 509.0 3.0
3067.0 512.0 3.0
3073.0 513.0 3.0
3139.0 524.0 3.0
3157.0 527.0 3.0
3163.0 528.0 3.0
3169.0 529.0 3.0
3175.0 530.0 3.0
3181.0 531.0 3.0
3193.0 533.0 3.0
3241.0 541.0 3.0
3253.0 543.0 3.0
3265.0 545.0 3.0
3265.0 545.0 3.0
3283.0 548.0 3.0
3289.0 549.0 3.0
3319.0 554.0 3.0
3331.0 556.0 3.0
3355.0 560.0 3.0
3361.0 561.0 3.0
3391.0 566.0 3.0
3403.0 568.0 3.0
3505.0 585.0 3.0
3523.0 588.0 3.0
3535.0 590.0 3.0
3535.0 590.0 3.0
3559.0 594.0 3.0
3565.0 595.0 3.0
3595.0 600.0 3.0
3607.0 602.0 3.0
3619.0 604.0 3.0
3631.0 606.0 3.0
3679.0 614.0 3.0
3703.0 618.0 3.0
3733.0 623.0 3.0
3763.0 628.0 3.0
3775.0 630.0 3.0
3787.0 632.0 3.0
3817.0 637.0 3.0
3847.0 642.0 3.0
3871.0 646.0 3.0
3895.0 650.0 3.0
3913.0 653.0 3.0
4009.0 669.0 3.0
4021.0 671.0 3.0
4057.0 677.0 3.0
4189.0 699.0 3.0
4225.0 705.0 3.0
4297.0 717.0 3.0
4603.0 768.0 3.0
5077.0 847.0 3.0
5263.0 878.0 3.0
5371.0 896.0 3.0
5869.0 979.0 3.0
7615.0 1270.0 3.0
8197.0 1367.0 3.0
