rev4
3375.0 646.0 3.0
3902.0 724.0 3.0
3920.0 735.0 3.0
3974.0 751.0 3.0
4115.0 780.0 3.0
4288.0 803.0 3.0
4408.0 819.0 3.0
4470.0 836.0 3.0
4475.0 841.0 3.0
4483.0 832.0 3.0
4495.0 850.0 3.0
4513.0 844.0 3.0
4528.0 842.0 3.0
4620.0 863.0 3.0
4620.0 865.0 3.0
4632.0 865.0 3.0
4633.0 867.0 3.0
4657.0 870.0 3.0
4659.0 870.0 3.0
4663.0 872.0 3.0
4691.0 877.0 3.0
4722.0 885.0 3.0
4747.0 888.0 3.0
4776.0 889.0 3.0
4795.0 893.0 3.0
4795.0 900.0 3.0
4829.0 906.0 3.0
4862.0 911.0 3.0
4878.0 917.0 3.0
4892.0 912.0 3.0
4895.0 928.0 3.0
4900.0 915.0 3.0
4929.0 929.0 3.0
4959.0 919.0 3.0
4966.0 931.0 3.0
4975.0 930.0 3.0
4981.0 919.0 3.0
4999.0 920.0 3.0
5019.0 937.0 3.0
5046.0 950.0 3.0
5062.0 948.0 3.0
5069.0 942.0 3.0
5081.0 946.0 3.0
5156.0 961.0 3.0
5201.0 975.0 3.0
5225.0 982.0 3.0
5239.0 976.0 3.0
5279.0 992.0 3.0
5279.0 983.0 3.0
5295.0 996.0 3.0
5296.0 992.0 3.0
5300.0 985.0 3.0
5337.0 1003.0 3.0
5340.0 1022.0 3.0
5351.0 1016.0 3.0
5353.0 1007.0 3.0
5358.0 1002.0 3.0
5367.0 998.0 3.0
5370.0 1009.0 3.0
5381.0 996.0 3.0
5459.0 1018.0 3.0
5471.0 1024.0 3.0
5493.0 1023.0 3.0
5520.0 1031.0 3.0
5599.0 1043.0 3.0
5631.0 1057.0 3.0
5639.0 1061.0 3.0
5698.0 1053.0 3.0
5701.0 1072.0 3.0
5754.0 1091.0 3.0
5771.0 1096.0 3.0
5818.0 1097.0 3.0
5852.0 1087.0 3.0
5857.0 1100.0 3.0
5886.0 1098.0 3.0
5909.0 1099.0 3.0
5975.0 1121.0 3.0
5995.0 1131.0 3.0
6053.0 1130.0 3.0
6059.0 1128.0 3.0
6065.0 1138.0 3.0
6112.0 1127.0 3.0
6223.0 1172.0 3.0
6306.0 1192.0 3.0
6368.0 1188.0 3.0
6397.0 1192.0 3.0
6479.0 1209.0 3.0
6655.0 1245.0 3.0
6720.0 1258.0 3.0
6785.0 1269.0 3.0
6786.0 1273.0 3.0
6813.0 1279.0 3.0
6887.0 1294.0 3.0
6910.0 1291.0 3.0
6919.0 1299.0 3.0
7010.0 1320.0 3.0
7353.0 1376.0 3.0
7636.0 1430.0 3.0
8274.0 1551.0 3.0
8568.0 1606.0 3.0
