rev2
637513.0 106253.0 3.0
654709.0 109119.0 3.0
667705.0 111285.0 3.0
671929.0 111989.0 3.0
672799.0 112134.0 3.0
672967.0 112162.0 3.0
674551.0 112426.0 3.0
677707.0 112952.0 3.0
678895.0 113150.0 3.0
680455.0 113410.0 3.0
681727.0 113622.0 3.0
682015.0 113670.0 3.0
687385.0 114565.0 3.0
690211.0 115036.0 3.0
691273.0 115213.0 3.0
691603.0 115268.0 3.0
693511.0 115586.0 3.0
693673.0 115613.0 3.0
694279.0 115714.0 3.0
694507.0 115752.0 3.0
696781.0 116131.0 3.0
697609.0 116269.0 3.0
699241.0 116541.0 3.0
708355.0 118060.0 3.0
711691.0 118616.0 3.0
717391.0 119566.0 3.0
719323.0 119888.0 3.0
723301.0 120551.0 3.0
724771.0 120796.0 3.0
725731.0 120956.0 3.0
726739.0 121124.0 3.0
727141.0 121191.0 3.0
728533.0 121423.0 3.0
734719.0 122454.0 3.0
740203.0 123368.0 3.0
741523.0 123588.0 3.0
743671.0 123946.0 3.0
745321.0 124221.0 3.0
747505.0 124585.0 3.0
748135.0 124690.0 3.0
748807.0 124802.0 3.0
751621.0 125271.0 3.0
751807.0 125302.0 3.0
757033.0 126173.0 3.0
758053.0 126343.0 3.0
758509.0 126419.0 3.0
760201.0 126701.0 3.0
761821.0 126971.0 3.0
762667.0 127112.0 3.0
763141.0 127191.0 3.0
763675.0 127280.0 3.0
764251.0 127376.0 3.0
765091.0 127516.0 3.0
767815.0 127970.0 3.0
769159.0 128194.0 3.0
776053.0 129343.0 3.0
784687.0 130782.0 3.0
790861.0 131811.0 3.0
791239.0 131874.0 3.0
793015.0 132170.0 3.0
798973.0 133163.0 3.0
799027.0 133172.0 3.0
802795.0 133800.0 3.0
806281.0 134381.0 3.0
807157.0 134527.0 3.0
811735.0 135290.0 3.0
811963.0 135328.0 3.0
822757.0 137127.0 3.0
823207.0 137202.0 3.0
824635.0 137440.0 3.0
824905.0 137485.0 3.0
827077.0 137847.0 3.0
827365.0 137895.0 3.0
837655.0 139610.0 3.0
844981.0 140831.0 3.0
857671.0 142946.0 3.0
863941.0 143991.0 3.0
866755.0 144460.0 3.0
868735.0 144790.0 3.0
873787.0 145632.0 3.0
874159.0 145694.0 3.0
876541.0 146091.0 3.0
877399.0 146234.0 3.0
887605.0 147935.0 3.0
890323.0 148388.0 3.0
891121.0 148521.0 3.0
894259.0 149044.0 3.0
900907.0 150152.0 3.0
903505.0 150585.0 3.0
911299.0 151884.0 3.0
927223.0 154538.0 3.0
940471.0 156746.0 3.0
951931.0 158656.0 3.0
953071.0 158846.0 3.0
955795.0 159300.0 3.0
957391.0 159566.0 3.0
962179.0 160364.0 3.0
972451.0 162076.0 3.0
985489.0 164249.0 3.0
986821.0 164471.0 3.0
