rev2
278767.0 46462.0 3.0
282895.0 47150.0 3.0
287887.0 47982.0 3.0
292375.0 48730.0 3.0
298441.0 49741.0 3.0
302143.0 50358.0 3.0
305329.0 50889.0 3.0
307177.0 51197.0 3.0
308125.0 51355.0 3.0
308419.0 51404.0 3.0
311695.0 51950.0 3.0
314587.0 52432.0 3.0
315193.0 52533.0 3.0
315289.0 52549.0 3.0
316537.0 52757.0 3.0
319291.0 53216.0 3.0
320281.0 53381.0 3.0
325789.0 54299.0 3.0
325825.0 54305.0 3.0
327331.0 54556.0 3.0
327979.0 54664.0 3.0
328639.0 54774.0 3.0
329167.0 54862.0 3.0
329227.0 54872.0 3.0
329851.0 54976.0 3.0
331573.0 55263.0 3.0
333679.0 55614.0 3.0
336145.0 56025.0 3.0
337837.0 56307.0 3.0
338983.0 56498.0 3.0
340675.0 56780.0 3.0
341101.0 56851.0 3.0
342055.0 57010.0 3.0
342145.0 57025.0 3.0
342973.0 57163.0 3.0
343309.0 57219.0 3.0
343333.0 57223.0 3.0
343429.0 57239.0 3.0
347077.0 57847.0 3.0
347701.0 57951.0 3.0
348961.0 58161.0 3.0
349825.0 58305.0 3.0
349831.0 58306.0 3.0
350767.0 58462.0 3.0
351913.0 58653.0 3.0
352399.0 58734.0 3.0
352861.0 58811.0 3.0
354283.0 59048.0 3.0
355159.0 59194.0 3.0
357613.0 59603.0 3.0
357613.0 59603.0 3.0
357907.0 59652.0 3.0
358831.0 59806.0 3.0
359863.0 59978.0 3.0
360259.0 60044.0 3.0
361465.0 60245.0 3.0
362989.0 60499.0 3.0
364327.0 60722.0 3.0
364813.0 60803.0 3.0
365107.0 60852.0 3.0
366589.0 61099.0 3.0
367135.0 61190.0 3.0
367447.0 61242.0 3.0
367657.0 61277.0 3.0
368713.0 61453.0 3.0
369307.0 61552.0 3.0
372115.0 62020.0 3.0
373393.0 62233.0 3.0
376135.0 62690.0 3.0
376831.0 62806.0 3.0
380053.0 63343.0 3.0
381595.0 63600.0 3.0
381769.0 63629.0 3.0
382327.0 63722.0 3.0
389683.0 64948.0 3.0
392305.0 65385.0 3.0
392335.0 65390.0 3.0
392617.0 65437.0 3.0
393103.0 65518.0 3.0
393667.0 65612.0 3.0
394483.0 65748.0 3.0
399091.0 66516.0 3.0
403015.0 67170.0 3.0
409477.0 68247.0 3.0
413185.0 68865.0 3.0
415531.0 69256.0 3.0
418795.0 69800.0 3.0
419329.0 69889.0 3.0
422335.0 70390.0 3.0
437089.0 72849.0 3.0
448273.0 74713.0 3.0
455653.0 75943.0 3.0
459211.0 76536.0 3.0
465973.0 77663.0 3.0
473701.0 78951.0 3.0
478555.0 79760.0 3.0
482659.0 80444.0 3.0
483523.0 80588.0 3.0
493291.0 82216.0 3.0
500485.0 83415.0 3.0
