rev4
82919.0 15521.0 3.0
83213.0 15542.0 3.0
89705.0 16781.0 3.0
90734.0 17006.0 3.0
92456.0 17327.0 3.0
93576.0 17473.0 3.0
94706.0 17765.0 3.0
94725.0 17756.0 3.0
95656.0 17897.0 3.0
96058.0 17989.0 3.0
96854.0 18181.0 3.0
96892.0 18158.0 3.0
96982.0 18158.0 3.0
98428.0 18415.0 3.0
98556.0 18426.0 3.0
98735.0 18474.0 3.0
99027.0 18584.0 3.0
100569.0 18859.0 3.0
100690.0 18828.0 3.0
101405.0 18962.0 3.0
101412.0 18995.0 3.0
101687.0 19088.0 3.0
102102.0 19134.0 3.0
102695.0 19214.0 3.0
103072.0 19321.0 3.0
103389.0 19327.0 3.0
104190.0 19549.0 3.0
104215.0 19465.0 3.0
104549.0 19523.0 3.0
105048.0 19714.0 3.0
105099.0 19711.0 3.0
105396.0 19789.0 3.0
105452.0 19824.0 3.0
105586.0 19773.0 3.0
106089.0 19872.0 3.0
107053.0 19987.0 3.0
107156.0 20076.0 3.0
107157.0 20034.0 3.0
107270.0 20070.0 3.0
108026.0 20189.0 3.0
108302.0 20235.0 3.0
108333.0 20295.0 3.0
109032.0 20466.0 3.0
109128.0 20464.0 3.0
109599.0 20485.0 3.0
109709.0 20514.0 3.0
110144.0 20661.0 3.0
110282.0 20664.0 3.0
110412.0 20683.0 3.0
110465.0 20658.0 3.0
111037.0 20758.0 3.0
112295.0 20988.0 3.0
112434.0 21114.0 3.0
113154.0 21161.0 3.0
113608.0 21281.0 3.0
114176.0 21412.0 3.0
114426.0 21412.0 3.0
115012.0 21520.0 3.0
115412.0 21696.0 3.0
115774.0 21653.0 3.0
116019.0 21670.0 3.0
116640.0 21822.0 3.0
117778.0 22049.0 3.0
118116.0 22076.0 3.0
118540.0 22182.0 3.0
119143.0 22290.0 3.0
119478.0 22383.0 3.0
119671.0 22397.0 3.0
119706.0 22387.0 3.0
120836.0 22634.0 3.0
120933.0 22635.0 3.0
121017.0 22663.0 3.0
121215.0 22749.0 3.0
121273.0 22687.0 3.0
121548.0 22784.0 3.0
122032.0 22823.0 3.0
122118.0 22893.0 3.0
122871.0 22967.0 3.0
123013.0 23031.0 3.0
123233.0 23065.0 3.0
125161.0 23384.0 3.0
125479.0 23465.0 3.0
125618.0 23509.0 3.0
125659.0 23456.0 3.0
126916.0 23694.0 3.0
129670.0 24250.0 3.0
130648.0 24517.0 3.0
132590.0 24814.0 3.0
132728.0 24886.0 3.0
133013.0 24883.0 3.0
134643.0 25199.0 3.0
136624.0 25561.0 3.0
136988.0 25691.0 3.0
138163.0 25915.0 3.0
143732.0 26924.0 3.0
143872.0 26973.0 3.0
146592.0 27477.0 3.0
153421.0 28683.0 3.0
156751.0 29334.0 3.0
165080.0 30973.0 3.0
