rev4
7837.0 1475.0 3.0
8337.0 1563.0 3.0
8367.0 1572.0 3.0
8421.0 1593.0 3.0
9040.0 1677.0 3.0
9158.0 1717.0 3.0
9237.0 1727.0 3.0
9245.0 1736.0 3.0
9411.0 1767.0 3.0
9433.0 1755.0 3.0
9449.0 1782.0 3.0
9468.0 1784.0 3.0
9511.0 1767.0 3.0
9782.0 1837.0 3.0
9808.0 1845.0 3.0
9860.0 1846.0 3.0
9925.0 1859.0 3.0
10018.0 1869.0 3.0
10027.0 1872.0 3.0
10029.0 1869.0 3.0
10129.0 1901.0 3.0
10177.0 1897.0 3.0
10264.0 1930.0 3.0
10271.0 1929.0 3.0
10273.0 1915.0 3.0
10452.0 1965.0 3.0
10467.0 1965.0 3.0
10477.0 1946.0 3.0
10500.0 1969.0 3.0
10521.0 1971.0 3.0
10552.0 1968.0 3.0
10558.0 1989.0 3.0
10573.0 1996.0 3.0
10584.0 1975.0 3.0
10617.0 1981.0 3.0
10631.0 1979.0 3.0
10660.0 2012.0 3.0
10832.0 2033.0 3.0
10909.0 2038.0 3.0
10910.0 2050.0 3.0
10928.0 2047.0 3.0
10976.0 2055.0 3.0
10983.0 2047.0 3.0
11012.0 2080.0 3.0
11036.0 2060.0 3.0
11038.0 2078.0 3.0
11068.0 2063.0 3.0
11086.0 2060.0 3.0
11102.0 2079.0 3.0
11170.0 2082.0 3.0
11210.0 2084.0 3.0
11296.0 2121.0 3.0
11316.0 2118.0 3.0
11466.0 2151.0 3.0
11480.0 2150.0 3.0
11490.0 2143.0 3.0
11497.0 2161.0 3.0
11524.0 2169.0 3.0
11542.0 2165.0 3.0
11571.0 2149.0 3.0
11606.0 2174.0 3.0
11618.0 2157.0 3.0
11618.0 2186.0 3.0
11878.0 2230.0 3.0
12033.0 2261.0 3.0
12046.0 2279.0 3.0
12071.0 2271.0 3.0
12091.0 2267.0 3.0
12092.0 2265.0 3.0
12158.0 2286.0 3.0
12195.0 2280.0 3.0
12238.0 2291.0 3.0
12249.0 2310.0 3.0
12315.0 2326.0 3.0
12321.0 2312.0 3.0
12339.0 2312.0 3.0
12351.0 2305.0 3.0
12354.0 2326.0 3.0
12589.0 2360.0 3.0
12663.0 2376.0 3.0
12785.0 2404.0 3.0
12790.0 2423.0 3.0
12809.0 2389.0 3.0
12820.0 2407.0 3.0
12904.0 2420.0 3.0
12994.0 2435.0 3.0
13100.0 2456.0 3.0
13114.0 2450.0 3.0
13251.0 2465.0 3.0
13329.0 2489.0 3.0
13487.0 2526.0 3.0
14230.0 2666.0 3.0
14407.0 2696.0 3.0
14732.0 2740.0 3.0
14800.0 2766.0 3.0
15025.0 2814.0 3.0
15199.0 2839.0 3.0
15228.0 2854.0 3.0
15638.0 2925.0 3.0
16330.0 3062.0 3.0
