rev2
2818423.0 469738.0 3.0
2843635.0 473940.0 3.0
2879341.0 479891.0 3.0
2913475.0 485580.0 3.0
2932255.0 488710.0 3.0
2945593.0 490933.0 3.0
2984023.0 497338.0 3.0
2985793.0 497633.0 3.0
2990383.0 498398.0 3.0
3032071.0 505346.0 3.0
3034591.0 505766.0 3.0
3047407.0 507902.0 3.0
3057169.0 509529.0 3.0
3066025.0 511005.0 3.0
3067435.0 511240.0 3.0
3076045.0 512675.0 3.0
3103147.0 517192.0 3.0
3114157.0 519027.0 3.0
3114541.0 519091.0 3.0
3120631.0 520106.0 3.0
3130825.0 521805.0 3.0
3132727.0 522122.0 3.0
3137383.0 522898.0 3.0
3149977.0 524997.0 3.0
3164533.0 527423.0 3.0
3188047.0 531342.0 3.0
3188179.0 531364.0 3.0
3202669.0 533779.0 3.0
3206947.0 534492.0 3.0
3213769.0 535629.0 3.0
3218299.0 536384.0 3.0
3222829.0 537139.0 3.0
3227305.0 537885.0 3.0
3229357.0 538227.0 3.0
3241855.0 540310.0 3.0
3261727.0 543622.0 3.0
3278257.0 546377.0 3.0
3279883.0 546648.0 3.0
3285967.0 547662.0 3.0
3302941.0 550491.0 3.0
3306349.0 551059.0 3.0
3312469.0 552079.0 3.0
3314305.0 552385.0 3.0
3324217.0 554037.0 3.0
3324949.0 554159.0 3.0
3341527.0 556922.0 3.0
3357139.0 559524.0 3.0
3357427.0 559572.0 3.0
3369475.0 561580.0 3.0
3376051.0 562676.0 3.0
3379987.0 563332.0 3.0
3405043.0 567508.0 3.0
3407017.0 567837.0 3.0
3409849.0 568309.0 3.0
3413185.0 568865.0 3.0
3426115.0 571020.0 3.0
3427423.0 571238.0 3.0
3430771.0 571796.0 3.0
3453871.0 575646.0 3.0
3469879.0 578314.0 3.0
3479239.0 579874.0 3.0
3485725.0 580955.0 3.0
3522001.0 587001.0 3.0
3533797.0 588967.0 3.0
3539083.0 589848.0 3.0
3542071.0 590346.0 3.0
3555607.0 592602.0 3.0
3590125.0 598355.0 3.0
3590203.0 598368.0 3.0
3595441.0 599241.0 3.0
3640465.0 606745.0 3.0
3642145.0 607025.0 3.0
3658969.0 609829.0 3.0
3665113.0 610853.0 3.0
3697423.0 616238.0 3.0
3723919.0 620654.0 3.0
3739555.0 623260.0 3.0
3760717.0 626787.0 3.0
3761713.0 626953.0 3.0
3763045.0 627175.0 3.0
3776533.0 629423.0 3.0
3809665.0 634945.0 3.0
3846835.0 641140.0 3.0
3889507.0 648252.0 3.0
3905101.0 650851.0 3.0
3905503.0 650918.0 3.0
3913219.0 652204.0 3.0
3932365.0 655395.0 3.0
3943333.0 657223.0 3.0
3956167.0 659362.0 3.0
3981661.0 663611.0 3.0
4055989.0 675999.0 3.0
4089373.0 681563.0 3.0
4143535.0 690590.0 3.0
4233709.0 705619.0 3.0
4253299.0 708884.0 3.0
4323631.0 720606.0 3.0
4332037.0 722007.0 3.0
4491847.0 748642.0 3.0
4730893.0 788483.0 3.0
