rev4
3854541.0 721966.0 3.0
3903221.0 731037.0 3.0
3967578.0 743118.0 3.0
4088690.0 765627.0 3.0
4103124.0 768458.0 3.0
4157704.0 778596.0 3.0
4179226.0 783021.0 3.0
4201456.0 786764.0 3.0
4242515.0 794682.0 3.0
4251617.0 796487.0 3.0
4322010.0 809252.0 3.0
4325321.0 809607.0 3.0
4329755.0 810713.0 3.0
4346834.0 813737.0 3.0
4347591.0 814137.0 3.0
4368987.0 818177.0 3.0
4369207.0 818541.0 3.0
4388290.0 821618.0 3.0
4404374.0 824581.0 3.0
4406844.0 825304.0 3.0
4408380.0 825596.0 3.0
4409181.0 826007.0 3.0
4420295.0 827879.0 3.0
4421215.0 827510.0 3.0
4437092.0 831151.0 3.0
4441145.0 831839.0 3.0
4451353.0 833298.0 3.0
4453986.0 834522.0 3.0
4459790.0 835456.0 3.0
4469534.0 837108.0 3.0
4479052.0 838913.0 3.0
4525426.0 847487.0 3.0
4535092.0 849248.0 3.0
4555437.0 852948.0 3.0
4566361.0 854928.0 3.0
4568105.0 855467.0 3.0
4569419.0 855643.0 3.0
4570382.0 855865.0 3.0
4578864.0 857363.0 3.0
4580736.0 857604.0 3.0
4620482.0 865457.0 3.0
4640730.0 869248.0 3.0
4651210.0 870927.0 3.0
4676085.0 875652.0 3.0
4676726.0 876035.0 3.0
4696698.0 879680.0 3.0
4756075.0 890623.0 3.0
4759829.0 891240.0 3.0
4774918.0 894200.0 3.0
4776656.0 894483.0 3.0
4791479.0 897465.0 3.0
4813653.0 901316.0 3.0
4820471.0 902717.0 3.0
4841212.0 906310.0 3.0
4848387.0 908041.0 3.0
4857975.0 909515.0 3.0
4865267.0 911115.0 3.0
4875643.0 912935.0 3.0
4891973.0 916012.0 3.0
4901655.0 917940.0 3.0
4909938.0 919978.0 3.0
4912327.0 920035.0 3.0
4936761.0 924486.0 3.0
4951659.0 927582.0 3.0
4955352.0 927588.0 3.0
4964986.0 929765.0 3.0
4979462.0 932470.0 3.0
4991494.0 934217.0 3.0
4996745.0 936033.0 3.0
4997723.0 936121.0 3.0
5005094.0 937425.0 3.0
5070507.0 949306.0 3.0
5093029.0 953618.0 3.0
5135043.0 961445.0 3.0
5147724.0 963957.0 3.0
5148012.0 964284.0 3.0
5151392.0 964866.0 3.0
5170628.0 968429.0 3.0
5228479.0 979654.0 3.0
5238531.0 980817.0 3.0
5239988.0 981252.0 3.0
5273806.0 987857.0 3.0
5289969.0 990814.0 3.0
5292155.0 991296.0 3.0
5292573.0 991526.0 3.0
5303523.0 993318.0 3.0
5355512.0 1003113.0 3.0
5363466.0 1004019.0 3.0
5364584.0 1004465.0 3.0
5398603.0 1011000.0 3.0
5433697.0 1017507.0 3.0
5475354.0 1025675.0 3.0
5475777.0 1025537.0 3.0
5611413.0 1050752.0 3.0
5722807.0 1071891.0 3.0
5948499.0 1113896.0 3.0
6036224.0 1130621.0 3.0
6494446.0 1216253.0 3.0
6665614.0 1248573.0 3.0
6931076.0 1298023.0 3.0
