rev2
961.0 161.0 3.0
1129.0 189.0 3.0
1141.0 191.0 3.0
1165.0 195.0 3.0
1201.0 201.0 3.0
1243.0 208.0 3.0
1261.0 211.0 3.0
1285.0 215.0 3.0
1285.0 215.0 3.0
1333.0 223.0 3.0
1339.0 224.0 3.0
1345.0 225.0 3.0
1363.0 228.0 3.0
1387.0 232.0 3.0
1423.0 238.0 3.0
1441.0 241.0 3.0
1453.0 243.0 3.0
1453.0 243.0 3.0
1465.0 245.0 3.0
1471.0 246.0 3.0
1483.0 248.0 3.0
1495.0 250.0 3.0
1507.0 252.0 3.0
1519.0 254.0 3.0
1531.0 256.0 3.0
1531.0 256.0 3.0
1531.0 256.0 3.0
1537.0 257.0 3.0
1537.0 257.0 3.0
1555.0 260.0 3.0
1573.0 263.0 3.0
1573.0 263.0 3.0
1579.0 264.0 3.0
1585.0 265.0 3.0
1591.0 266.0 3.0
1597.0 267.0 3.0
1603.0 268.0 3.0
1603.0 268.0 3.0
1603.0 268.0 3.0
1609.0 269.0 3.0
1621.0 271.0 3.0
1645.0 275.0 3.0
1645.0 275.0 3.0
1657.0 277.0 3.0
1663.0 278.0 3.0
1669.0 279.0 3.0
1681.0 281.0 3.0
1681.0 281.0 3.0
1687.0 282.0 3.0
1687.0 282.0 3.0
1699.0 284.0 3.0
1705.0 285.0 3.0
1717.0 287.0 3.0
1717.0 287.0 3.0
1735.0 290.0 3.0
1741.0 291.0 3.0
1753.0 293.0 3.0
1753.0 293.0 3.0
1759.0 294.0 3.0
1759.0 294.0 3.0
1765.0 295.0 3.0
1783.0 298.0 3.0
1801.0 301.0 3.0
1807.0 302.0 3.0
1813.0 303.0 3.0
1837.0 307.0 3.0
1861.0 311.0 3.0
1891.0 316.0 3.0
1891.0 316.0 3.0
1897.0 317.0 3.0
1921.0 321.0 3.0
1921.0 321.0 3.0
1921.0 321.0 3.0
1969.0 329.0 3.0
1969.0 329.0 3.0
1993.0 333.0 3.0
1999.0 334.0 3.0
1999.0 334.0 3.0
2017.0 337.0 3.0
2029.0 339.0 3.0
2089.0 349.0 3.0
2107.0 352.0 3.0
2125.0 355.0 3.0
2131.0 356.0 3.0
2137.0 357.0 3.0
2179.0 364.0 3.0
2185.0 365.0 3.0
2185.0 365.0 3.0
2263.0 378.0 3.0
2293.0 383.0 3.0
2329.0 389.0 3.0
2377.0 397.0 3.0
2395.0 400.0 3.0
2407.0 402.0 3.0
2617.0 437.0 3.0
2689.0 449.0 3.0
2761.0 461.0 3.0
2803.0 468.0 3.0
2821.0 471.0 3.0
2857.0 477.0 3.0
