rev2
1332007.0 222002.0 3.0
1339849.0 223309.0 3.0
1347001.0 224501.0 3.0
1382473.0 230413.0 3.0
1389727.0 231622.0 3.0
1397485.0 232915.0 3.0
1402951.0 233826.0 3.0
1403581.0 233931.0 3.0
1415287.0 235882.0 3.0
1415791.0 235966.0 3.0
1421281.0 236881.0 3.0
1428295.0 238050.0 3.0
1443577.0 240597.0 3.0
1459195.0 243200.0 3.0
1468033.0 244673.0 3.0
1477339.0 246224.0 3.0
1480363.0 246728.0 3.0
1480723.0 246788.0 3.0
1485655.0 247610.0 3.0
1492285.0 248715.0 3.0
1493077.0 248847.0 3.0
1497097.0 249517.0 3.0
1498597.0 249767.0 3.0
1501603.0 250268.0 3.0
1509883.0 251648.0 3.0
1511059.0 251844.0 3.0
1515421.0 252571.0 3.0
1520683.0 253448.0 3.0
1532059.0 255344.0 3.0
1538167.0 256362.0 3.0
1538959.0 256494.0 3.0
1540129.0 256689.0 3.0
1540327.0 256722.0 3.0
1544443.0 257408.0 3.0
1549093.0 258183.0 3.0
1554553.0 259093.0 3.0
1557361.0 259561.0 3.0
1557733.0 259623.0 3.0
1559365.0 259895.0 3.0
1562653.0 260443.0 3.0
1564483.0 260748.0 3.0
1575115.0 262520.0 3.0
1576267.0 262712.0 3.0
1581307.0 263552.0 3.0
1582495.0 263750.0 3.0
1583125.0 263855.0 3.0
1598245.0 266375.0 3.0
1598353.0 266393.0 3.0
1600081.0 266681.0 3.0
1602115.0 267020.0 3.0
1603459.0 267244.0 3.0
1605085.0 267515.0 3.0
1608853.0 268143.0 3.0
1610413.0 268403.0 3.0
1613059.0 268844.0 3.0
1617085.0 269515.0 3.0
1617091.0 269516.0 3.0
1619515.0 269920.0 3.0
1626193.0 271033.0 3.0
1631149.0 271859.0 3.0
1636519.0 272754.0 3.0
1638967.0 273162.0 3.0
1640413.0 273403.0 3.0
1641337.0 273557.0 3.0
1644823.0 274138.0 3.0
1655905.0 275985.0 3.0
1663885.0 277315.0 3.0
1664119.0 277354.0 3.0
1664707.0 277452.0 3.0
1664731.0 277456.0 3.0
1664773.0 277463.0 3.0
1665985.0 277665.0 3.0
1670455.0 278410.0 3.0
1673875.0 278980.0 3.0
1675705.0 279285.0 3.0
1682239.0 280374.0 3.0
1687891.0 281316.0 3.0
1688077.0 281347.0 3.0
1700125.0 283355.0 3.0
1700503.0 283418.0 3.0
1733875.0 288980.0 3.0
1742149.0 290359.0 3.0
1747711.0 291286.0 3.0
1755037.0 292507.0 3.0
1771057.0 295177.0 3.0
1774819.0 295804.0 3.0
1776709.0 296119.0 3.0
1778257.0 296377.0 3.0
1786579.0 297764.0 3.0
1794919.0 299154.0 3.0
1811881.0 301981.0 3.0
1827733.0 304623.0 3.0
1853779.0 308964.0 3.0
1881415.0 313570.0 3.0
1883341.0 313891.0 3.0
1966093.0 327683.0 3.0
1967401.0 327901.0 3.0
2098105.0 349685.0 3.0
2128561.0 354761.0 3.0
2222959.0 370494.0 3.0
