rev2
2419.0 404.0 3.0
2431.0 406.0 3.0
2503.0 418.0 3.0
2533.0 423.0 3.0
2563.0 428.0 3.0
2581.0 431.0 3.0
2689.0 449.0 3.0
2707.0 452.0 3.0
2761.0 461.0 3.0
2767.0 462.0 3.0
2803.0 468.0 3.0
2845.0 475.0 3.0
2851.0 476.0 3.0
2875.0 480.0 3.0
2935.0 490.0 3.0
2935.0 490.0 3.0
2947.0 492.0 3.0
2953.0 493.0 3.0
2953.0 493.0 3.0
2965.0 495.0 3.0
2971.0 496.0 3.0
2989.0 499.0 3.0
3091.0 516.0 3.0
3151.0 526.0 3.0
3169.0 529.0 3.0
3175.0 530.0 3.0
3211.0 536.0 3.0
3217.0 537.0 3.0
3223.0 538.0 3.0
3259.0 544.0 3.0
3271.0 546.0 3.0
3271.0 546.0 3.0
3283.0 548.0 3.0
3361.0 561.0 3.0
3361.0 561.0 3.0
3385.0 565.0 3.0
3409.0 569.0 3.0
3445.0 575.0 3.0
3451.0 576.0 3.0
3487.0 582.0 3.0
3493.0 583.0 3.0
3505.0 585.0 3.0
3505.0 585.0 3.0
3505.0 585.0 3.0
3523.0 588.0 3.0
3529.0 589.0 3.0
3541.0 591.0 3.0
3541.0 591.0 3.0
3541.0 591.0 3.0
3547.0 592.0 3.0
3559.0 594.0 3.0
3637.0 607.0 3.0
3655.0 610.0 3.0
3661.0 611.0 3.0
3679.0 614.0 3.0
3685.0 615.0 3.0
3715.0 620.0 3.0
3715.0 620.0 3.0
3733.0 623.0 3.0
3781.0 631.0 3.0
3787.0 632.0 3.0
3793.0 633.0 3.0
3835.0 640.0 3.0
3847.0 642.0 3.0
3847.0 642.0 3.0
3919.0 654.0 3.0
3925.0 655.0 3.0
3931.0 656.0 3.0
3937.0 657.0 3.0
3961.0 661.0 3.0
3985.0 665.0 3.0
3997.0 667.0 3.0
4003.0 668.0 3.0
4021.0 671.0 3.0
4057.0 677.0 3.0
4063.0 678.0 3.0
4117.0 687.0 3.0
4135.0 690.0 3.0
4213.0 703.0 3.0
4225.0 705.0 3.0
4237.0 707.0 3.0
4243.0 708.0 3.0
4261.0 711.0 3.0
4273.0 713.0 3.0
4309.0 719.0 3.0
4327.0 722.0 3.0
4405.0 735.0 3.0
4513.0 753.0 3.0
4621.0 771.0 3.0
4621.0 771.0 3.0
4783.0 798.0 3.0
4843.0 808.0 3.0
4957.0 827.0 3.0
5155.0 860.0 3.0
5161.0 861.0 3.0
5341.0 891.0 3.0
5533.0 923.0 3.0
5761.0 961.0 3.0
6811.0 1136.0 3.0
6847.0 1142.0 3.0
