rev2
59347.0 9892.0 3.0
60079.0 10014.0 3.0
61795.0 10300.0 3.0
62599.0 10434.0 3.0
64213.0 10703.0 3.0
66697.0 11117.0 3.0
66943.0 11158.0 3.0
66967.0 11162.0 3.0
67801.0 11301.0 3.0
67951.0 11326.0 3.0
68125.0 11355.0 3.0
68695.0 11450.0 3.0
68767.0 11462.0 3.0
69061.0 11511.0 3.0
69109.0 11519.0 3.0
69523.0 11588.0 3.0
70063.0 11678.0 3.0
70597.0 11767.0 3.0
71923.0 11988.0 3.0
72085.0 12015.0 3.0
72097.0 12017.0 3.0
72373.0 12063.0 3.0
72379.0 12064.0 3.0
72595.0 12100.0 3.0
72679.0 12114.0 3.0
72763.0 12128.0 3.0
72979.0 12164.0 3.0
73297.0 12217.0 3.0
73729.0 12289.0 3.0
74113.0 12353.0 3.0
74299.0 12384.0 3.0
74467.0 12412.0 3.0
74737.0 12457.0 3.0
74761.0 12461.0 3.0
74965.0 12495.0 3.0
75265.0 12545.0 3.0
75319.0 12554.0 3.0
75427.0 12572.0 3.0
75745.0 12625.0 3.0
76693.0 12783.0 3.0
77023.0 12838.0 3.0
77311.0 12886.0 3.0
78325.0 13055.0 3.0
78775.0 13130.0 3.0
78793.0 13133.0 3.0
79357.0 13227.0 3.0
79627.0 13272.0 3.0
79891.0 13316.0 3.0
80077.0 13347.0 3.0
80425.0 13405.0 3.0
80431.0 13406.0 3.0
80557.0 13427.0 3.0
80671.0 13446.0 3.0
80779.0 13464.0 3.0
80833.0 13473.0 3.0
80995.0 13500.0 3.0
81601.0 13601.0 3.0
81871.0 13646.0 3.0
82669.0 13779.0 3.0
83203.0 13868.0 3.0
83353.0 13893.0 3.0
83359.0 13894.0 3.0
83389.0 13899.0 3.0
84025.0 14005.0 3.0
84085.0 14015.0 3.0
84085.0 14015.0 3.0
84121.0 14021.0 3.0
85003.0 14168.0 3.0
85039.0 14174.0 3.0
85069.0 14179.0 3.0
85231.0 14206.0 3.0
85777.0 14297.0 3.0
85837.0 14307.0 3.0
86185.0 14365.0 3.0
86509.0 14419.0 3.0
86587.0 14432.0 3.0
87037.0 14507.0 3.0
87109.0 14519.0 3.0
87973.0 14663.0 3.0
89803.0 14968.0 3.0
90811.0 15136.0 3.0
90847.0 15142.0 3.0
92371.0 15396.0 3.0
92551.0 15426.0 3.0
93097.0 15517.0 3.0
93115.0 15520.0 3.0
93577.0 15597.0 3.0
94255.0 15710.0 3.0
94411.0 15736.0 3.0
95785.0 15965.0 3.0
96409.0 16069.0 3.0
98365.0 16395.0 3.0
102973.0 17163.0 3.0
104167.0 17362.0 3.0
104647.0 17442.0 3.0
104989.0 17499.0 3.0
106585.0 17765.0 3.0
109939.0 18324.0 3.0
117721.0 19621.0 3.0
125149.0 20859.0 3.0
