rev2
2.6593435E7 4432240.0 3.0
2.6939887E7 4489982.0 3.0
2.7445579E7 4574264.0 3.0
2.7511123E7 4585188.0 3.0
2.7516037E7 4586007.0 3.0
2.7900673E7 4650113.0 3.0
2.8078825E7 4679805.0 3.0
2.8125985E7 4687665.0 3.0
2.8130683E7 4688448.0 3.0
2.8439497E7 4739917.0 3.0
2.8534417E7 4755737.0 3.0
2.8584625E7 4764105.0 3.0
2.8653199E7 4775534.0 3.0
2.8769107E7 4794852.0 3.0
2.8997389E7 4832899.0 3.0
2.9086465E7 4847745.0 3.0
2.9124409E7 4854069.0 3.0
2.9175439E7 4862574.0 3.0
2.9366245E7 4894375.0 3.0
2.9421553E7 4903593.0 3.0
2.9499169E7 4916529.0 3.0
2.9527183E7 4921198.0 3.0
2.9571649E7 4928609.0 3.0
2.9709745E7 4951625.0 3.0
2.9715463E7 4952578.0 3.0
2.9848489E7 4974749.0 3.0
2.9858701E7 4976451.0 3.0
2.9875531E7 4979256.0 3.0
2.9895955E7 4982660.0 3.0
2.9898331E7 4983056.0 3.0
2.9988841E7 4998141.0 3.0
3.0021415E7 5003570.0 3.0
3.0092929E7 5015489.0 3.0
3.0135409E7 5022569.0 3.0
3.0173359E7 5028894.0 3.0
3.0198391E7 5033066.0 3.0
3.0233413E7 5038903.0 3.0
3.0246403E7 5041068.0 3.0
3.0272803E7 5045468.0 3.0
3.0413335E7 5068890.0 3.0
3.0418603E7 5069768.0 3.0
3.0424201E7 5070701.0 3.0
3.0627691E7 5104616.0 3.0
3.0675019E7 5112504.0 3.0
3.0699649E7 5116609.0 3.0
3.0741721E7 5123621.0 3.0
3.0853705E7 5142285.0 3.0
3.0984727E7 5164122.0 3.0
3.1072489E7 5178749.0 3.0
3.1094341E7 5182391.0 3.0
3.1102765E7 5183795.0 3.0
3.1208863E7 5201478.0 3.0
3.1365379E7 5227564.0 3.0
3.1384633E7 5230773.0 3.0
3.1571641E7 5261941.0 3.0
3.1587403E7 5264568.0 3.0
3.1598629E7 5266439.0 3.0
3.1831315E7 5305220.0 3.0
3.1876513E7 5312753.0 3.0
3.1890655E7 5315110.0 3.0
3.1945645E7 5324275.0 3.0
3.1955785E7 5325965.0 3.0
3.2007067E7 5334512.0 3.0
3.2025121E7 5337521.0 3.0
3.2253625E7 5375605.0 3.0
3.2348959E7 5391494.0 3.0
3.2453485E7 5408915.0 3.0
3.2468893E7 5411483.0 3.0
3.2584357E7 5430727.0 3.0
3.2652535E7 5442090.0 3.0
3.2695759E7 5449294.0 3.0
3.2724061E7 5454011.0 3.0
3.2763835E7 5460640.0 3.0
3.2991385E7 5498565.0 3.0
3.3227053E7 5537843.0 3.0
3.3325513E7 5554253.0 3.0
3.3512323E7 5585388.0 3.0
3.3573625E7 5595605.0 3.0
3.3679621E7 5613271.0 3.0
3.3745117E7 5624187.0 3.0
3.3800191E7 5633366.0 3.0
3.3891661E7 5648611.0 3.0
3.3993931E7 5665656.0 3.0
3.4001311E7 5666886.0 3.0
3.4077493E7 5679583.0 3.0
3.4166431E7 5694406.0 3.0
3.4506373E7 5751063.0 3.0
3.4512265E7 5752045.0 3.0
3.4797775E7 5799630.0 3.0
3.4973971E7 5828996.0 3.0
3.5196193E7 5866033.0 3.0
3.6165499E7 6027584.0 3.0
3.6322051E7 6053676.0 3.0
3.6399469E7 6066579.0 3.0
3.6421819E7 6070304.0 3.0
3.6427777E7 6071297.0 3.0
3.6577405E7 6096235.0 3.0
3.7355677E7 6225947.0 3.0
3.8595205E7 6432535.0 3.0
3.9941041E7 6656841.0 3.0
