rev2
1.2713509E7 2118919.0 3.0
1.2884029E7 2147339.0 3.0
1.2982771E7 2163796.0 3.0
1.3138087E7 2189682.0 3.0
1.3211527E7 2201922.0 3.0
1.3248259E7 2208044.0 3.0
1.3269343E7 2211558.0 3.0
1.3340629E7 2223439.0 3.0
1.3353871E7 2225646.0 3.0
1.3374277E7 2229047.0 3.0
1.3486543E7 2247758.0 3.0
1.3492945E7 2248825.0 3.0
1.3538293E7 2256383.0 3.0
1.3560907E7 2260152.0 3.0
1.3573243E7 2262208.0 3.0
1.3609147E7 2268192.0 3.0
1.3610401E7 2268401.0 3.0
1.3688299E7 2281384.0 3.0
1.3695901E7 2282651.0 3.0
1.3750675E7 2291780.0 3.0
1.3771321E7 2295221.0 3.0
1.3819105E7 2303185.0 3.0
1.3831177E7 2305197.0 3.0
1.3849777E7 2308297.0 3.0
1.3868239E7 2311374.0 3.0
1.3868689E7 2311449.0 3.0
1.3939063E7 2323178.0 3.0
1.3954945E7 2325825.0 3.0
1.4019349E7 2336559.0 3.0
1.4021203E7 2336868.0 3.0
1.4039503E7 2339918.0 3.0
1.4156593E7 2359433.0 3.0
1.4176237E7 2362707.0 3.0
1.4193181E7 2365531.0 3.0
1.4205949E7 2367659.0 3.0
1.4277301E7 2379551.0 3.0
1.4337889E7 2389649.0 3.0
1.4380249E7 2396709.0 3.0
1.4442835E7 2407140.0 3.0
1.4443555E7 2407260.0 3.0
1.4447407E7 2407902.0 3.0
1.4448289E7 2408049.0 3.0
1.4449537E7 2408257.0 3.0
1.4471635E7 2411940.0 3.0
1.4494081E7 2415681.0 3.0
1.4508949E7 2418159.0 3.0
1.4514793E7 2419133.0 3.0
1.4527501E7 2421251.0 3.0
1.4548999E7 2424834.0 3.0
1.4549803E7 2424968.0 3.0
1.4555887E7 2425982.0 3.0
1.4572963E7 2428828.0 3.0
1.4626039E7 2437674.0 3.0
1.4643751E7 2440626.0 3.0
1.4695537E7 2449257.0 3.0
1.4732623E7 2455438.0 3.0
1.4740489E7 2456749.0 3.0
1.4774677E7 2462447.0 3.0
1.4777221E7 2462871.0 3.0
1.4788003E7 2464668.0 3.0
1.4798125E7 2466355.0 3.0
1.4805379E7 2467564.0 3.0
1.4810581E7 2468431.0 3.0
1.4840761E7 2473461.0 3.0
1.4897551E7 2482926.0 3.0
1.4902951E7 2483826.0 3.0
1.5176521E7 2529421.0 3.0
1.5231097E7 2538517.0 3.0
1.5260641E7 2543441.0 3.0
1.5277279E7 2546214.0 3.0
1.5410131E7 2568356.0 3.0
1.5478249E7 2579709.0 3.0
1.5504289E7 2584049.0 3.0
1.5510949E7 2585159.0 3.0
1.5532087E7 2588682.0 3.0
1.5546991E7 2591166.0 3.0
1.5567931E7 2594656.0 3.0
1.5822193E7 2637033.0 3.0
1.5964123E7 2660688.0 3.0
1.6036195E7 2672700.0 3.0
1.6211587E7 2701932.0 3.0
1.6220965E7 2703495.0 3.0
1.6322119E7 2720354.0 3.0
1.6324435E7 2720740.0 3.0
1.6453003E7 2742168.0 3.0
1.6567879E7 2761314.0 3.0
1.6567897E7 2761317.0 3.0
1.6601347E7 2766892.0 3.0
1.6809493E7 2801583.0 3.0
1.6982599E7 2830434.0 3.0
1.7048575E7 2841430.0 3.0
1.7190535E7 2865090.0 3.0
1.7972827E7 2995472.0 3.0
1.7985043E7 2997508.0 3.0
1.7990737E7 2998457.0 3.0
1.8272791E7 3045466.0 3.0
1.8543175E7 3090530.0 3.0
1.9116277E7 3186047.0 3.0
2.0328013E7 3388003.0 3.0
2.0864353E7 3477393.0 3.0
