rev2
27619.0 4604.0 3.0
28495.0 4750.0 3.0
28591.0 4766.0 3.0
28951.0 4826.0 3.0
29317.0 4887.0 3.0
29599.0 4934.0 3.0
29659.0 4944.0 3.0
29701.0 4951.0 3.0
29911.0 4986.0 3.0
30019.0 5004.0 3.0
30205.0 5035.0 3.0
30241.0 5041.0 3.0
30313.0 5053.0 3.0
30535.0 5090.0 3.0
30679.0 5114.0 3.0
31189.0 5199.0 3.0
31471.0 5246.0 3.0
31657.0 5277.0 3.0
31777.0 5297.0 3.0
31873.0 5313.0 3.0
32149.0 5359.0 3.0
32173.0 5363.0 3.0
32281.0 5381.0 3.0
32293.0 5383.0 3.0
32305.0 5385.0 3.0
32323.0 5388.0 3.0
32509.0 5419.0 3.0
32779.0 5464.0 3.0
32791.0 5466.0 3.0
33319.0 5554.0 3.0
33427.0 5572.0 3.0
33445.0 5575.0 3.0
33445.0 5575.0 3.0
33541.0 5591.0 3.0
33625.0 5605.0 3.0
33631.0 5606.0 3.0
33685.0 5615.0 3.0
33703.0 5618.0 3.0
33781.0 5631.0 3.0
33811.0 5636.0 3.0
33991.0 5666.0 3.0
34063.0 5678.0 3.0
34561.0 5761.0 3.0
34657.0 5777.0 3.0
34831.0 5806.0 3.0
34843.0 5808.0 3.0
34891.0 5816.0 3.0
34891.0 5816.0 3.0
34933.0 5823.0 3.0
34963.0 5828.0 3.0
34999.0 5834.0 3.0
35131.0 5856.0 3.0
35167.0 5862.0 3.0
35323.0 5888.0 3.0
35347.0 5892.0 3.0
35575.0 5930.0 3.0
35815.0 5970.0 3.0
36097.0 6017.0 3.0
36367.0 6062.0 3.0
36457.0 6077.0 3.0
36499.0 6084.0 3.0
36631.0 6106.0 3.0
36961.0 6161.0 3.0
37129.0 6189.0 3.0
37141.0 6191.0 3.0
37231.0 6206.0 3.0
37285.0 6215.0 3.0
37609.0 6269.0 3.0
37849.0 6309.0 3.0
38149.0 6359.0 3.0
38167.0 6362.0 3.0
38275.0 6380.0 3.0
38383.0 6398.0 3.0
38515.0 6420.0 3.0
38551.0 6426.0 3.0
38929.0 6489.0 3.0
39571.0 6596.0 3.0
40003.0 6668.0 3.0
40555.0 6760.0 3.0
40579.0 6764.0 3.0
41539.0 6924.0 3.0
41827.0 6972.0 3.0
42055.0 7010.0 3.0
42535.0 7090.0 3.0
42811.0 7136.0 3.0
43513.0 7253.0 3.0
43549.0 7259.0 3.0
43675.0 7280.0 3.0
44071.0 7346.0 3.0
44845.0 7475.0 3.0
44953.0 7493.0 3.0
45199.0 7534.0 3.0
46027.0 7672.0 3.0
46279.0 7714.0 3.0
47515.0 7920.0 3.0
48277.0 8047.0 3.0
49093.0 8183.0 3.0
51811.0 8636.0 3.0
52243.0 8708.0 3.0
75985.0 12665.0 3.0
