rev4
3123.0 265.0 6.0
3147.0 266.0 6.0
3188.0 269.0 6.0
3222.0 272.0 6.0
3249.0 274.0 6.0
3272.0 276.0 6.0
3279.0 276.0 6.0
3327.0 280.0 6.0
3352.0 284.0 6.0
3421.0 288.0 6.0
3437.0 290.0 6.0
3438.0 289.0 6.0
3486.0 296.0 6.0
3488.0 294.0 6.0
3489.0 293.0 6.0
3539.0 300.0 6.0
3548.0 301.0 6.0
3575.0 303.0 6.0
3581.0 301.0 6.0
3601.0 304.0 6.0
3610.0 305.0 6.0
3618.0 306.0 6.0
3628.0 306.0 6.0
3633.0 307.0 6.0
3639.0 307.0 6.0
3644.0 307.0 6.0
3645.0 310.0 6.0
3651.0 309.0 6.0
3653.0 309.0 6.0
3677.0 310.0 6.0
3678.0 309.0 6.0
3690.0 311.0 6.0
3713.0 315.0 6.0
3716.0 313.0 6.0
3755.0 317.0 6.0
3764.0 318.0 6.0
3767.0 318.0 6.0
3771.0 319.0 6.0
3771.0 319.0 6.0
3772.0 320.0 6.0
3783.0 319.0 6.0
3795.0 320.0 6.0
3800.0 319.0 6.0
3809.0 321.0 6.0
3822.0 322.0 6.0
3830.0 323.0 6.0
3841.0 322.0 6.0
3847.0 325.0 6.0
3864.0 326.0 6.0
3865.0 328.0 6.0
3866.0 326.0 6.0
3872.0 327.0 6.0
3887.0 327.0 6.0
3920.0 330.0 6.0
3939.0 332.0 6.0
3941.0 331.0 6.0
3970.0 335.0 6.0
3971.0 336.0 6.0
3973.0 335.0 6.0
3986.0 335.0 6.0
4025.0 339.0 6.0
4025.0 341.0 6.0
4029.0 339.0 6.0
4029.0 339.0 6.0
4069.0 342.0 6.0
4087.0 343.0 6.0
4096.0 347.0 6.0
4129.0 347.0 6.0
4145.0 348.0 6.0
4193.0 352.0 6.0
4205.0 355.0 6.0
4227.0 355.0 6.0
4258.0 360.0 6.0
4275.0 362.0 6.0
4324.0 365.0 6.0
4331.0 365.0 6.0
4332.0 366.0 6.0
4342.0 366.0 6.0
4347.0 366.0 6.0
4361.0 369.0 6.0
4364.0 370.0 6.0
4389.0 370.0 6.0
4395.0 372.0 6.0
4410.0 371.0 6.0
4416.0 372.0 6.0
4423.0 376.0 6.0
4455.0 375.0 6.0
4470.0 377.0 6.0
4498.0 379.0 6.0
4500.0 380.0 6.0
4699.0 397.0 6.0
4845.0 407.0 6.0
4848.0 410.0 6.0
4921.0 414.0 6.0
4952.0 416.0 6.0
4989.0 421.0 6.0
5095.0 428.0 6.0
5177.0 437.0 6.0
5336.0 450.0 6.0
6633.0 559.0 6.0
