rev4
30666.0 2585.0 6.0
31268.0 2637.0 6.0
32617.0 2754.0 6.0
32740.0 2751.0 6.0
32796.0 2774.0 6.0
32801.0 2766.0 6.0
33081.0 2794.0 6.0
33310.0 2806.0 6.0
33346.0 2808.0 6.0
33410.0 2807.0 6.0
33537.0 2825.0 6.0
33693.0 2832.0 6.0
33778.0 2845.0 6.0
33897.0 2855.0 6.0
33913.0 2853.0 6.0
34005.0 2858.0 6.0
34286.0 2890.0 6.0
34386.0 2893.0 6.0
34493.0 2903.0 6.0
34587.0 2918.0 6.0
34674.0 2920.0 6.0
34762.0 2932.0 6.0
34977.0 2940.0 6.0
35096.0 2954.0 6.0
35168.0 2962.0 6.0
35484.0 2987.0 6.0
35616.0 2998.0 6.0
35743.0 3005.0 6.0
35822.0 3013.0 6.0
35844.0 3017.0 6.0
35962.0 3029.0 6.0
36018.0 3036.0 6.0
36295.0 3056.0 6.0
36322.0 3059.0 6.0
36357.0 3062.0 6.0
36453.0 3080.0 6.0
36473.0 3071.0 6.0
36556.0 3071.0 6.0
36595.0 3082.0 6.0
36599.0 3082.0 6.0
36601.0 3076.0 6.0
36741.0 3095.0 6.0
36779.0 3094.0 6.0
36979.0 3112.0 6.0
37199.0 3128.0 6.0
37309.0 3147.0 6.0
37342.0 3150.0 6.0
37358.0 3149.0 6.0
37377.0 3150.0 6.0
37428.0 3156.0 6.0
37577.0 3170.0 6.0
37600.0 3166.0 6.0
37608.0 3174.0 6.0
37719.0 3170.0 6.0
37819.0 3183.0 6.0
37946.0 3190.0 6.0
38085.0 3211.0 6.0
38108.0 3208.0 6.0
38112.0 3205.0 6.0
38190.0 3217.0 6.0
38701.0 3260.0 6.0
38865.0 3275.0 6.0
38962.0 3282.0 6.0
39016.0 3284.0 6.0
39160.0 3291.0 6.0
39362.0 3310.0 6.0
39374.0 3316.0 6.0
39400.0 3317.0 6.0
39512.0 3328.0 6.0
39602.0 3339.0 6.0
39610.0 3337.0 6.0
39943.0 3366.0 6.0
40099.0 3377.0 6.0
40107.0 3379.0 6.0
40408.0 3402.0 6.0
40675.0 3425.0 6.0
40684.0 3423.0 6.0
40783.0 3430.0 6.0
40851.0 3432.0 6.0
41074.0 3460.0 6.0
41134.0 3470.0 6.0
41242.0 3469.0 6.0
41395.0 3490.0 6.0
42003.0 3539.0 6.0
42021.0 3543.0 6.0
42249.0 3566.0 6.0
42613.0 3592.0 6.0
42778.0 3602.0 6.0
43072.0 3634.0 6.0
43573.0 3675.0 6.0
43611.0 3676.0 6.0
44144.0 3711.0 6.0
44452.0 3750.0 6.0
45020.0 3800.0 6.0
45210.0 3804.0 6.0
45454.0 3821.0 6.0
45507.0 3834.0 6.0
47278.0 3980.0 6.0
51168.0 4308.0 6.0
51682.0 4356.0 6.0
