rev2
3.6645481E7 3053791.0 6.0
3.7206133E7 3100512.0 6.0
3.7770493E7 3147542.0 6.0
3.7897165E7 3158098.0 6.0
3.7901077E7 3158424.0 6.0
3.8066593E7 3172217.0 6.0
3.8307193E7 3192267.0 6.0
3.8477857E7 3206489.0 6.0
3.8576785E7 3214733.0 6.0
3.8744281E7 3228691.0 6.0
3.8769601E7 3230801.0 6.0
3.8805073E7 3233757.0 6.0
3.8820841E7 3235071.0 6.0
3.8891797E7 3240984.0 6.0
3.8892781E7 3241066.0 6.0
3.9064897E7 3255409.0 6.0
3.9215137E7 3267929.0 6.0
3.9261025E7 3271753.0 6.0
3.9268429E7 3272370.0 6.0
3.9280465E7 3273373.0 6.0
3.9381685E7 3281808.0 6.0
3.9442657E7 3286889.0 6.0
3.9500641E7 3291721.0 6.0
3.9648217E7 3304019.0 6.0
3.9653713E7 3304477.0 6.0
3.9837745E7 3319813.0 6.0
3.9967597E7 3330634.0 6.0
4.0004005E7 3333668.0 6.0
4.0011541E7 3334296.0 6.0
4.0046245E7 3337188.0 6.0
4.0082377E7 3340199.0 6.0
4.0091881E7 3340991.0 6.0
4.0104301E7 3342026.0 6.0
4.0183921E7 3348661.0 6.0
4.0293157E7 3357764.0 6.0
4.0415053E7 3367922.0 6.0
4.0423897E7 3368659.0 6.0
4.0431601E7 3369301.0 6.0
4.0607089E7 3383925.0 6.0
4.0697749E7 3391480.0 6.0
4.0706797E7 3392234.0 6.0
4.0757317E7 3396444.0 6.0
4.0873105E7 3406093.0 6.0
4.0910533E7 3409212.0 6.0
4.1131609E7 3427635.0 6.0
4.1194909E7 3432910.0 6.0
4.1256229E7 3438020.0 6.0
4.1262685E7 3438558.0 6.0
4.1342485E7 3445208.0 6.0
4.1497633E7 3458137.0 6.0
4.1715613E7 3476302.0 6.0
4.1744605E7 3478718.0 6.0
4.1841913E7 3486827.0 6.0
4.1848153E7 3487347.0 6.0
4.1864989E7 3488750.0 6.0
4.1876965E7 3489748.0 6.0
4.2082033E7 3506837.0 6.0
4.2194041E7 3516171.0 6.0
4.2204841E7 3517071.0 6.0
4.2232717E7 3519394.0 6.0
4.2301357E7 3525114.0 6.0
4.2432709E7 3536060.0 6.0
4.2519997E7 3543334.0 6.0
4.2529501E7 3544126.0 6.0
4.2654289E7 3554525.0 6.0
4.2658645E7 3554888.0 6.0
4.2676681E7 3556391.0 6.0
4.2720709E7 3560060.0 6.0
4.2753121E7 3562761.0 6.0
4.2973957E7 3581164.0 6.0
4.3048069E7 3587340.0 6.0
4.3113697E7 3592809.0 6.0
4.3170817E7 3597569.0 6.0
4.3421197E7 3618434.0 6.0
4.3485721E7 3623811.0 6.0
4.3606753E7 3633897.0 6.0
4.3862737E7 3655229.0 6.0
4.3992973E7 3666082.0 6.0
4.4050765E7 3670898.0 6.0
4.4063881E7 3671991.0 6.0
4.4187709E7 3682310.0 6.0
4.4284849E7 3690405.0 6.0
4.4386513E7 3698877.0 6.0
4.4467801E7 3705651.0 6.0
4.4802865E7 3733573.0 6.0
4.4941657E7 3745139.0 6.0
4.4948929E7 3745745.0 6.0
4.4985793E7 3748817.0 6.0
4.5038677E7 3753224.0 6.0
4.5424765E7 3785398.0 6.0
4.5529321E7 3794111.0 6.0
4.5561397E7 3796784.0 6.0
4.5584065E7 3798673.0 6.0
4.5872809E7 3822735.0 6.0
4.6297393E7 3858117.0 6.0
4.6358785E7 3863233.0 6.0
4.6393489E7 3866125.0 6.0
4.6613581E7 3884466.0 6.0
4.8142213E7 4011852.0 6.0
5.0978713E7 4248227.0 6.0
