rev2
805.0 68.0 6.0
829.0 70.0 6.0
889.0 75.0 6.0
937.0 79.0 6.0
961.0 81.0 6.0
973.0 82.0 6.0
973.0 82.0 6.0
973.0 82.0 6.0
985.0 83.0 6.0
997.0 84.0 6.0
997.0 84.0 6.0
997.0 84.0 6.0
1021.0 86.0 6.0
1021.0 86.0 6.0
1033.0 87.0 6.0
1033.0 87.0 6.0
1045.0 88.0 6.0
1045.0 88.0 6.0
1057.0 89.0 6.0
1057.0 89.0 6.0
1069.0 90.0 6.0
1069.0 90.0 6.0
1069.0 90.0 6.0
1081.0 91.0 6.0
1081.0 91.0 6.0
1093.0 92.0 6.0
1093.0 92.0 6.0
1093.0 92.0 6.0
1093.0 92.0 6.0
1093.0 92.0 6.0
1105.0 93.0 6.0
1105.0 93.0 6.0
1105.0 93.0 6.0
1117.0 94.0 6.0
1117.0 94.0 6.0
1117.0 94.0 6.0
1117.0 94.0 6.0
1117.0 94.0 6.0
1117.0 94.0 6.0
1117.0 94.0 6.0
1129.0 95.0 6.0
1129.0 95.0 6.0
1129.0 95.0 6.0
1129.0 95.0 6.0
1129.0 95.0 6.0
1141.0 96.0 6.0
1153.0 97.0 6.0
1165.0 98.0 6.0
1165.0 98.0 6.0
1165.0 98.0 6.0
1165.0 98.0 6.0
1165.0 98.0 6.0
1177.0 99.0 6.0
1177.0 99.0 6.0
1189.0 100.0 6.0
1189.0 100.0 6.0
1201.0 101.0 6.0
1201.0 101.0 6.0
1201.0 101.0 6.0
1213.0 102.0 6.0
1225.0 103.0 6.0
1225.0 103.0 6.0
1225.0 103.0 6.0
1261.0 106.0 6.0
1261.0 106.0 6.0
1261.0 106.0 6.0
1261.0 106.0 6.0
1261.0 106.0 6.0
1261.0 106.0 6.0
1261.0 106.0 6.0
1273.0 107.0 6.0
1273.0 107.0 6.0
1273.0 107.0 6.0
1273.0 107.0 6.0
1285.0 108.0 6.0
1285.0 108.0 6.0
1297.0 109.0 6.0
1297.0 109.0 6.0
1309.0 110.0 6.0
1321.0 111.0 6.0
1333.0 112.0 6.0
1345.0 113.0 6.0
1345.0 113.0 6.0
1357.0 114.0 6.0
1369.0 115.0 6.0
1381.0 116.0 6.0
1393.0 117.0 6.0
1417.0 119.0 6.0
1441.0 121.0 6.0
1453.0 122.0 6.0
1513.0 127.0 6.0
1513.0 127.0 6.0
1525.0 128.0 6.0
1549.0 130.0 6.0
1573.0 132.0 6.0
1597.0 134.0 6.0
1597.0 134.0 6.0
1621.0 136.0 6.0
1621.0 136.0 6.0
1969.0 165.0 6.0
