rev2
337.0 29.0 6.0
361.0 31.0 6.0
373.0 32.0 6.0
373.0 32.0 6.0
409.0 35.0 6.0
421.0 36.0 6.0
421.0 36.0 6.0
421.0 36.0 6.0
433.0 37.0 6.0
433.0 37.0 6.0
433.0 37.0 6.0
433.0 37.0 6.0
445.0 38.0 6.0
445.0 38.0 6.0
445.0 38.0 6.0
457.0 39.0 6.0
457.0 39.0 6.0
457.0 39.0 6.0
469.0 40.0 6.0
469.0 40.0 6.0
469.0 40.0 6.0
481.0 41.0 6.0
481.0 41.0 6.0
481.0 41.0 6.0
481.0 41.0 6.0
481.0 41.0 6.0
481.0 41.0 6.0
481.0 41.0 6.0
493.0 42.0 6.0
493.0 42.0 6.0
493.0 42.0 6.0
493.0 42.0 6.0
505.0 43.0 6.0
505.0 43.0 6.0
505.0 43.0 6.0
505.0 43.0 6.0
505.0 43.0 6.0
505.0 43.0 6.0
505.0 43.0 6.0
517.0 44.0 6.0
517.0 44.0 6.0
517.0 44.0 6.0
517.0 44.0 6.0
517.0 44.0 6.0
517.0 44.0 6.0
517.0 44.0 6.0
517.0 44.0 6.0
529.0 45.0 6.0
529.0 45.0 6.0
529.0 45.0 6.0
541.0 46.0 6.0
553.0 47.0 6.0
565.0 48.0 6.0
565.0 48.0 6.0
565.0 48.0 6.0
577.0 49.0 6.0
577.0 49.0 6.0
577.0 49.0 6.0
589.0 50.0 6.0
601.0 51.0 6.0
601.0 51.0 6.0
601.0 51.0 6.0
601.0 51.0 6.0
601.0 51.0 6.0
601.0 51.0 6.0
613.0 52.0 6.0
613.0 52.0 6.0
625.0 53.0 6.0
625.0 53.0 6.0
637.0 54.0 6.0
637.0 54.0 6.0
637.0 54.0 6.0
637.0 54.0 6.0
649.0 55.0 6.0
661.0 56.0 6.0
661.0 56.0 6.0
661.0 56.0 6.0
661.0 56.0 6.0
661.0 56.0 6.0
661.0 56.0 6.0
673.0 57.0 6.0
685.0 58.0 6.0
685.0 58.0 6.0
697.0 59.0 6.0
697.0 59.0 6.0
697.0 59.0 6.0
709.0 60.0 6.0
721.0 61.0 6.0
733.0 62.0 6.0
745.0 63.0 6.0
745.0 63.0 6.0
757.0 64.0 6.0
781.0 66.0 6.0
793.0 67.0 6.0
805.0 68.0 6.0
805.0 68.0 6.0
805.0 68.0 6.0
817.0 69.0 6.0
865.0 73.0 6.0
865.0 73.0 6.0
