rev2
20041.0 1671.0 6.0
20869.0 1740.0 6.0
20905.0 1743.0 6.0
20953.0 1747.0 6.0
21085.0 1758.0 6.0
21361.0 1781.0 6.0
21373.0 1782.0 6.0
21469.0 1790.0 6.0
21949.0 1830.0 6.0
22057.0 1839.0 6.0
22057.0 1839.0 6.0
22177.0 1849.0 6.0
22309.0 1860.0 6.0
22453.0 1872.0 6.0
22537.0 1879.0 6.0
22657.0 1889.0 6.0
22789.0 1900.0 6.0
22837.0 1904.0 6.0
22849.0 1905.0 6.0
22885.0 1908.0 6.0
22945.0 1913.0 6.0
22945.0 1913.0 6.0
23101.0 1926.0 6.0
23209.0 1935.0 6.0
23209.0 1935.0 6.0
23233.0 1937.0 6.0
23317.0 1944.0 6.0
23401.0 1951.0 6.0
23605.0 1968.0 6.0
23617.0 1969.0 6.0
23641.0 1971.0 6.0
23809.0 1985.0 6.0
23845.0 1988.0 6.0
23929.0 1995.0 6.0
23929.0 1995.0 6.0
23941.0 1996.0 6.0
23977.0 1999.0 6.0
24145.0 2013.0 6.0
24145.0 2013.0 6.0
24193.0 2017.0 6.0
24253.0 2022.0 6.0
24277.0 2024.0 6.0
24397.0 2034.0 6.0
24397.0 2034.0 6.0
24493.0 2042.0 6.0
24517.0 2044.0 6.0
24673.0 2057.0 6.0
24673.0 2057.0 6.0
24697.0 2059.0 6.0
24769.0 2065.0 6.0
24865.0 2073.0 6.0
24961.0 2081.0 6.0
25081.0 2091.0 6.0
25153.0 2097.0 6.0
25237.0 2104.0 6.0
25285.0 2108.0 6.0
25309.0 2110.0 6.0
25321.0 2111.0 6.0
25357.0 2114.0 6.0
25573.0 2132.0 6.0
25681.0 2141.0 6.0
25789.0 2150.0 6.0
25801.0 2151.0 6.0
25813.0 2152.0 6.0
25861.0 2156.0 6.0
25885.0 2158.0 6.0
26065.0 2173.0 6.0
26089.0 2175.0 6.0
26209.0 2185.0 6.0
26353.0 2197.0 6.0
26389.0 2200.0 6.0
26437.0 2204.0 6.0
26437.0 2204.0 6.0
26437.0 2204.0 6.0
26545.0 2213.0 6.0
26677.0 2224.0 6.0
26809.0 2235.0 6.0
26929.0 2245.0 6.0
27073.0 2257.0 6.0
27205.0 2268.0 6.0
27337.0 2279.0 6.0
27349.0 2280.0 6.0
27457.0 2289.0 6.0
27577.0 2299.0 6.0
27697.0 2309.0 6.0
27721.0 2311.0 6.0
27829.0 2320.0 6.0
27985.0 2333.0 6.0
28033.0 2337.0 6.0
28429.0 2370.0 6.0
28513.0 2377.0 6.0
28561.0 2381.0 6.0
28705.0 2393.0 6.0
28885.0 2408.0 6.0
29005.0 2418.0 6.0
29005.0 2418.0 6.0
30493.0 2542.0 6.0
30553.0 2547.0 6.0
33973.0 2832.0 6.0
34069.0 2840.0 6.0
