rev2
1.7153485E7 1429458.0 6.0
1.7459485E7 1454958.0 6.0
1.7689093E7 1474092.0 6.0
1.7888965E7 1490748.0 6.0
1.8140245E7 1511688.0 6.0
1.8210949E7 1517580.0 6.0
1.8239149E7 1519930.0 6.0
1.8271321E7 1522611.0 6.0
1.8279589E7 1523300.0 6.0
1.8356305E7 1529693.0 6.0
1.8366913E7 1530577.0 6.0
1.8420505E7 1535043.0 6.0
1.8595477E7 1549624.0 6.0
1.8639157E7 1553264.0 6.0
1.8669121E7 1555761.0 6.0
1.8710401E7 1559201.0 6.0
1.8796489E7 1566375.0 6.0
1.8796753E7 1566397.0 6.0
1.8810877E7 1567574.0 6.0
1.8867925E7 1572328.0 6.0
1.8890929E7 1574245.0 6.0
1.8892609E7 1574385.0 6.0
1.8938677E7 1578224.0 6.0
1.8946693E7 1578892.0 6.0
1.8974257E7 1581189.0 6.0
1.8974593E7 1581217.0 6.0
1.8982837E7 1581904.0 6.0
1.9029481E7 1585791.0 6.0
1.9043197E7 1586934.0 6.0
1.9130173E7 1594182.0 6.0
1.9135837E7 1594654.0 6.0
1.9171285E7 1597608.0 6.0
1.9212877E7 1601074.0 6.0
1.9217761E7 1601481.0 6.0
1.9231957E7 1602664.0 6.0
1.9275397E7 1606284.0 6.0
1.9285213E7 1607102.0 6.0
1.9359397E7 1613284.0 6.0
1.9382713E7 1615227.0 6.0
1.9437229E7 1619770.0 6.0
1.9472233E7 1622687.0 6.0
1.9500673E7 1625057.0 6.0
1.9548253E7 1629022.0 6.0
1.9552909E7 1629410.0 6.0
1.9600045E7 1633338.0 6.0
1.9603081E7 1633591.0 6.0
1.9607617E7 1633969.0 6.0
1.9634653E7 1636222.0 6.0
1.9688713E7 1640727.0 6.0
1.9718521E7 1643211.0 6.0
1.9741993E7 1645167.0 6.0
1.9758037E7 1646504.0 6.0
1.9817257E7 1651439.0 6.0
1.9849789E7 1654150.0 6.0
1.9888357E7 1657364.0 6.0
1.9930681E7 1660891.0 6.0
1.9975105E7 1664593.0 6.0
2.0107513E7 1675627.0 6.0
2.0125849E7 1677155.0 6.0
2.0147029E7 1678920.0 6.0
2.0181373E7 1681782.0 6.0
2.0187613E7 1682302.0 6.0
2.0233837E7 1686154.0 6.0
2.0262349E7 1688530.0 6.0
2.0295493E7 1691292.0 6.0
2.0339989E7 1695000.0 6.0
2.0384041E7 1698671.0 6.0
2.0388589E7 1699050.0 6.0
2.0493433E7 1707787.0 6.0
2.0545441E7 1712121.0 6.0
2.0551813E7 1712652.0 6.0
2.0573785E7 1714483.0 6.0
2.0648713E7 1720727.0 6.0
2.0651137E7 1720929.0 6.0
2.0837125E7 1736428.0 6.0
2.0891341E7 1740946.0 6.0
2.0917333E7 1743112.0 6.0
2.0975389E7 1747950.0 6.0
2.1035449E7 1752955.0 6.0
2.1090709E7 1757560.0 6.0
2.1140257E7 1761689.0 6.0
2.1249661E7 1770806.0 6.0
2.1285973E7 1773832.0 6.0
2.1316009E7 1776335.0 6.0
2.1322261E7 1776856.0 6.0
2.1454993E7 1787917.0 6.0
2.1515509E7 1792960.0 6.0
2.1754681E7 1812891.0 6.0
2.1791389E7 1815950.0 6.0
2.1838849E7 1819905.0 6.0
2.1939313E7 1828277.0 6.0
2.2051609E7 1837635.0 6.0
2.2161817E7 1846819.0 6.0
2.2425289E7 1868775.0 6.0
2.2496437E7 1874704.0 6.0
2.2975657E7 1914639.0 6.0
2.3039653E7 1919972.0 6.0
2.3252293E7 1937692.0 6.0
2.4993661E7 2082806.0 6.0
2.7114181E7 2259516.0 6.0
