rev2
1900357.0 158364.0 6.0
1915525.0 159628.0 6.0
1934845.0 161238.0 6.0
1943041.0 161921.0 6.0
1985977.0 165499.0 6.0
1986829.0 165570.0 6.0
1989757.0 165814.0 6.0
1994893.0 166242.0 6.0
1997653.0 166472.0 6.0
1998001.0 166501.0 6.0
1999033.0 166587.0 6.0
2007469.0 167290.0 6.0
2010121.0 167511.0 6.0
2017057.0 168089.0 6.0
2017657.0 168139.0 6.0
2025601.0 168801.0 6.0
2036977.0 169749.0 6.0
2038105.0 169843.0 6.0
2045089.0 170425.0 6.0
2054653.0 171222.0 6.0
2062297.0 171859.0 6.0
2065993.0 172167.0 6.0
2071621.0 172636.0 6.0
2071981.0 172666.0 6.0
2079817.0 173319.0 6.0
2087413.0 173952.0 6.0
2087557.0 173964.0 6.0
2097973.0 174832.0 6.0
2107045.0 175588.0 6.0
2109013.0 175752.0 6.0
2121565.0 176798.0 6.0
2125321.0 177111.0 6.0
2132749.0 177730.0 6.0
2133397.0 177784.0 6.0
2134669.0 177890.0 6.0
2135905.0 177993.0 6.0
2141701.0 178476.0 6.0
2144065.0 178673.0 6.0
2150953.0 179247.0 6.0
2153113.0 179427.0 6.0
2153473.0 179457.0 6.0
2154997.0 179584.0 6.0
2156389.0 179700.0 6.0
2159089.0 179925.0 6.0
2159197.0 179934.0 6.0
2161573.0 180132.0 6.0
2165653.0 180472.0 6.0
2169289.0 180775.0 6.0
2174233.0 181187.0 6.0
2174929.0 181245.0 6.0
2175961.0 181331.0 6.0
2178757.0 181564.0 6.0
2181277.0 181774.0 6.0
2182405.0 181868.0 6.0
2185141.0 182096.0 6.0
2192557.0 182714.0 6.0
2193745.0 182813.0 6.0
2203177.0 183599.0 6.0
2203417.0 183619.0 6.0
2213569.0 184465.0 6.0
2219353.0 184947.0 6.0
2230777.0 185899.0 6.0
2242357.0 186864.0 6.0
2248933.0 187412.0 6.0
2252293.0 187692.0 6.0
2253853.0 187822.0 6.0
2269621.0 189136.0 6.0
2294773.0 191232.0 6.0
2296213.0 191352.0 6.0
2297821.0 191486.0 6.0
2298241.0 191521.0 6.0
2299381.0 191616.0 6.0
2300809.0 191735.0 6.0
2306821.0 192236.0 6.0
2309365.0 192448.0 6.0
2317081.0 193091.0 6.0
2319829.0 193320.0 6.0
2324221.0 193686.0 6.0
2330485.0 194208.0 6.0
2336869.0 194740.0 6.0
2338873.0 194907.0 6.0
2340457.0 195039.0 6.0
2353369.0 196115.0 6.0
2356345.0 196363.0 6.0
2364841.0 197071.0 6.0
2372701.0 197726.0 6.0
2373349.0 197780.0 6.0
2380657.0 198389.0 6.0
2385145.0 198763.0 6.0
2386117.0 198844.0 6.0
2392897.0 199409.0 6.0
2398897.0 199909.0 6.0
2445301.0 203776.0 6.0
2447893.0 203992.0 6.0
2475637.0 206304.0 6.0
2478145.0 206513.0 6.0
2544505.0 212043.0 6.0
2547565.0 212298.0 6.0
2547661.0 212306.0 6.0
2821429.0 235120.0 6.0
