rev4
5.5182843E7 4645598.0 6.0
5.5383521E7 4662268.0 6.0
5.5390805E7 4662983.0 6.0
5.5498888E7 4672223.0 6.0
5.5540553E7 4675539.0 6.0
5.5560028E7 4677347.0 6.0
5.5582195E7 4679333.0 6.0
5.569597E7 4688528.0 6.0
5.5732659E7 4691788.0 6.0
5.6061309E7 4719571.0 6.0
5.6067175E7 4719933.0 6.0
5.6186583E7 4729605.0 6.0
5.6320638E7 4741368.0 6.0
5.6348462E7 4743869.0 6.0
5.6497704E7 4755901.0 6.0
5.6715377E7 4774292.0 6.0
5.6810528E7 4782377.0 6.0
5.690321E7 4790516.0 6.0
5.6926237E7 4792186.0 6.0
5.6940409E7 4793565.0 6.0
5.7094328E7 4806598.0 6.0
5.7198986E7 4815216.0 6.0
5.721211E7 4816185.0 6.0
5.7528486E7 4842976.0 6.0
5.7598346E7 4848872.0 6.0
5.763266E7 4851808.0 6.0
5.8511979E7 4925748.0 6.0
5.8559065E7 4929519.0 6.0
5.8647872E7 4937164.0 6.0
5.8716055E7 4943015.0 6.0
5.8744296E7 4945258.0 6.0
5.8760358E7 4946629.0 6.0
5.8844409E7 4953533.0 6.0
5.8960894E7 4963554.0 6.0
5.8962454E7 4963642.0 6.0
5.9031655E7 4969493.0 6.0
5.9113111E7 4976385.0 6.0
5.9371174E7 4998214.0 6.0
5.9386136E7 4999398.0 6.0
5.9473526E7 5006972.0 6.0
5.954278E7 5012449.0 6.0
5.972351E7 5027617.0 6.0
5.985777E7 5038969.0 6.0
5.9913407E7 5043632.0 6.0
5.9913759E7 5043676.0 6.0
5.9999524E7 5050885.0 6.0
6.035327E7 5080682.0 6.0
6.0576423E7 5099556.0 6.0
6.0782736E7 5117054.0 6.0
6.0799016E7 5118160.0 6.0
6.0896492E7 5126513.0 6.0
6.1032876E7 5138155.0 6.0
6.1097066E7 5143504.0 6.0
6.1111498E7 5144450.0 6.0
6.1283043E7 5158970.0 6.0
6.1395482E7 5168573.0 6.0
6.1416793E7 5170188.0 6.0
6.1463822E7 5174274.0 6.0
6.1527565E7 5179669.0 6.0
6.1764778E7 5199708.0 6.0
6.1857064E7 5207361.0 6.0
6.2011054E7 5220394.0 6.0
6.2201921E7 5236044.0 6.0
6.2224173E7 5238166.0 6.0
6.2291013E7 5243935.0 6.0
6.2327673E7 5246920.0 6.0
6.2815292E7 5287912.0 6.0
6.3260987E7 5325577.0 6.0
6.3473074E7 5343418.0 6.0
6.3519501E7 5347187.0 6.0
6.3567108E7 5351083.0 6.0
6.3716826E7 5363877.0 6.0
6.3878454E7 5377614.0 6.0
6.4766642E7 5452319.0 6.0
6.5023548E7 5473778.0 6.0
6.5403976E7 5505951.0 6.0
6.5783977E7 5537892.0 6.0
6.5902594E7 5548102.0 6.0
6.6032339E7 5558826.0 6.0
6.6359382E7 5586497.0 6.0
6.6404736E7 5590092.0 6.0
6.6881412E7 5629974.0 6.0
6.7431027E7 5676796.0 6.0
6.7660591E7 5695602.0 6.0
6.8174932E7 5739251.0 6.0
6.8277008E7 5747905.0 6.0
6.8361471E7 5754519.0 6.0
6.8437807E7 5761334.0 6.0
6.8850617E7 5795890.0 6.0
6.9262682E7 5830821.0 6.0
6.9623565E7 5861198.0 6.0
7.009236E7 5900630.0 6.0
7.0263949E7 5915055.0 6.0
7.0282363E7 5916503.0 6.0
7.0305036E7 5918362.0 6.0
7.0594066E7 5942860.0 6.0
7.202104E7 6062821.0 6.0
7.2629204E7 6114122.0 6.0
7.2658399E7 6116671.0 6.0
8.1463627E7 6857901.0 6.0
