rev2
919789.0 76650.0 6.0
924817.0 77069.0 6.0
930577.0 77549.0 6.0
932689.0 77725.0 6.0
938245.0 78188.0 6.0
946249.0 78855.0 6.0
946249.0 78855.0 6.0
946357.0 78864.0 6.0
948433.0 79037.0 6.0
955513.0 79627.0 6.0
958681.0 79891.0 6.0
963793.0 80317.0 6.0
965713.0 80477.0 6.0
969373.0 80782.0 6.0
970357.0 80864.0 6.0
971533.0 80962.0 6.0
975217.0 81269.0 6.0
977653.0 81472.0 6.0
978613.0 81552.0 6.0
979261.0 81606.0 6.0
979273.0 81607.0 6.0
981853.0 81822.0 6.0
984505.0 82043.0 6.0
986497.0 82209.0 6.0
987697.0 82309.0 6.0
989617.0 82469.0 6.0
996253.0 83022.0 6.0
996529.0 83045.0 6.0
1001185.0 83433.0 6.0
1001629.0 83470.0 6.0
1002337.0 83529.0 6.0
1002901.0 83576.0 6.0
1003393.0 83617.0 6.0
1007113.0 83927.0 6.0
1008877.0 84074.0 6.0
1011685.0 84308.0 6.0
1013089.0 84425.0 6.0
1018873.0 84907.0 6.0
1020541.0 85046.0 6.0
1020853.0 85072.0 6.0
1022641.0 85221.0 6.0
1023277.0 85274.0 6.0
1026925.0 85578.0 6.0
1033621.0 86136.0 6.0
1038157.0 86514.0 6.0
1039273.0 86607.0 6.0
1041433.0 86787.0 6.0
1045933.0 87162.0 6.0
1048033.0 87337.0 6.0
1049521.0 87461.0 6.0
1050517.0 87544.0 6.0
1050733.0 87562.0 6.0
1051873.0 87657.0 6.0
1052809.0 87735.0 6.0
1054537.0 87879.0 6.0
1059229.0 88270.0 6.0
1062697.0 88559.0 6.0
1062925.0 88578.0 6.0
1063537.0 88629.0 6.0
1063969.0 88665.0 6.0
1065781.0 88816.0 6.0
1066921.0 88911.0 6.0
1067017.0 88919.0 6.0
1073293.0 89442.0 6.0
1082365.0 90198.0 6.0
1083193.0 90267.0 6.0
1083793.0 90317.0 6.0
1088149.0 90680.0 6.0
1089565.0 90798.0 6.0
1092709.0 91060.0 6.0
1094053.0 91172.0 6.0
1096777.0 91399.0 6.0
1097569.0 91465.0 6.0
1098493.0 91542.0 6.0
1099837.0 91654.0 6.0
1101241.0 91771.0 6.0
1105309.0 92110.0 6.0
1111717.0 92644.0 6.0
1112809.0 92735.0 6.0
1118125.0 93178.0 6.0
1120045.0 93338.0 6.0
1122805.0 93568.0 6.0
1132909.0 94410.0 6.0
1145845.0 95488.0 6.0
1147249.0 95605.0 6.0
1147417.0 95619.0 6.0
1147789.0 95650.0 6.0
1150321.0 95861.0 6.0
1161589.0 96800.0 6.0
1162945.0 96913.0 6.0
1163005.0 96918.0 6.0
1165561.0 97131.0 6.0
1165909.0 97160.0 6.0
1175833.0 97987.0 6.0
1185229.0 98770.0 6.0
1208605.0 100718.0 6.0
1245097.0 103759.0 6.0
1302349.0 108530.0 6.0
1411369.0 117615.0 6.0
1482637.0 123554.0 6.0
