rev2
92509.0 7710.0 6.0
92809.0 7735.0 6.0
96601.0 8051.0 6.0
97249.0 8105.0 6.0
100525.0 8378.0 6.0
100645.0 8388.0 6.0
100981.0 8416.0 6.0
101629.0 8470.0 6.0
102697.0 8559.0 6.0
103297.0 8609.0 6.0
103357.0 8614.0 6.0
103477.0 8624.0 6.0
103753.0 8647.0 6.0
104425.0 8703.0 6.0
104689.0 8725.0 6.0
104689.0 8725.0 6.0
104761.0 8731.0 6.0
105145.0 8763.0 6.0
105265.0 8773.0 6.0
105865.0 8823.0 6.0
105961.0 8831.0 6.0
106165.0 8848.0 6.0
106561.0 8881.0 6.0
106573.0 8882.0 6.0
106753.0 8897.0 6.0
106765.0 8898.0 6.0
107065.0 8923.0 6.0
107089.0 8925.0 6.0
108037.0 9004.0 6.0
108085.0 9008.0 6.0
108325.0 9028.0 6.0
108397.0 9034.0 6.0
109045.0 9088.0 6.0
109345.0 9113.0 6.0
109609.0 9135.0 6.0
109801.0 9151.0 6.0
109921.0 9161.0 6.0
110101.0 9176.0 6.0
110233.0 9187.0 6.0
110269.0 9190.0 6.0
110509.0 9210.0 6.0
110521.0 9211.0 6.0
110605.0 9218.0 6.0
111025.0 9253.0 6.0
111073.0 9257.0 6.0
111289.0 9275.0 6.0
111325.0 9278.0 6.0
111589.0 9300.0 6.0
111721.0 9311.0 6.0
111817.0 9319.0 6.0
111889.0 9325.0 6.0
112117.0 9344.0 6.0
112681.0 9391.0 6.0
112909.0 9410.0 6.0
113833.0 9487.0 6.0
113881.0 9491.0 6.0
114169.0 9515.0 6.0
114241.0 9521.0 6.0
114373.0 9532.0 6.0
114577.0 9549.0 6.0
114889.0 9575.0 6.0
115621.0 9636.0 6.0
116281.0 9691.0 6.0
116989.0 9750.0 6.0
117337.0 9779.0 6.0
117493.0 9792.0 6.0
117709.0 9810.0 6.0
117889.0 9825.0 6.0
118129.0 9845.0 6.0
118501.0 9876.0 6.0
119389.0 9950.0 6.0
119689.0 9975.0 6.0
119725.0 9978.0 6.0
120145.0 10013.0 6.0
120385.0 10033.0 6.0
121129.0 10095.0 6.0
121345.0 10113.0 6.0
122161.0 10181.0 6.0
122869.0 10240.0 6.0
122869.0 10240.0 6.0
123265.0 10273.0 6.0
123469.0 10290.0 6.0
123589.0 10300.0 6.0
123949.0 10330.0 6.0
125725.0 10478.0 6.0
127405.0 10618.0 6.0
127633.0 10637.0 6.0
127693.0 10642.0 6.0
128485.0 10708.0 6.0
129901.0 10826.0 6.0
130153.0 10847.0 6.0
130741.0 10896.0 6.0
131425.0 10953.0 6.0
135541.0 11296.0 6.0
136525.0 11378.0 6.0
138385.0 11533.0 6.0
138493.0 11542.0 6.0
143257.0 11939.0 6.0
148873.0 12407.0 6.0
167113.0 13927.0 6.0
