rev2
8350681.0 695891.0 6.0
8391085.0 699258.0 6.0
8583961.0 715331.0 6.0
8602921.0 716911.0 6.0
8673949.0 722830.0 6.0
8729713.0 727477.0 6.0
8730877.0 727574.0 6.0
8750317.0 729194.0 6.0
8765293.0 730442.0 6.0
8794129.0 732845.0 6.0
8850805.0 737568.0 6.0
8924245.0 743688.0 6.0
8958037.0 746504.0 6.0
8971741.0 747646.0 6.0
8978785.0 748233.0 6.0
9002221.0 750186.0 6.0
9027625.0 752303.0 6.0
9056125.0 754678.0 6.0
9081505.0 756793.0 6.0
9088705.0 757393.0 6.0
9091837.0 757654.0 6.0
9101929.0 758495.0 6.0
9106249.0 758855.0 6.0
9136813.0 761402.0 6.0
9143605.0 761968.0 6.0
9143905.0 761993.0 6.0
9161293.0 763442.0 6.0
9167281.0 763941.0 6.0
9236017.0 769669.0 6.0
9246637.0 770554.0 6.0
9266797.0 772234.0 6.0
9288217.0 774019.0 6.0
9297061.0 774756.0 6.0
9297265.0 774773.0 6.0
9299821.0 774986.0 6.0
9316789.0 776400.0 6.0
9318145.0 776513.0 6.0
9357085.0 779758.0 6.0
9368581.0 780716.0 6.0
9378337.0 781529.0 6.0
9382717.0 781894.0 6.0
9390157.0 782514.0 6.0
9398917.0 783244.0 6.0
9432109.0 786010.0 6.0
9437173.0 786432.0 6.0
9437953.0 786497.0 6.0
9441649.0 786805.0 6.0
9446821.0 787236.0 6.0
9450565.0 787548.0 6.0
9457141.0 788096.0 6.0
9471745.0 789313.0 6.0
9481453.0 790122.0 6.0
9505297.0 792109.0 6.0
9527545.0 793963.0 6.0
9549109.0 795760.0 6.0
9567073.0 797257.0 6.0
9579229.0 798270.0 6.0
9651121.0 804261.0 6.0
9664873.0 805407.0 6.0
9766525.0 813878.0 6.0
9767497.0 813959.0 6.0
9780397.0 815034.0 6.0
9807277.0 817274.0 6.0
9812977.0 817749.0 6.0
9837469.0 819790.0 6.0
9867337.0 822279.0 6.0
9900805.0 825068.0 6.0
9938629.0 828220.0 6.0
9953461.0 829456.0 6.0
9955405.0 829618.0 6.0
9980809.0 831735.0 6.0
9992377.0 832699.0 6.0
1.0020745E7 835063.0 6.0
1.0051273E7 837607.0 6.0
1.0119001E7 843251.0 6.0
1.0124917E7 843744.0 6.0
1.0192129E7 849345.0 6.0
1.0201885E7 850158.0 6.0
1.0222825E7 851903.0 6.0
1.0279249E7 856605.0 6.0
1.0365661E7 863806.0 6.0
1.0388221E7 865686.0 6.0
1.0399609E7 866635.0 6.0
1.0416073E7 868007.0 6.0
1.0425121E7 868761.0 6.0
1.0589557E7 882464.0 6.0
1.0673893E7 889492.0 6.0
1.0811929E7 900995.0 6.0
1.0815865E7 901323.0 6.0
1.0836865E7 903073.0 6.0
1.0838569E7 903215.0 6.0
1.0858369E7 904865.0 6.0
1.0934449E7 911205.0 6.0
1.0976173E7 914682.0 6.0
1.1037253E7 919772.0 6.0
1.1180029E7 931670.0 6.0
1.1198749E7 933230.0 6.0
1.1533441E7 961121.0 6.0
1.1763937E7 980329.0 6.0
1.2096913E7 1008077.0 6.0
