rev2
25.0 3.0 6.0
49.0 5.0 6.0
49.0 5.0 6.0
61.0 6.0 6.0
61.0 6.0 6.0
61.0 6.0 6.0
73.0 7.0 6.0
73.0 7.0 6.0
73.0 7.0 6.0
73.0 7.0 6.0
73.0 7.0 6.0
85.0 8.0 6.0
85.0 8.0 6.0
85.0 8.0 6.0
85.0 8.0 6.0
85.0 8.0 6.0
85.0 8.0 6.0
85.0 8.0 6.0
85.0 8.0 6.0
97.0 9.0 6.0
97.0 9.0 6.0
97.0 9.0 6.0
97.0 9.0 6.0
97.0 9.0 6.0
97.0 9.0 6.0
97.0 9.0 6.0
97.0 9.0 6.0
97.0 9.0 6.0
97.0 9.0 6.0
97.0 9.0 6.0
97.0 9.0 6.0
97.0 9.0 6.0
97.0 9.0 6.0
97.0 9.0 6.0
109.0 10.0 6.0
109.0 10.0 6.0
109.0 10.0 6.0
109.0 10.0 6.0
109.0 10.0 6.0
109.0 10.0 6.0
109.0 10.0 6.0
109.0 10.0 6.0
109.0 10.0 6.0
109.0 10.0 6.0
121.0 11.0 6.0
121.0 11.0 6.0
121.0 11.0 6.0
121.0 11.0 6.0
121.0 11.0 6.0
121.0 11.0 6.0
121.0 11.0 6.0
121.0 11.0 6.0
121.0 11.0 6.0
121.0 11.0 6.0
121.0 11.0 6.0
133.0 12.0 6.0
133.0 12.0 6.0
133.0 12.0 6.0
133.0 12.0 6.0
133.0 12.0 6.0
133.0 12.0 6.0
133.0 12.0 6.0
133.0 12.0 6.0
133.0 12.0 6.0
133.0 12.0 6.0
133.0 12.0 6.0
133.0 12.0 6.0
133.0 12.0 6.0
133.0 12.0 6.0
145.0 13.0 6.0
145.0 13.0 6.0
145.0 13.0 6.0
145.0 13.0 6.0
145.0 13.0 6.0
145.0 13.0 6.0
145.0 13.0 6.0
145.0 13.0 6.0
157.0 14.0 6.0
157.0 14.0 6.0
157.0 14.0 6.0
169.0 15.0 6.0
169.0 15.0 6.0
169.0 15.0 6.0
169.0 15.0 6.0
169.0 15.0 6.0
181.0 16.0 6.0
181.0 16.0 6.0
193.0 17.0 6.0
193.0 17.0 6.0
193.0 17.0 6.0
193.0 17.0 6.0
205.0 18.0 6.0
205.0 18.0 6.0
229.0 20.0 6.0
229.0 20.0 6.0
229.0 20.0 6.0
229.0 20.0 6.0
241.0 21.0 6.0
253.0 22.0 6.0
265.0 23.0 6.0
