rev2
1909.0 160.0 6.0
1933.0 162.0 6.0
1969.0 165.0 6.0
2005.0 168.0 6.0
2017.0 169.0 6.0
2113.0 177.0 6.0
2125.0 178.0 6.0
2125.0 178.0 6.0
2161.0 181.0 6.0
2173.0 182.0 6.0
2185.0 183.0 6.0
2197.0 184.0 6.0
2209.0 185.0 6.0
2209.0 185.0 6.0
2233.0 187.0 6.0
2257.0 189.0 6.0
2269.0 190.0 6.0
2269.0 190.0 6.0
2281.0 191.0 6.0
2281.0 191.0 6.0
2293.0 192.0 6.0
2305.0 193.0 6.0
2305.0 193.0 6.0
2305.0 193.0 6.0
2317.0 194.0 6.0
2329.0 195.0 6.0
2341.0 196.0 6.0
2341.0 196.0 6.0
2365.0 198.0 6.0
2365.0 198.0 6.0
2389.0 200.0 6.0
2389.0 200.0 6.0
2401.0 201.0 6.0
2413.0 202.0 6.0
2425.0 203.0 6.0
2425.0 203.0 6.0
2437.0 204.0 6.0
2449.0 205.0 6.0
2461.0 206.0 6.0
2461.0 206.0 6.0
2461.0 206.0 6.0
2485.0 208.0 6.0
2485.0 208.0 6.0
2509.0 210.0 6.0
2509.0 210.0 6.0
2521.0 211.0 6.0
2545.0 213.0 6.0
2545.0 213.0 6.0
2545.0 213.0 6.0
2569.0 215.0 6.0
2569.0 215.0 6.0
2593.0 217.0 6.0
2605.0 218.0 6.0
2617.0 219.0 6.0
2629.0 220.0 6.0
2629.0 220.0 6.0
2641.0 221.0 6.0
2641.0 221.0 6.0
2653.0 222.0 6.0
2653.0 222.0 6.0
2665.0 223.0 6.0
2665.0 223.0 6.0
2677.0 224.0 6.0
2689.0 225.0 6.0
2701.0 226.0 6.0
2701.0 226.0 6.0
2713.0 227.0 6.0
2725.0 228.0 6.0
2785.0 233.0 6.0
2821.0 236.0 6.0
2833.0 237.0 6.0
2857.0 239.0 6.0
2857.0 239.0 6.0
2869.0 240.0 6.0
2869.0 240.0 6.0
2869.0 240.0 6.0
2929.0 245.0 6.0
2953.0 247.0 6.0
2953.0 247.0 6.0
2989.0 250.0 6.0
3001.0 251.0 6.0
3013.0 252.0 6.0
3025.0 253.0 6.0
3085.0 258.0 6.0
3097.0 259.0 6.0
3097.0 259.0 6.0
3133.0 262.0 6.0
3205.0 268.0 6.0
3205.0 268.0 6.0
3205.0 268.0 6.0
3217.0 269.0 6.0
3217.0 269.0 6.0
3373.0 282.0 6.0
3385.0 283.0 6.0
3409.0 285.0 6.0
3457.0 289.0 6.0
3493.0 292.0 6.0
3685.0 308.0 6.0
3937.0 329.0 6.0
4033.0 337.0 6.0
