rev4
144007.0 12124.0 6.0
144747.0 12183.0 6.0
144881.0 12196.0 6.0
147739.0 12436.0 6.0
147804.0 12450.0 6.0
150240.0 12652.0 6.0
150430.0 12660.0 6.0
151132.0 12738.0 6.0
151198.0 12728.0 6.0
152311.0 12812.0 6.0
153585.0 12929.0 6.0
154007.0 12967.0 6.0
155113.0 13061.0 6.0
155117.0 13067.0 6.0
155544.0 13099.0 6.0
156237.0 13171.0 6.0
156622.0 13203.0 6.0
157318.0 13242.0 6.0
157608.0 13264.0 6.0
157926.0 13290.0 6.0
158420.0 13339.0 6.0
158460.0 13337.0 6.0
158690.0 13360.0 6.0
159912.0 13473.0 6.0
160143.0 13467.0 6.0
160744.0 13546.0 6.0
160797.0 13528.0 6.0
162794.0 13708.0 6.0
163216.0 13730.0 6.0
163477.0 13763.0 6.0
163649.0 13779.0 6.0
164192.0 13826.0 6.0
164692.0 13872.0 6.0
164783.0 13874.0 6.0
165109.0 13906.0 6.0
165302.0 13925.0 6.0
165396.0 13931.0 6.0
165588.0 13945.0 6.0
165626.0 13953.0 6.0
165747.0 13947.0 6.0
165761.0 13948.0 6.0
166371.0 14004.0 6.0
166920.0 14054.0 6.0
166955.0 14056.0 6.0
167426.0 14086.0 6.0
167919.0 14131.0 6.0
168247.0 14169.0 6.0
168308.0 14166.0 6.0
168463.0 14192.0 6.0
168516.0 14181.0 6.0
168556.0 14174.0 6.0
168690.0 14207.0 6.0
169229.0 14269.0 6.0
170160.0 14322.0 6.0
170276.0 14341.0 6.0
170533.0 14368.0 6.0
171118.0 14407.0 6.0
171322.0 14420.0 6.0
171485.0 14442.0 6.0
172796.0 14559.0 6.0
172871.0 14558.0 6.0
173822.0 14643.0 6.0
174243.0 14661.0 6.0
174333.0 14673.0 6.0
174664.0 14709.0 6.0
175105.0 14739.0 6.0
175353.0 14766.0 6.0
176002.0 14819.0 6.0
176142.0 14826.0 6.0
176416.0 14863.0 6.0
177766.0 14956.0 6.0
178354.0 15012.0 6.0
178862.0 15052.0 6.0
179343.0 15101.0 6.0
179735.0 15143.0 6.0
180683.0 15212.0 6.0
181202.0 15250.0 6.0
181489.0 15278.0 6.0
182594.0 15367.0 6.0
182631.0 15381.0 6.0
182828.0 15392.0 6.0
183354.0 15446.0 6.0
183488.0 15439.0 6.0
184718.0 15560.0 6.0
187779.0 15813.0 6.0
188076.0 15826.0 6.0
189856.0 15992.0 6.0
190616.0 16046.0 6.0
190702.0 16059.0 6.0
190819.0 16061.0 6.0
191324.0 16111.0 6.0
191603.0 16131.0 6.0
192431.0 16205.0 6.0
195701.0 16470.0 6.0
195863.0 16506.0 6.0
196930.0 16588.0 6.0
198208.0 16690.0 6.0
206077.0 17350.0 6.0
210793.0 17759.0 6.0
221930.0 18688.0 6.0
