rev2
9265.0 773.0 6.0
9565.0 798.0 6.0
9721.0 811.0 6.0
10105.0 843.0 6.0
10213.0 852.0 6.0
10225.0 853.0 6.0
10285.0 858.0 6.0
10309.0 860.0 6.0
10321.0 861.0 6.0
10381.0 866.0 6.0
10393.0 867.0 6.0
10513.0 877.0 6.0
10585.0 883.0 6.0
10609.0 885.0 6.0
10633.0 887.0 6.0
10705.0 893.0 6.0
10765.0 898.0 6.0
10765.0 898.0 6.0
10813.0 902.0 6.0
10873.0 907.0 6.0
10897.0 909.0 6.0
10933.0 912.0 6.0
10969.0 915.0 6.0
11041.0 921.0 6.0
11065.0 923.0 6.0
11149.0 930.0 6.0
11149.0 930.0 6.0
11149.0 930.0 6.0
11185.0 933.0 6.0
11197.0 934.0 6.0
11209.0 935.0 6.0
11257.0 939.0 6.0
11269.0 940.0 6.0
11269.0 940.0 6.0
11281.0 941.0 6.0
11293.0 942.0 6.0
11329.0 945.0 6.0
11341.0 946.0 6.0
11341.0 946.0 6.0
11353.0 947.0 6.0
11353.0 947.0 6.0
11365.0 948.0 6.0
11365.0 948.0 6.0
11377.0 949.0 6.0
11401.0 951.0 6.0
11437.0 954.0 6.0
11461.0 956.0 6.0
11473.0 957.0 6.0
11485.0 958.0 6.0
11485.0 958.0 6.0
11761.0 981.0 6.0
11773.0 982.0 6.0
11809.0 985.0 6.0
11809.0 985.0 6.0
11857.0 989.0 6.0
11869.0 990.0 6.0
11881.0 991.0 6.0
11917.0 994.0 6.0
11929.0 995.0 6.0
11941.0 996.0 6.0
11965.0 998.0 6.0
11977.0 999.0 6.0
12001.0 1001.0 6.0
12037.0 1004.0 6.0
12157.0 1014.0 6.0
12157.0 1014.0 6.0
12229.0 1020.0 6.0
12265.0 1023.0 6.0
12409.0 1035.0 6.0
12409.0 1035.0 6.0
12433.0 1037.0 6.0
12445.0 1038.0 6.0
12673.0 1057.0 6.0
12685.0 1058.0 6.0
12697.0 1059.0 6.0
12841.0 1071.0 6.0
12841.0 1071.0 6.0
12937.0 1079.0 6.0
12997.0 1084.0 6.0
13045.0 1088.0 6.0
13069.0 1090.0 6.0
13177.0 1099.0 6.0
13189.0 1100.0 6.0
13213.0 1102.0 6.0
13249.0 1105.0 6.0
13345.0 1113.0 6.0
13501.0 1126.0 6.0
13573.0 1132.0 6.0
13681.0 1141.0 6.0
13969.0 1165.0 6.0
13993.0 1167.0 6.0
14233.0 1187.0 6.0
14557.0 1214.0 6.0
14653.0 1222.0 6.0
15001.0 1251.0 6.0
15013.0 1252.0 6.0
15925.0 1328.0 6.0
16009.0 1335.0 6.0
16225.0 1353.0 6.0
16381.0 1366.0 6.0
