rev2
3.28483549E8 2.737363E7 6.0
3.35558221E8 2.7963186E7 6.0
3.35770489E8 2.7980875E7 6.0
3.36188341E8 2.8015696E7 6.0
3.37681381E8 2.8140116E7 6.0
3.40512889E8 2.8376075E7 6.0
3.41988253E8 2.8499022E7 6.0
3.43780105E8 2.8648343E7 6.0
3.43970041E8 2.8664171E7 6.0
3.44129281E8 2.8677441E7 6.0
3.45255649E8 2.8771305E7 6.0
3.46545361E8 2.8878781E7 6.0
3.47273305E8 2.8939443E7 6.0
3.47726773E8 2.8977232E7 6.0
3.48355177E8 2.9029599E7 6.0
3.49708885E8 2.9142408E7 6.0
3.49865521E8 2.9155461E7 6.0
3.49894921E8 2.9157911E7 6.0
3.51496213E8 2.9291352E7 6.0
3.52464013E8 2.9372002E7 6.0
3.54170653E8 2.9514222E7 6.0
3.55114129E8 2.9592845E7 6.0
3.56559037E8 2.9713254E7 6.0
3.57206137E8 2.9767179E7 6.0
3.57235393E8 2.9769617E7 6.0
3.57310321E8 2.9775861E7 6.0
3.57404101E8 2.9783676E7 6.0
3.58527601E8 2.9877301E7 6.0
3.59480485E8 2.9956708E7 6.0
3.59625037E8 2.9968754E7 6.0
3.59789773E8 2.9982482E7 6.0
3.60573757E8 3.0047814E7 6.0
3.60620917E8 3.0051744E7 6.0
3.61550293E8 3.0129192E7 6.0
3.61618453E8 3.0134872E7 6.0
3.61684825E8 3.0140403E7 6.0
3.61736917E8 3.0144744E7 6.0
3.61955449E8 3.0162955E7 6.0
3.62250853E8 3.0187572E7 6.0
3.62620597E8 3.0218384E7 6.0
3.62695741E8 3.0224646E7 6.0
3.63728101E8 3.0310676E7 6.0
3.64502185E8 3.0375183E7 6.0
3.64934221E8 3.0411186E7 6.0
3.64951441E8 3.0412621E7 6.0
3.65405881E8 3.0450491E7 6.0
3.66096133E8 3.0508012E7 6.0
3.67167925E8 3.0597328E7 6.0
3.67550785E8 3.0629233E7 6.0
3.68233669E8 3.068614E7 6.0
3.68311369E8 3.0692615E7 6.0
3.68418337E8 3.0701529E7 6.0
3.68891089E8 3.0740925E7 6.0
3.68898085E8 3.0741508E7 6.0
3.69203557E8 3.0766964E7 6.0
3.71285137E8 3.0940429E7 6.0
3.71575117E8 3.0964594E7 6.0
3.71970457E8 3.0997539E7 6.0
3.72290137E8 3.1024179E7 6.0
3.73295317E8 3.1107944E7 6.0
3.73376773E8 3.1114732E7 6.0
3.73553233E8 3.1129437E7 6.0
3.74035657E8 3.1169639E7 6.0
3.74775865E8 3.1231323E7 6.0
3.75601933E8 3.1300162E7 6.0
3.76309321E8 3.1359111E7 6.0
3.76729741E8 3.1394146E7 6.0
3.77387377E8 3.1448949E7 6.0
3.77420893E8 3.1451742E7 6.0
3.77714377E8 3.1476199E7 6.0
3.78232933E8 3.1519412E7 6.0
3.78770917E8 3.1564244E7 6.0
3.78879889E8 3.1573325E7 6.0
3.79966309E8 3.166386E7 6.0
3.81693817E8 3.1807819E7 6.0
3.82993981E8 3.1916166E7 6.0
3.83553697E8 3.1962809E7 6.0
3.83804785E8 3.1983733E7 6.0
3.85368157E8 3.2114014E7 6.0
3.86728513E8 3.2227377E7 6.0
3.86857537E8 3.2238129E7 6.0
3.89670997E8 3.2472584E7 6.0
3.90125065E8 3.2510423E7 6.0
3.90181633E8 3.2515137E7 6.0
3.90979705E8 3.2581643E7 6.0
3.91388233E8 3.2615687E7 6.0
3.92281393E8 3.2690117E7 6.0
3.92341201E8 3.2695101E7 6.0
3.95016361E8 3.2918031E7 6.0
3.98918257E8 3.3243189E7 6.0
4.00753429E8 3.339612E7 6.0
4.03227325E8 3.3602278E7 6.0
4.04666545E8 3.3722213E7 6.0
4.06627681E8 3.3885641E7 6.0
4.08712513E8 3.4059377E7 6.0
4.10779921E8 3.4231661E7 6.0
4.11878941E8 3.4323246E7 6.0
4.16743033E8 3.4728587E7 6.0
4.22113969E8 3.5176165E7 6.0
4.27165033E8 3.5597087E7 6.0
