rev4
1.13693573E8 9570730.0 6.0
1.14045669E8 9600920.0 6.0
1.14799091E8 9663975.0 6.0
1.15001715E8 9681199.0 6.0
1.15099167E8 9689310.0 6.0
1.15435237E8 9717847.0 6.0
1.16487104E8 9806393.0 6.0
1.17709189E8 9909067.0 6.0
1.18337709E8 9962370.0 6.0
1.19554322E8 1.006435E7 6.0
1.19762116E8 1.00818E7 6.0
1.19774295E8 1.0082993E7 6.0
1.20102849E8 1.011076E7 6.0
1.20287473E8 1.0126108E7 6.0
1.20369849E8 1.0132841E7 6.0
1.20809727E8 1.0170123E7 6.0
1.20908411E8 1.017875E7 6.0
1.21134734E8 1.0197437E7 6.0
1.21235006E8 1.0206129E7 6.0
1.2143484E8 1.0222622E7 6.0
1.21738998E8 1.024877E7 6.0
1.21766694E8 1.0250738E7 6.0
1.22024805E8 1.0272275E7 6.0
1.2217523E8 1.028508E7 6.0
1.22324768E8 1.029774E7 6.0
1.22409592E8 1.0304941E7 6.0
1.23121718E8 1.0364762E7 6.0
1.23152059E8 1.0367567E7 6.0
1.23230868E8 1.0373847E7 6.0
1.23395104E8 1.0387672E7 6.0
1.236376E8 1.040824E7 6.0
1.23693636E8 1.0413102E7 6.0
1.23757967E8 1.041838E7 6.0
1.23909601E8 1.0431182E7 6.0
1.2393469E8 1.0432873E7 6.0
1.24003385E8 1.0439234E7 6.0
1.24107832E8 1.0447834E7 6.0
1.2429039E8 1.0463148E7 6.0
1.24458352E8 1.0477124E7 6.0
1.245485E8 1.0485331E7 6.0
1.24757192E8 1.0502657E7 6.0
1.24795091E8 1.0505818E7 6.0
1.25140498E8 1.0534947E7 6.0
1.25615429E8 1.0575063E7 6.0
1.25937E8 1.0602093E7 6.0
1.26032559E8 1.0609645E7 6.0
1.26162801E8 1.0620603E7 6.0
1.26367746E8 1.0637907E7 6.0
1.26387656E8 1.063943E7 6.0
1.26724598E8 1.0668257E7 6.0
1.27103521E8 1.0699633E7 6.0
1.27117599E8 1.0701211E7 6.0
1.27118751E8 1.0701265E7 6.0
1.27129927E8 1.0702421E7 6.0
1.27405852E8 1.0725886E7 6.0
1.2747303E8 1.0730621E7 6.0
1.27771093E8 1.0756006E7 6.0
1.27898948E8 1.0766853E7 6.0
1.27931093E8 1.0769675E7 6.0
1.29013508E8 1.086101E7 6.0
1.29025958E8 1.0861763E7 6.0
1.29069006E8 1.0865983E7 6.0
1.29257467E8 1.0881609E7 6.0
1.29342664E8 1.0888538E7 6.0
1.29667939E8 1.0915782E7 6.0
1.30764063E8 1.1008297E7 6.0
1.30815729E8 1.1012335E7 6.0
1.311497E8 1.1040664E7 6.0
1.31237449E8 1.1047655E7 6.0
1.31243173E8 1.1048705E7 6.0
1.31287848E8 1.1052306E7 6.0
1.31380167E8 1.1059962E7 6.0
1.31484339E8 1.1068686E7 6.0
1.31739057E8 1.1090389E7 6.0
1.31756708E8 1.1091656E7 6.0
1.31785078E8 1.1094591E7 6.0
1.31873262E8 1.1101385E7 6.0
1.32410332E8 1.1146665E7 6.0
1.3262782E8 1.1165508E7 6.0
1.32726905E8 1.1173573E7 6.0
1.32782192E8 1.1178118E7 6.0
1.32786006E8 1.1178303E7 6.0
1.3429323E8 1.1305422E7 6.0
1.34733889E8 1.1342643E7 6.0
1.348169E8 1.1349553E7 6.0
1.35361551E8 1.1395426E7 6.0
1.35530645E8 1.1409357E7 6.0
1.35669937E8 1.1421295E7 6.0
1.36100023E8 1.1457488E7 6.0
1.36375942E8 1.1480246E7 6.0
1.37042663E8 1.1536886E7 6.0
1.38025774E8 1.1619648E7 6.0
1.39214016E8 1.171962E7 6.0
1.40215141E8 1.1803598E7 6.0
1.40873729E8 1.1859174E7 6.0
1.46743039E8 1.2353291E7 6.0
1.48598393E8 1.2509692E7 6.0
1.48729536E8 1.2520672E7 6.0
1.53356716E8 1.2909686E7 6.0
1.59502813E8 1.342753E7 6.0
