rev4
2901748.0 244280.0 6.0
2912730.0 245235.0 6.0
2921362.0 245933.0 6.0
2928242.0 246486.0 6.0
2954236.0 248727.0 6.0
2967990.0 249810.0 6.0
2987573.0 251476.0 6.0
2987953.0 251538.0 6.0
3001573.0 252791.0 6.0
3004470.0 252882.0 6.0
3005772.0 253039.0 6.0
3025258.0 254667.0 6.0
3040011.0 255971.0 6.0
3040457.0 255919.0 6.0
3042724.0 256137.0 6.0
3043415.0 256187.0 6.0
3044146.0 256348.0 6.0
3047941.0 256590.0 6.0
3053968.0 257100.0 6.0
3062837.0 257836.0 6.0
3067000.0 258240.0 6.0
3080420.0 259352.0 6.0
3092611.0 260385.0 6.0
3093305.0 260441.0 6.0
3098398.0 260847.0 6.0
3115975.0 262354.0 6.0
3116657.0 262342.0 6.0
3117569.0 262433.0 6.0
3117589.0 262480.0 6.0
3119497.0 262634.0 6.0
3123451.0 262955.0 6.0
3127294.0 263294.0 6.0
3147829.0 264930.0 6.0
3149256.0 265101.0 6.0
3149444.0 265110.0 6.0
3157911.0 265871.0 6.0
3158038.0 265854.0 6.0
3165248.0 266391.0 6.0
3167611.0 266644.0 6.0
3168014.0 266696.0 6.0
3170898.0 267004.0 6.0
3180595.0 267783.0 6.0
3184386.0 268072.0 6.0
3187741.0 268386.0 6.0
3188127.0 268392.0 6.0
3188929.0 268478.0 6.0
3189893.0 268527.0 6.0
3190177.0 268557.0 6.0
3192659.0 268754.0 6.0
3200733.0 269442.0 6.0
3218113.0 270904.0 6.0
3227409.0 271729.0 6.0
3248163.0 273432.0 6.0
3249682.0 273555.0 6.0
3255125.0 273971.0 6.0
3278859.0 276072.0 6.0
3283145.0 276382.0 6.0
3287021.0 276658.0 6.0
3287923.0 276824.0 6.0
3288670.0 276846.0 6.0
3289150.0 276886.0 6.0
3293391.0 277178.0 6.0
3296874.0 277552.0 6.0
3299468.0 277744.0 6.0
3299523.0 277765.0 6.0
3300372.0 277875.0 6.0
3301419.0 277954.0 6.0
3310994.0 278710.0 6.0
3311267.0 278797.0 6.0
3311991.0 278751.0 6.0
3314880.0 279017.0 6.0
3317330.0 279260.0 6.0
3319054.0 279404.0 6.0
3320945.0 279624.0 6.0
3325473.0 279938.0 6.0
3330626.0 280365.0 6.0
3356278.0 282579.0 6.0
3369131.0 283652.0 6.0
3374266.0 284068.0 6.0
3386311.0 285060.0 6.0
3394247.0 285741.0 6.0
3397949.0 286043.0 6.0
3401736.0 286343.0 6.0
3402230.0 286396.0 6.0
3407522.0 286891.0 6.0
3471322.0 292278.0 6.0
3471477.0 292265.0 6.0
3489441.0 293713.0 6.0
3504473.0 295056.0 6.0
3506165.0 295208.0 6.0
3511603.0 295632.0 6.0
3526278.0 296871.0 6.0
3552481.0 299077.0 6.0
3571438.0 300687.0 6.0
3583315.0 301639.0 6.0
3644574.0 306901.0 6.0
3668323.0 308829.0 6.0
3723900.0 313460.0 6.0
3812875.0 320990.0 6.0
4045317.0 340546.0 6.0
