rev2
433597.0 36134.0 6.0
436537.0 36379.0 6.0
436813.0 36402.0 6.0
440521.0 36711.0 6.0
442417.0 36869.0 6.0
446785.0 37233.0 6.0
448021.0 37336.0 6.0
451981.0 37666.0 6.0
452977.0 37749.0 6.0
454597.0 37884.0 6.0
455197.0 37934.0 6.0
455281.0 37941.0 6.0
455893.0 37992.0 6.0
456649.0 38055.0 6.0
460381.0 38366.0 6.0
462157.0 38514.0 6.0
462409.0 38535.0 6.0
462469.0 38540.0 6.0
463117.0 38594.0 6.0
464173.0 38682.0 6.0
465901.0 38826.0 6.0
466225.0 38853.0 6.0
469981.0 39166.0 6.0
471013.0 39252.0 6.0
472825.0 39403.0 6.0
473857.0 39489.0 6.0
474049.0 39505.0 6.0
474553.0 39547.0 6.0
474937.0 39579.0 6.0
475681.0 39641.0 6.0
476413.0 39702.0 6.0
476845.0 39738.0 6.0
481453.0 40122.0 6.0
481921.0 40161.0 6.0
483757.0 40314.0 6.0
484585.0 40383.0 6.0
486625.0 40553.0 6.0
486685.0 40558.0 6.0
487705.0 40643.0 6.0
488881.0 40741.0 6.0
490525.0 40878.0 6.0
490765.0 40898.0 6.0
491653.0 40972.0 6.0
491857.0 40989.0 6.0
491917.0 40994.0 6.0
492613.0 41052.0 6.0
492853.0 41072.0 6.0
493741.0 41146.0 6.0
493789.0 41150.0 6.0
497461.0 41456.0 6.0
499945.0 41663.0 6.0
499981.0 41666.0 6.0
500581.0 41716.0 6.0
500785.0 41733.0 6.0
502297.0 41859.0 6.0
502417.0 41869.0 6.0
503197.0 41934.0 6.0
503821.0 41986.0 6.0
504925.0 42078.0 6.0
505933.0 42162.0 6.0
507049.0 42255.0 6.0
508141.0 42346.0 6.0
508405.0 42368.0 6.0
509257.0 42439.0 6.0
511297.0 42609.0 6.0
513877.0 42824.0 6.0
513985.0 42833.0 6.0
514417.0 42869.0 6.0
516445.0 43038.0 6.0
517129.0 43095.0 6.0
520213.0 43352.0 6.0
523345.0 43613.0 6.0
523465.0 43623.0 6.0
525193.0 43767.0 6.0
528289.0 44025.0 6.0
529705.0 44143.0 6.0
533113.0 44427.0 6.0
534829.0 44570.0 6.0
536689.0 44725.0 6.0
539317.0 44944.0 6.0
542017.0 45169.0 6.0
543229.0 45270.0 6.0
546253.0 45522.0 6.0
552685.0 46058.0 6.0
553597.0 46134.0 6.0
553705.0 46143.0 6.0
554545.0 46213.0 6.0
554929.0 46245.0 6.0
564901.0 47076.0 6.0
565405.0 47118.0 6.0
566893.0 47242.0 6.0
576553.0 48047.0 6.0
579301.0 48276.0 6.0
599497.0 49959.0 6.0
602749.0 50230.0 6.0
606037.0 50504.0 6.0
609037.0 50754.0 6.0
620557.0 51714.0 6.0
638029.0 53170.0 6.0
638701.0 53226.0 6.0
