rev2
97.0 9.0 6.0
133.0 12.0 6.0
133.0 12.0 6.0
145.0 13.0 6.0
145.0 13.0 6.0
157.0 14.0 6.0
169.0 15.0 6.0
181.0 16.0 6.0
181.0 16.0 6.0
181.0 16.0 6.0
181.0 16.0 6.0
181.0 16.0 6.0
181.0 16.0 6.0
193.0 17.0 6.0
193.0 17.0 6.0
193.0 17.0 6.0
193.0 17.0 6.0
193.0 17.0 6.0
193.0 17.0 6.0
193.0 17.0 6.0
193.0 17.0 6.0
193.0 17.0 6.0
193.0 17.0 6.0
193.0 17.0 6.0
205.0 18.0 6.0
205.0 18.0 6.0
205.0 18.0 6.0
205.0 18.0 6.0
205.0 18.0 6.0
205.0 18.0 6.0
217.0 19.0 6.0
217.0 19.0 6.0
217.0 19.0 6.0
217.0 19.0 6.0
217.0 19.0 6.0
217.0 19.0 6.0
217.0 19.0 6.0
217.0 19.0 6.0
229.0 20.0 6.0
229.0 20.0 6.0
229.0 20.0 6.0
229.0 20.0 6.0
229.0 20.0 6.0
229.0 20.0 6.0
229.0 20.0 6.0
241.0 21.0 6.0
241.0 21.0 6.0
241.0 21.0 6.0
241.0 21.0 6.0
241.0 21.0 6.0
241.0 21.0 6.0
253.0 22.0 6.0
253.0 22.0 6.0
253.0 22.0 6.0
253.0 22.0 6.0
253.0 22.0 6.0
253.0 22.0 6.0
253.0 22.0 6.0
253.0 22.0 6.0
265.0 23.0 6.0
265.0 23.0 6.0
265.0 23.0 6.0
265.0 23.0 6.0
265.0 23.0 6.0
277.0 24.0 6.0
277.0 24.0 6.0
277.0 24.0 6.0
277.0 24.0 6.0
277.0 24.0 6.0
277.0 24.0 6.0
277.0 24.0 6.0
289.0 25.0 6.0
289.0 25.0 6.0
289.0 25.0 6.0
289.0 25.0 6.0
289.0 25.0 6.0
289.0 25.0 6.0
289.0 25.0 6.0
301.0 26.0 6.0
301.0 26.0 6.0
301.0 26.0 6.0
301.0 26.0 6.0
313.0 27.0 6.0
313.0 27.0 6.0
313.0 27.0 6.0
325.0 28.0 6.0
325.0 28.0 6.0
325.0 28.0 6.0
325.0 28.0 6.0
325.0 28.0 6.0
325.0 28.0 6.0
337.0 29.0 6.0
349.0 30.0 6.0
361.0 31.0 6.0
361.0 31.0 6.0
373.0 32.0 6.0
409.0 35.0 6.0
433.0 37.0 6.0
445.0 38.0 6.0
481.0 41.0 6.0
