rev2
1021.0 86.0 6.0
1045.0 88.0 6.0
1117.0 94.0 6.0
1165.0 98.0 6.0
1165.0 98.0 6.0
1189.0 100.0 6.0
1201.0 101.0 6.0
1213.0 102.0 6.0
1225.0 103.0 6.0
1273.0 107.0 6.0
1273.0 107.0 6.0
1273.0 107.0 6.0
1285.0 108.0 6.0
1309.0 110.0 6.0
1333.0 112.0 6.0
1369.0 115.0 6.0
1381.0 116.0 6.0
1405.0 118.0 6.0
1417.0 119.0 6.0
1417.0 119.0 6.0
1441.0 121.0 6.0
1441.0 121.0 6.0
1441.0 121.0 6.0
1453.0 122.0 6.0
1453.0 122.0 6.0
1453.0 122.0 6.0
1453.0 122.0 6.0
1465.0 123.0 6.0
1465.0 123.0 6.0
1465.0 123.0 6.0
1477.0 124.0 6.0
1477.0 124.0 6.0
1489.0 125.0 6.0
1489.0 125.0 6.0
1501.0 126.0 6.0
1513.0 127.0 6.0
1513.0 127.0 6.0
1525.0 128.0 6.0
1537.0 129.0 6.0
1549.0 130.0 6.0
1549.0 130.0 6.0
1585.0 133.0 6.0
1585.0 133.0 6.0
1585.0 133.0 6.0
1597.0 134.0 6.0
1597.0 134.0 6.0
1597.0 134.0 6.0
1609.0 135.0 6.0
1609.0 135.0 6.0
1609.0 135.0 6.0
1621.0 136.0 6.0
1621.0 136.0 6.0
1621.0 136.0 6.0
1657.0 139.0 6.0
1669.0 140.0 6.0
1669.0 140.0 6.0
1669.0 140.0 6.0
1693.0 142.0 6.0
1693.0 142.0 6.0
1705.0 143.0 6.0
1705.0 143.0 6.0
1705.0 143.0 6.0
1717.0 144.0 6.0
1729.0 145.0 6.0
1729.0 145.0 6.0
1729.0 145.0 6.0
1741.0 146.0 6.0
1753.0 147.0 6.0
1765.0 148.0 6.0
1801.0 151.0 6.0
1801.0 151.0 6.0
1813.0 152.0 6.0
1825.0 153.0 6.0
1837.0 154.0 6.0
1837.0 154.0 6.0
1837.0 154.0 6.0
1873.0 157.0 6.0
1873.0 157.0 6.0
1873.0 157.0 6.0
1921.0 161.0 6.0
1933.0 162.0 6.0
1969.0 165.0 6.0
1981.0 166.0 6.0
1993.0 167.0 6.0
2053.0 172.0 6.0
2089.0 175.0 6.0
2089.0 175.0 6.0
2125.0 178.0 6.0
2137.0 179.0 6.0
2149.0 180.0 6.0
2161.0 181.0 6.0
2161.0 181.0 6.0
2185.0 183.0 6.0
2185.0 183.0 6.0
2185.0 183.0 6.0
2353.0 197.0 6.0
2413.0 202.0 6.0
2461.0 206.0 6.0
2497.0 209.0 6.0
3157.0 264.0 6.0
