rev2
107497.0 8959.0 6.0
107497.0 8959.0 6.0
109729.0 9145.0 6.0
109993.0 9167.0 6.0
110173.0 9182.0 6.0
111313.0 9277.0 6.0
111733.0 9312.0 6.0
111829.0 9320.0 6.0
113329.0 9445.0 6.0
113413.0 9452.0 6.0
114505.0 9543.0 6.0
114721.0 9561.0 6.0
115045.0 9588.0 6.0
115057.0 9589.0 6.0
115057.0 9589.0 6.0
115117.0 9594.0 6.0
115453.0 9622.0 6.0
115537.0 9629.0 6.0
115933.0 9662.0 6.0
116053.0 9672.0 6.0
116725.0 9728.0 6.0
116893.0 9742.0 6.0
117037.0 9754.0 6.0
117133.0 9762.0 6.0
117385.0 9783.0 6.0
117457.0 9789.0 6.0
117721.0 9811.0 6.0
117721.0 9811.0 6.0
117793.0 9817.0 6.0
117865.0 9823.0 6.0
118033.0 9837.0 6.0
118393.0 9867.0 6.0
118393.0 9867.0 6.0
118837.0 9904.0 6.0
118861.0 9906.0 6.0
119701.0 9976.0 6.0
120457.0 10039.0 6.0
121417.0 10119.0 6.0
121777.0 10149.0 6.0
122029.0 10170.0 6.0
122401.0 10201.0 6.0
122485.0 10208.0 6.0
122809.0 10235.0 6.0
122869.0 10240.0 6.0
123517.0 10294.0 6.0
123697.0 10309.0 6.0
123721.0 10311.0 6.0
124201.0 10351.0 6.0
124405.0 10368.0 6.0
124597.0 10384.0 6.0
124609.0 10385.0 6.0
125401.0 10451.0 6.0
125617.0 10469.0 6.0
126289.0 10525.0 6.0
126445.0 10538.0 6.0
127441.0 10621.0 6.0
127453.0 10622.0 6.0
127813.0 10652.0 6.0
128173.0 10682.0 6.0
128545.0 10713.0 6.0
129373.0 10782.0 6.0
129565.0 10798.0 6.0
130153.0 10847.0 6.0
130669.0 10890.0 6.0
130873.0 10907.0 6.0
131353.0 10947.0 6.0
131533.0 10962.0 6.0
132025.0 11003.0 6.0
132097.0 11009.0 6.0
132961.0 11081.0 6.0
133849.0 11155.0 6.0
133849.0 11155.0 6.0
133957.0 11164.0 6.0
134497.0 11209.0 6.0
135217.0 11269.0 6.0
135217.0 11269.0 6.0
136201.0 11351.0 6.0
136309.0 11360.0 6.0
136849.0 11405.0 6.0
137161.0 11431.0 6.0
137413.0 11452.0 6.0
138073.0 11507.0 6.0
138373.0 11532.0 6.0
138385.0 11533.0 6.0
139309.0 11610.0 6.0
139693.0 11642.0 6.0
140041.0 11671.0 6.0
140161.0 11681.0 6.0
140317.0 11694.0 6.0
141745.0 11813.0 6.0
141829.0 11820.0 6.0
143041.0 11921.0 6.0
143365.0 11948.0 6.0
143905.0 11993.0 6.0
145309.0 12110.0 6.0
154693.0 12892.0 6.0
158953.0 13247.0 6.0
164149.0 13680.0 6.0
171877.0 14324.0 6.0
176893.0 14742.0 6.0
