rev4
17901.0 1508.0 6.0
18014.0 1519.0 6.0
18050.0 1520.0 6.0
18206.0 1533.0 6.0
18278.0 1536.0 6.0
18362.0 1551.0 6.0
18446.0 1553.0 6.0
18608.0 1568.0 6.0
18745.0 1579.0 6.0
18752.0 1578.0 6.0
18769.0 1585.0 6.0
18813.0 1587.0 6.0
19014.0 1601.0 6.0
19078.0 1603.0 6.0
19181.0 1611.0 6.0
19218.0 1618.0 6.0
19262.0 1615.0 6.0
19272.0 1620.0 6.0
19426.0 1638.0 6.0
19432.0 1636.0 6.0
19496.0 1647.0 6.0
19552.0 1648.0 6.0
20008.0 1682.0 6.0
20022.0 1688.0 6.0
20055.0 1686.0 6.0
20057.0 1687.0 6.0
20174.0 1699.0 6.0
20174.0 1693.0 6.0
20320.0 1708.0 6.0
20380.0 1715.0 6.0
20552.0 1732.0 6.0
20581.0 1735.0 6.0
20670.0 1743.0 6.0
20721.0 1746.0 6.0
20840.0 1759.0 6.0
20842.0 1754.0 6.0
20876.0 1756.0 6.0
20903.0 1758.0 6.0
20911.0 1761.0 6.0
20954.0 1767.0 6.0
21087.0 1774.0 6.0
21116.0 1778.0 6.0
21135.0 1782.0 6.0
21466.0 1810.0 6.0
21484.0 1810.0 6.0
21514.0 1812.0 6.0
21537.0 1812.0 6.0
21577.0 1813.0 6.0
21583.0 1819.0 6.0
21641.0 1817.0 6.0
21698.0 1828.0 6.0
21731.0 1835.0 6.0
21837.0 1840.0 6.0
21844.0 1835.0 6.0
21846.0 1838.0 6.0
21889.0 1842.0 6.0
21901.0 1841.0 6.0
21916.0 1850.0 6.0
21955.0 1848.0 6.0
22310.0 1880.0 6.0
22352.0 1882.0 6.0
22381.0 1885.0 6.0
22418.0 1891.0 6.0
22427.0 1890.0 6.0
22577.0 1901.0 6.0
22586.0 1899.0 6.0
22792.0 1917.0 6.0
22854.0 1929.0 6.0
22893.0 1931.0 6.0
22894.0 1929.0 6.0
23171.0 1950.0 6.0
23437.0 1978.0 6.0
23641.0 1997.0 6.0
23798.0 2007.0 6.0
23867.0 2014.0 6.0
23887.0 2011.0 6.0
24065.0 2027.0 6.0
24170.0 2040.0 6.0
24185.0 2039.0 6.0
24217.0 2039.0 6.0
24252.0 2047.0 6.0
25207.0 2126.0 6.0
25391.0 2135.0 6.0
25457.0 2144.0 6.0
25577.0 2150.0 6.0
25628.0 2155.0 6.0
25644.0 2159.0 6.0
25664.0 2163.0 6.0
25779.0 2176.0 6.0
25818.0 2170.0 6.0
25959.0 2187.0 6.0
26203.0 2211.0 6.0
26410.0 2220.0 6.0
26492.0 2234.0 6.0
26700.0 2247.0 6.0
26851.0 2261.0 6.0
27254.0 2299.0 6.0
27489.0 2318.0 6.0
28479.0 2397.0 6.0
28815.0 2429.0 6.0
