rev4
1655.0 139.0 6.0
1668.0 141.0 6.0
1787.0 153.0 6.0
1840.0 156.0 6.0
1870.0 157.0 6.0
1884.0 159.0 6.0
1913.0 162.0 6.0
1916.0 163.0 6.0
1916.0 162.0 6.0
1948.0 165.0 6.0
1950.0 164.0 6.0
1959.0 166.0 6.0
1982.0 167.0 6.0
1999.0 168.0 6.0
2015.0 170.0 6.0
2050.0 173.0 6.0
2064.0 175.0 6.0
2087.0 178.0 6.0
2087.0 176.0 6.0
2094.0 177.0 6.0
2095.0 177.0 6.0
2103.0 177.0 6.0
2125.0 179.0 6.0
2139.0 180.0 6.0
2141.0 181.0 6.0
2144.0 182.0 6.0
2150.0 183.0 6.0
2167.0 185.0 6.0
2177.0 184.0 6.0
2185.0 185.0 6.0
2193.0 184.0 6.0
2200.0 187.0 6.0
2205.0 186.0 6.0
2207.0 187.0 6.0
2216.0 188.0 6.0
2227.0 189.0 6.0
2227.0 189.0 6.0
2238.0 192.0 6.0
2243.0 188.0 6.0
2273.0 192.0 6.0
2275.0 192.0 6.0
2299.0 193.0 6.0
2332.0 197.0 6.0
2340.0 200.0 6.0
2345.0 199.0 6.0
2347.0 197.0 6.0
2353.0 198.0 6.0
2361.0 201.0 6.0
2363.0 200.0 6.0
2373.0 201.0 6.0
2374.0 200.0 6.0
2383.0 202.0 6.0
2397.0 202.0 6.0
2414.0 206.0 6.0
2428.0 204.0 6.0
2461.0 207.0 6.0
2470.0 209.0 6.0
2473.0 209.0 6.0
2510.0 212.0 6.0
2519.0 213.0 6.0
2536.0 213.0 6.0
2582.0 218.0 6.0
2601.0 220.0 6.0
2606.0 221.0 6.0
2617.0 221.0 6.0
2641.0 223.0 6.0
2682.0 226.0 6.0
2691.0 227.0 6.0
2700.0 229.0 6.0
2706.0 228.0 6.0
2715.0 228.0 6.0
2726.0 230.0 6.0
2742.0 233.0 6.0
2754.0 231.0 6.0
2777.0 236.0 6.0
2787.0 234.0 6.0
2790.0 235.0 6.0
2799.0 238.0 6.0
2829.0 239.0 6.0
2877.0 243.0 6.0
2887.0 243.0 6.0
2903.0 246.0 6.0
2908.0 247.0 6.0
2928.0 248.0 6.0
2939.0 247.0 6.0
2961.0 250.0 6.0
2987.0 252.0 6.0
2992.0 253.0 6.0
3001.0 253.0 6.0
3009.0 254.0 6.0
3011.0 256.0 6.0
3047.0 256.0 6.0
3048.0 258.0 6.0
3112.0 264.0 6.0
3123.0 263.0 6.0
3129.0 263.0 6.0
3153.0 264.0 6.0
3225.0 272.0 6.0
3368.0 284.0 6.0
4074.0 347.0 6.0
