rev2
8703589.0 725300.0 6.0
8943709.0 745310.0 6.0
9072769.0 756065.0 6.0
9075109.0 756260.0 6.0
9147865.0 762323.0 6.0
9209869.0 767490.0 6.0
9246685.0 770558.0 6.0
9262753.0 771897.0 6.0
9282481.0 773541.0 6.0
9306829.0 775570.0 6.0
9433861.0 786156.0 6.0
9434425.0 786203.0 6.0
9444709.0 787060.0 6.0
9447733.0 787312.0 6.0
9481765.0 790148.0 6.0
9510889.0 792575.0 6.0
9530437.0 794204.0 6.0
9538981.0 794916.0 6.0
9549301.0 795776.0 6.0
9554365.0 796198.0 6.0
9556837.0 796404.0 6.0
9622225.0 801853.0 6.0
9623893.0 801992.0 6.0
9626041.0 802171.0 6.0
9640153.0 803347.0 6.0
9645265.0 803773.0 6.0
9677761.0 806481.0 6.0
9693721.0 807811.0 6.0
9700465.0 808373.0 6.0
9727441.0 810621.0 6.0
9730489.0 810875.0 6.0
9749389.0 812450.0 6.0
9772765.0 814398.0 6.0
9777625.0 814803.0 6.0
9809293.0 817442.0 6.0
9813505.0 817793.0 6.0
9843085.0 820258.0 6.0
9843625.0 820303.0 6.0
9865165.0 822098.0 6.0
9886453.0 823872.0 6.0
9906001.0 825501.0 6.0
9959485.0 829958.0 6.0
9971809.0 830985.0 6.0
9975445.0 831288.0 6.0
1.0038829E7 836570.0 6.0
1.0050265E7 837523.0 6.0
1.0100677E7 841724.0 6.0
1.0112305E7 842693.0 6.0
1.0127809E7 843985.0 6.0
1.0132789E7 844400.0 6.0
1.0133869E7 844490.0 6.0
1.0149145E7 845763.0 6.0
1.0152613E7 846052.0 6.0
1.0216813E7 851402.0 6.0
1.0228189E7 852350.0 6.0
1.0242193E7 853517.0 6.0
1.0248553E7 854047.0 6.0
1.0264717E7 855394.0 6.0
1.0283005E7 856918.0 6.0
1.0343341E7 861946.0 6.0
1.0343473E7 861957.0 6.0
1.0346305E7 862193.0 6.0
1.0349005E7 862418.0 6.0
1.0357933E7 863162.0 6.0
1.0360009E7 863335.0 6.0
1.0386697E7 865559.0 6.0
1.0406245E7 867188.0 6.0
1.0475509E7 872960.0 6.0
1.0479937E7 873329.0 6.0
1.0516633E7 876387.0 6.0
1.0525429E7 877120.0 6.0
1.0529269E7 877440.0 6.0
1.0529953E7 877497.0 6.0
1.0555813E7 879652.0 6.0
1.0570645E7 880888.0 6.0
1.0585525E7 882128.0 6.0
1.0664473E7 888707.0 6.0
1.0697653E7 891472.0 6.0
1.0706725E7 892228.0 6.0
1.0710817E7 892569.0 6.0
1.0724257E7 893689.0 6.0
1.0768837E7 897404.0 6.0
1.0788913E7 899077.0 6.0
1.0855201E7 904601.0 6.0
1.0875673E7 906307.0 6.0
1.0926745E7 910563.0 6.0
1.0940149E7 911680.0 6.0
1.1085913E7 923827.0 6.0
1.1157937E7 929829.0 6.0
1.1237665E7 936473.0 6.0
1.1247481E7 937291.0 6.0
1.1281477E7 940124.0 6.0
1.1308681E7 942391.0 6.0
1.1772709E7 981060.0 6.0
1.1888509E7 990710.0 6.0
1.1915773E7 992982.0 6.0
1.2124405E7 1010368.0 6.0
1.2437449E7 1036455.0 6.0
1.2451441E7 1037621.0 6.0
1.3211185E7 1100933.0 6.0
