rev2
4134841.0 344571.0 6.0
4208461.0 350706.0 6.0
4337305.0 361443.0 6.0
4345153.0 362097.0 6.0
4346605.0 362218.0 6.0
4350193.0 362517.0 6.0
4388593.0 365717.0 6.0
4419505.0 368293.0 6.0
4438369.0 369865.0 6.0
4452661.0 371056.0 6.0
4455637.0 371304.0 6.0
4522693.0 376892.0 6.0
4527529.0 377295.0 6.0
4533481.0 377791.0 6.0
4538029.0 378170.0 6.0
4545613.0 378802.0 6.0
4549813.0 379152.0 6.0
4580161.0 381681.0 6.0
4581973.0 381832.0 6.0
4581973.0 381832.0 6.0
4588537.0 382379.0 6.0
4614385.0 384533.0 6.0
4617517.0 384794.0 6.0
4627213.0 385602.0 6.0
4645729.0 387145.0 6.0
4650073.0 387507.0 6.0
4672213.0 389352.0 6.0
4673737.0 389479.0 6.0
4684105.0 390343.0 6.0
4690609.0 390885.0 6.0
4691005.0 390918.0 6.0
4709437.0 392454.0 6.0
4751341.0 395946.0 6.0
4784929.0 398745.0 6.0
4792981.0 399416.0 6.0
4795621.0 399636.0 6.0
4797589.0 399800.0 6.0
4803709.0 400310.0 6.0
4839001.0 403251.0 6.0
4847077.0 403924.0 6.0
4850737.0 404229.0 6.0
4856353.0 404697.0 6.0
4856401.0 404701.0 6.0
4867969.0 405665.0 6.0
4890817.0 407569.0 6.0
4898209.0 408185.0 6.0
4904377.0 408699.0 6.0
4908961.0 409081.0 6.0
4916773.0 409732.0 6.0
4917085.0 409758.0 6.0
4926025.0 410503.0 6.0
4935517.0 411294.0 6.0
4946053.0 412172.0 6.0
4958149.0 413180.0 6.0
4965205.0 413768.0 6.0
4969117.0 414094.0 6.0
4985677.0 415474.0 6.0
4995181.0 416266.0 6.0
5001733.0 416812.0 6.0
5010697.0 417559.0 6.0
5029909.0 419160.0 6.0
5053705.0 421143.0 6.0
5056681.0 421391.0 6.0
5056909.0 421410.0 6.0
5058217.0 421519.0 6.0
5062621.0 421886.0 6.0
5067445.0 422288.0 6.0
5082325.0 423528.0 6.0
5114041.0 426171.0 6.0
5116309.0 426360.0 6.0
5141341.0 428446.0 6.0
5146201.0 428851.0 6.0
5155177.0 429599.0 6.0
5155309.0 429610.0 6.0
5167873.0 430657.0 6.0
5175817.0 431319.0 6.0
5205289.0 433775.0 6.0
5215957.0 434664.0 6.0
5221525.0 435128.0 6.0
5232313.0 436027.0 6.0
5241601.0 436801.0 6.0
5251681.0 437641.0 6.0
5296369.0 441365.0 6.0
5313733.0 442812.0 6.0
5340133.0 445012.0 6.0
5422813.0 451902.0 6.0
5430541.0 452546.0 6.0
5449741.0 454146.0 6.0
5511373.0 459282.0 6.0
5568829.0 464070.0 6.0
5600113.0 466677.0 6.0
5622685.0 468558.0 6.0
5678125.0 473178.0 6.0
5680333.0 473362.0 6.0
5801041.0 483421.0 6.0
5855509.0 487960.0 6.0
5875225.0 489603.0 6.0
5911009.0 492585.0 6.0
6169465.0 514123.0 6.0
6384853.0 532072.0 6.0
