rev2
1.8056353E7 1504697.0 6.0
1.8780013E7 1565002.0 6.0
1.8796297E7 1566359.0 6.0
1.8796945E7 1566413.0 6.0
1.8902329E7 1575195.0 6.0
1.8931117E7 1577594.0 6.0
1.8982153E7 1581847.0 6.0
1.8988393E7 1582367.0 6.0
1.9004869E7 1583740.0 6.0
1.9175005E7 1597918.0 6.0
1.9378333E7 1614862.0 6.0
1.9414669E7 1617890.0 6.0
1.9459813E7 1621652.0 6.0
1.9523473E7 1626957.0 6.0
1.9524577E7 1627049.0 6.0
1.9526905E7 1627243.0 6.0
1.9570357E7 1630864.0 6.0
1.9575853E7 1631322.0 6.0
1.9670269E7 1639190.0 6.0
1.9673161E7 1639431.0 6.0
1.9753369E7 1646115.0 6.0
1.9830241E7 1652521.0 6.0
1.9923529E7 1660295.0 6.0
1.9986505E7 1665543.0 6.0
1.9987393E7 1665617.0 6.0
2.0011753E7 1667647.0 6.0
2.0070865E7 1672573.0 6.0
2.0106865E7 1675573.0 6.0
2.0192593E7 1682717.0 6.0
2.0201065E7 1683423.0 6.0
2.0252641E7 1687721.0 6.0
2.0254885E7 1687908.0 6.0
2.0256961E7 1688081.0 6.0
2.0325361E7 1693781.0 6.0
2.0427361E7 1702281.0 6.0
2.0472733E7 1706062.0 6.0
2.0478061E7 1706506.0 6.0
2.0534173E7 1711182.0 6.0
2.0537209E7 1711435.0 6.0
2.0568229E7 1714020.0 6.0
2.0572033E7 1714337.0 6.0
2.0615713E7 1717977.0 6.0
2.0664097E7 1722009.0 6.0
2.0671093E7 1722592.0 6.0
2.0691757E7 1724314.0 6.0
2.0735857E7 1727989.0 6.0
2.0745493E7 1728792.0 6.0
2.0781265E7 1731773.0 6.0
2.0795989E7 1733000.0 6.0
2.0854657E7 1737889.0 6.0
2.0878129E7 1739845.0 6.0
2.0921233E7 1743437.0 6.0
2.0938261E7 1744856.0 6.0
2.1054145E7 1754513.0 6.0
2.1073609E7 1756135.0 6.0
2.1084865E7 1757073.0 6.0
2.1144073E7 1762007.0 6.0
2.1209893E7 1767492.0 6.0
2.1241333E7 1770112.0 6.0
2.1378877E7 1781574.0 6.0
2.1387805E7 1782318.0 6.0
2.1440329E7 1786695.0 6.0
2.1445993E7 1787167.0 6.0
2.1465541E7 1788796.0 6.0
2.1485233E7 1790437.0 6.0
2.1537277E7 1794774.0 6.0
2.1607513E7 1800627.0 6.0
2.1673693E7 1806142.0 6.0
2.1686101E7 1807176.0 6.0
2.1732373E7 1811032.0 6.0
2.1733453E7 1811122.0 6.0
2.1862237E7 1821854.0 6.0
2.1911581E7 1825966.0 6.0
2.1917029E7 1826420.0 6.0
2.1961177E7 1830099.0 6.0
2.2074901E7 1839576.0 6.0
2.2230961E7 1852581.0 6.0
2.2313437E7 1859454.0 6.0
2.2321645E7 1860138.0 6.0
2.2441897E7 1870159.0 6.0
2.2520149E7 1876680.0 6.0
2.2699213E7 1891602.0 6.0
2.2897849E7 1908155.0 6.0
2.2902433E7 1908537.0 6.0
2.2932025E7 1911003.0 6.0
2.3026969E7 1918915.0 6.0
2.3074513E7 1922877.0 6.0
2.3176549E7 1931380.0 6.0
2.3879521E7 1989961.0 6.0
2.3939941E7 1994996.0 6.0
2.3956237E7 1996354.0 6.0
2.4330337E7 2027529.0 6.0
2.4364777E7 2030399.0 6.0
2.4494113E7 2041177.0 6.0
2.5115029E7 2092920.0 6.0
2.5134193E7 2094517.0 6.0
2.6325661E7 2193806.0 6.0
2.6611093E7 2217592.0 6.0
2.7059701E7 2254976.0 6.0
2.7201433E7 2266787.0 6.0
