rev2
226621.0 18886.0 6.0
231265.0 19273.0 6.0
234409.0 19535.0 6.0
236053.0 19672.0 6.0
236665.0 19723.0 6.0
237781.0 19816.0 6.0
238009.0 19835.0 6.0
238537.0 19879.0 6.0
238633.0 19887.0 6.0
239497.0 19959.0 6.0
241681.0 20141.0 6.0
242257.0 20189.0 6.0
242521.0 20211.0 6.0
242677.0 20224.0 6.0
243301.0 20276.0 6.0
243853.0 20322.0 6.0
244357.0 20364.0 6.0
244633.0 20387.0 6.0
246157.0 20514.0 6.0
246757.0 20564.0 6.0
247393.0 20617.0 6.0
248401.0 20701.0 6.0
248449.0 20705.0 6.0
248881.0 20741.0 6.0
249829.0 20820.0 6.0
250237.0 20854.0 6.0
250837.0 20904.0 6.0
252661.0 21056.0 6.0
252721.0 21061.0 6.0
253345.0 21113.0 6.0
253945.0 21163.0 6.0
254461.0 21206.0 6.0
254473.0 21207.0 6.0
255013.0 21252.0 6.0
255805.0 21318.0 6.0
255877.0 21324.0 6.0
257089.0 21425.0 6.0
257773.0 21482.0 6.0
257953.0 21497.0 6.0
258577.0 21549.0 6.0
258829.0 21570.0 6.0
259237.0 21604.0 6.0
259273.0 21607.0 6.0
260125.0 21678.0 6.0
261157.0 21764.0 6.0
261469.0 21790.0 6.0
262105.0 21843.0 6.0
262681.0 21891.0 6.0
262825.0 21903.0 6.0
263113.0 21927.0 6.0
263629.0 21970.0 6.0
264109.0 22010.0 6.0
264253.0 22022.0 6.0
264409.0 22035.0 6.0
264529.0 22045.0 6.0
264829.0 22070.0 6.0
265645.0 22138.0 6.0
265921.0 22161.0 6.0
265969.0 22165.0 6.0
266209.0 22185.0 6.0
266317.0 22194.0 6.0
267001.0 22251.0 6.0
267733.0 22312.0 6.0
268393.0 22367.0 6.0
269893.0 22492.0 6.0
270181.0 22516.0 6.0
272449.0 22705.0 6.0
273721.0 22811.0 6.0
274069.0 22840.0 6.0
274729.0 22895.0 6.0
277909.0 23160.0 6.0
278653.0 23222.0 6.0
279133.0 23262.0 6.0
279217.0 23269.0 6.0
279913.0 23327.0 6.0
280165.0 23348.0 6.0
280165.0 23348.0 6.0
280633.0 23387.0 6.0
280633.0 23387.0 6.0
283105.0 23593.0 6.0
285133.0 23762.0 6.0
285349.0 23780.0 6.0
286285.0 23858.0 6.0
287773.0 23982.0 6.0
288205.0 24018.0 6.0
290233.0 24187.0 6.0
292069.0 24340.0 6.0
292105.0 24343.0 6.0
293497.0 24459.0 6.0
294721.0 24561.0 6.0
294937.0 24579.0 6.0
295057.0 24589.0 6.0
297061.0 24756.0 6.0
299113.0 24927.0 6.0
303421.0 25286.0 6.0
303973.0 25332.0 6.0
312253.0 26022.0 6.0
314221.0 26186.0 6.0
325165.0 27098.0 6.0
336565.0 28048.0 6.0
