rev2
11569.0 965.0 6.0
11629.0 970.0 6.0
11689.0 975.0 6.0
12013.0 1002.0 6.0
12157.0 1014.0 6.0
12157.0 1014.0 6.0
12397.0 1034.0 6.0
12397.0 1034.0 6.0
12493.0 1042.0 6.0
12553.0 1047.0 6.0
12589.0 1050.0 6.0
12613.0 1052.0 6.0
12649.0 1055.0 6.0
12673.0 1057.0 6.0
12673.0 1057.0 6.0
12805.0 1068.0 6.0
12961.0 1081.0 6.0
13033.0 1087.0 6.0
13045.0 1088.0 6.0
13045.0 1088.0 6.0
13093.0 1092.0 6.0
13117.0 1094.0 6.0
13129.0 1095.0 6.0
13165.0 1098.0 6.0
13225.0 1103.0 6.0
13321.0 1111.0 6.0
13333.0 1112.0 6.0
13345.0 1113.0 6.0
13405.0 1118.0 6.0
13417.0 1119.0 6.0
13441.0 1121.0 6.0
13453.0 1122.0 6.0
13489.0 1125.0 6.0
13501.0 1126.0 6.0
13525.0 1128.0 6.0
13825.0 1153.0 6.0
13825.0 1153.0 6.0
13861.0 1156.0 6.0
13861.0 1156.0 6.0
13885.0 1158.0 6.0
13945.0 1163.0 6.0
14041.0 1171.0 6.0
14041.0 1171.0 6.0
14089.0 1175.0 6.0
14101.0 1176.0 6.0
14185.0 1183.0 6.0
14233.0 1187.0 6.0
14317.0 1194.0 6.0
14437.0 1204.0 6.0
14473.0 1207.0 6.0
14485.0 1208.0 6.0
14497.0 1209.0 6.0
14533.0 1212.0 6.0
14569.0 1215.0 6.0
14581.0 1216.0 6.0
14605.0 1218.0 6.0
14665.0 1223.0 6.0
14773.0 1232.0 6.0
14797.0 1234.0 6.0
14833.0 1237.0 6.0
14857.0 1239.0 6.0
14905.0 1243.0 6.0
14977.0 1249.0 6.0
15109.0 1260.0 6.0
15169.0 1265.0 6.0
15193.0 1267.0 6.0
15253.0 1272.0 6.0
15301.0 1276.0 6.0
15445.0 1288.0 6.0
15493.0 1292.0 6.0
15505.0 1293.0 6.0
15529.0 1295.0 6.0
15541.0 1296.0 6.0
15565.0 1298.0 6.0
15697.0 1309.0 6.0
15841.0 1321.0 6.0
15997.0 1334.0 6.0
16045.0 1338.0 6.0
16081.0 1341.0 6.0
16129.0 1345.0 6.0
16165.0 1348.0 6.0
16165.0 1348.0 6.0
16177.0 1349.0 6.0
16189.0 1350.0 6.0
16429.0 1370.0 6.0
16561.0 1381.0 6.0
16585.0 1383.0 6.0
16945.0 1413.0 6.0
17677.0 1474.0 6.0
17761.0 1481.0 6.0
18085.0 1508.0 6.0
18193.0 1517.0 6.0
18289.0 1525.0 6.0
18289.0 1525.0 6.0
18721.0 1561.0 6.0
18913.0 1577.0 6.0
18949.0 1580.0 6.0
19705.0 1643.0 6.0
19837.0 1654.0 6.0
21193.0 1767.0 6.0
