rev2
49789.0 4150.0 6.0
50485.0 4208.0 6.0
53341.0 4446.0 6.0
53365.0 4448.0 6.0
53725.0 4478.0 6.0
53749.0 4480.0 6.0
53869.0 4490.0 6.0
54217.0 4519.0 6.0
54349.0 4530.0 6.0
54493.0 4542.0 6.0
54553.0 4547.0 6.0
54685.0 4558.0 6.0
55141.0 4596.0 6.0
55369.0 4615.0 6.0
55537.0 4629.0 6.0
55573.0 4632.0 6.0
55633.0 4637.0 6.0
55633.0 4637.0 6.0
55657.0 4639.0 6.0
55729.0 4645.0 6.0
55825.0 4653.0 6.0
55849.0 4655.0 6.0
55957.0 4664.0 6.0
56017.0 4669.0 6.0
56029.0 4670.0 6.0
56089.0 4675.0 6.0
56161.0 4681.0 6.0
56245.0 4688.0 6.0
56245.0 4688.0 6.0
56329.0 4695.0 6.0
56449.0 4705.0 6.0
56545.0 4713.0 6.0
56569.0 4715.0 6.0
56833.0 4737.0 6.0
57145.0 4763.0 6.0
57361.0 4781.0 6.0
57373.0 4782.0 6.0
57721.0 4811.0 6.0
58045.0 4838.0 6.0
58093.0 4842.0 6.0
58381.0 4866.0 6.0
58393.0 4867.0 6.0
58489.0 4875.0 6.0
58537.0 4879.0 6.0
58897.0 4909.0 6.0
58945.0 4913.0 6.0
58981.0 4916.0 6.0
58981.0 4916.0 6.0
59161.0 4931.0 6.0
59269.0 4940.0 6.0
59437.0 4954.0 6.0
60049.0 5005.0 6.0
60085.0 5008.0 6.0
60361.0 5031.0 6.0
60649.0 5055.0 6.0
60853.0 5072.0 6.0
61033.0 5087.0 6.0
61105.0 5093.0 6.0
61813.0 5152.0 6.0
61981.0 5166.0 6.0
62185.0 5183.0 6.0
62305.0 5193.0 6.0
62389.0 5200.0 6.0
62797.0 5234.0 6.0
63061.0 5256.0 6.0
63097.0 5259.0 6.0
63265.0 5273.0 6.0
63349.0 5280.0 6.0
63493.0 5292.0 6.0
64153.0 5347.0 6.0
64177.0 5349.0 6.0
64177.0 5349.0 6.0
64621.0 5386.0 6.0
64813.0 5402.0 6.0
64969.0 5415.0 6.0
65137.0 5429.0 6.0
65401.0 5451.0 6.0
65437.0 5454.0 6.0
65461.0 5456.0 6.0
65521.0 5461.0 6.0
65545.0 5463.0 6.0
65605.0 5468.0 6.0
65701.0 5476.0 6.0
66121.0 5511.0 6.0
66181.0 5516.0 6.0
66301.0 5526.0 6.0
66613.0 5552.0 6.0
66985.0 5583.0 6.0
67357.0 5614.0 6.0
68077.0 5674.0 6.0
68473.0 5707.0 6.0
70033.0 5837.0 6.0
72121.0 6011.0 6.0
72589.0 6050.0 6.0
73393.0 6117.0 6.0
76345.0 6363.0 6.0
77245.0 6438.0 6.0
77881.0 6491.0 6.0
81673.0 6807.0 6.0
81889.0 6825.0 6.0
