rev2
474865.0 39573.0 6.0
477973.0 39832.0 6.0
478525.0 39878.0 6.0
479725.0 39978.0 6.0
490189.0 40850.0 6.0
499249.0 41605.0 6.0
501025.0 41753.0 6.0
501037.0 41754.0 6.0
502729.0 41895.0 6.0
505141.0 42096.0 6.0
505813.0 42152.0 6.0
506545.0 42213.0 6.0
510229.0 42520.0 6.0
512617.0 42719.0 6.0
512677.0 42724.0 6.0
515005.0 42918.0 6.0
515101.0 42926.0 6.0
515869.0 42990.0 6.0
516241.0 43021.0 6.0
516913.0 43077.0 6.0
517021.0 43086.0 6.0
517357.0 43114.0 6.0
518845.0 43238.0 6.0
519277.0 43274.0 6.0
519961.0 43331.0 6.0
521281.0 43441.0 6.0
521497.0 43459.0 6.0
521737.0 43479.0 6.0
524005.0 43668.0 6.0
525217.0 43769.0 6.0
528049.0 44005.0 6.0
528349.0 44030.0 6.0
528637.0 44054.0 6.0
529609.0 44135.0 6.0
530665.0 44223.0 6.0
532093.0 44342.0 6.0
534601.0 44551.0 6.0
536377.0 44699.0 6.0
538885.0 44908.0 6.0
539317.0 44944.0 6.0
540445.0 45038.0 6.0
542617.0 45219.0 6.0
546337.0 45529.0 6.0
546673.0 45557.0 6.0
547393.0 45617.0 6.0
547597.0 45634.0 6.0
550285.0 45858.0 6.0
550465.0 45873.0 6.0
552241.0 46021.0 6.0
552589.0 46050.0 6.0
554257.0 46189.0 6.0
554653.0 46222.0 6.0
555985.0 46333.0 6.0
556921.0 46411.0 6.0
556945.0 46413.0 6.0
557605.0 46468.0 6.0
557917.0 46494.0 6.0
559705.0 46643.0 6.0
560257.0 46689.0 6.0
561325.0 46778.0 6.0
561613.0 46802.0 6.0
563869.0 46990.0 6.0
564841.0 47071.0 6.0
565909.0 47160.0 6.0
565945.0 47163.0 6.0
566533.0 47212.0 6.0
567265.0 47273.0 6.0
568129.0 47345.0 6.0
568273.0 47357.0 6.0
568981.0 47416.0 6.0
569065.0 47423.0 6.0
569857.0 47489.0 6.0
569989.0 47500.0 6.0
571885.0 47658.0 6.0
573241.0 47771.0 6.0
576721.0 48061.0 6.0
576805.0 48068.0 6.0
576841.0 48071.0 6.0
579013.0 48252.0 6.0
580789.0 48400.0 6.0
586993.0 48917.0 6.0
588505.0 49043.0 6.0
590149.0 49180.0 6.0
590941.0 49246.0 6.0
591841.0 49321.0 6.0
593857.0 49489.0 6.0
594313.0 49527.0 6.0
597049.0 49755.0 6.0
598213.0 49852.0 6.0
599029.0 49920.0 6.0
604141.0 50346.0 6.0
605845.0 50488.0 6.0
606841.0 50571.0 6.0
609685.0 50808.0 6.0
637693.0 53142.0 6.0
638173.0 53182.0 6.0
639421.0 53286.0 6.0
645625.0 53803.0 6.0
645853.0 53822.0 6.0
702421.0 58536.0 6.0
