rev2
4933.0 412.0 6.0
5053.0 422.0 6.0
5113.0 427.0 6.0
5257.0 439.0 6.0
5293.0 442.0 6.0
5341.0 446.0 6.0
5581.0 466.0 6.0
5653.0 472.0 6.0
5689.0 475.0 6.0
5701.0 476.0 6.0
5737.0 479.0 6.0
5749.0 480.0 6.0
5773.0 482.0 6.0
5881.0 491.0 6.0
5881.0 491.0 6.0
5893.0 492.0 6.0
5893.0 492.0 6.0
5905.0 493.0 6.0
5917.0 494.0 6.0
5941.0 496.0 6.0
5953.0 497.0 6.0
6061.0 506.0 6.0
6121.0 511.0 6.0
6157.0 514.0 6.0
6181.0 516.0 6.0
6217.0 519.0 6.0
6229.0 520.0 6.0
6241.0 521.0 6.0
6337.0 529.0 6.0
6361.0 531.0 6.0
6373.0 532.0 6.0
6385.0 533.0 6.0
6409.0 535.0 6.0
6433.0 537.0 6.0
6445.0 538.0 6.0
6457.0 539.0 6.0
6469.0 540.0 6.0
6481.0 541.0 6.0
6481.0 541.0 6.0
6577.0 549.0 6.0
6577.0 549.0 6.0
6601.0 551.0 6.0
6613.0 552.0 6.0
6625.0 553.0 6.0
6661.0 556.0 6.0
6661.0 556.0 6.0
6685.0 558.0 6.0
6685.0 558.0 6.0
6721.0 561.0 6.0
6757.0 564.0 6.0
6781.0 566.0 6.0
6793.0 567.0 6.0
6805.0 568.0 6.0
6805.0 568.0 6.0
6817.0 569.0 6.0
6817.0 569.0 6.0
6853.0 572.0 6.0
6865.0 573.0 6.0
6889.0 575.0 6.0
6913.0 577.0 6.0
6937.0 579.0 6.0
6949.0 580.0 6.0
6973.0 582.0 6.0
6997.0 584.0 6.0
6997.0 584.0 6.0
7021.0 586.0 6.0
7021.0 586.0 6.0
7021.0 586.0 6.0
7105.0 593.0 6.0
7129.0 595.0 6.0
7225.0 603.0 6.0
7309.0 610.0 6.0
7321.0 611.0 6.0
7357.0 614.0 6.0
7357.0 614.0 6.0
7381.0 616.0 6.0
7393.0 617.0 6.0
7489.0 625.0 6.0
7561.0 631.0 6.0
7633.0 637.0 6.0
7645.0 638.0 6.0
7765.0 648.0 6.0
7789.0 650.0 6.0
7801.0 651.0 6.0
7849.0 655.0 6.0
7849.0 655.0 6.0
7909.0 660.0 6.0
8089.0 675.0 6.0
8341.0 696.0 6.0
8413.0 702.0 6.0
8461.0 706.0 6.0
8581.0 716.0 6.0
8641.0 721.0 6.0
8665.0 723.0 6.0
8821.0 736.0 6.0
8821.0 736.0 6.0
8845.0 738.0 6.0
9409.0 785.0 6.0
10273.0 857.0 6.0
10597.0 884.0 6.0
