rev4
6346.0 537.0 6.0
6578.0 557.0 6.0
6617.0 558.0 6.0
6927.0 586.0 6.0
7008.0 593.0 6.0
7110.0 600.0 6.0
7157.0 605.0 6.0
7289.0 615.0 6.0
7311.0 615.0 6.0
7327.0 618.0 6.0
7402.0 626.0 6.0
7404.0 623.0 6.0
7423.0 624.0 6.0
7428.0 623.0 6.0
7436.0 628.0 6.0
7464.0 627.0 6.0
7483.0 629.0 6.0
7491.0 633.0 6.0
7593.0 640.0 6.0
7650.0 644.0 6.0
7681.0 648.0 6.0
7681.0 646.0 6.0
7683.0 646.0 6.0
7684.0 649.0 6.0
7732.0 653.0 6.0
7775.0 654.0 6.0
7855.0 660.0 6.0
7873.0 664.0 6.0
7885.0 664.0 6.0
7931.0 670.0 6.0
7966.0 671.0 6.0
7973.0 672.0 6.0
7982.0 672.0 6.0
8001.0 674.0 6.0
8024.0 675.0 6.0
8099.0 686.0 6.0
8099.0 681.0 6.0
8100.0 679.0 6.0
8130.0 687.0 6.0
8136.0 686.0 6.0
8157.0 689.0 6.0
8166.0 687.0 6.0
8168.0 690.0 6.0
8180.0 687.0 6.0
8195.0 690.0 6.0
8204.0 690.0 6.0
8216.0 695.0 6.0
8249.0 693.0 6.0
8273.0 695.0 6.0
8337.0 701.0 6.0
8356.0 704.0 6.0
8385.0 706.0 6.0
8408.0 707.0 6.0
8426.0 711.0 6.0
8437.0 711.0 6.0
8441.0 709.0 6.0
8458.0 710.0 6.0
8474.0 715.0 6.0
8478.0 714.0 6.0
8563.0 720.0 6.0
8595.0 724.0 6.0
8607.0 728.0 6.0
8623.0 725.0 6.0
8754.0 738.0 6.0
8800.0 742.0 6.0
8871.0 752.0 6.0
8898.0 749.0 6.0
8909.0 753.0 6.0
8975.0 755.0 6.0
8992.0 759.0 6.0
9041.0 761.0 6.0
9118.0 766.0 6.0
9141.0 769.0 6.0
9147.0 769.0 6.0
9148.0 770.0 6.0
9205.0 772.0 6.0
9209.0 774.0 6.0
9212.0 775.0 6.0
9271.0 780.0 6.0
9281.0 783.0 6.0
9304.0 784.0 6.0
9324.0 789.0 6.0
9374.0 793.0 6.0
9421.0 796.0 6.0
9429.0 795.0 6.0
9493.0 799.0 6.0
9540.0 804.0 6.0
9551.0 806.0 6.0
9581.0 809.0 6.0
9694.0 817.0 6.0
9730.0 822.0 6.0
9743.0 821.0 6.0
9753.0 822.0 6.0
9755.0 819.0 6.0
9873.0 829.0 6.0
10217.0 860.0 6.0
10339.0 872.0 6.0
10356.0 873.0 6.0
10646.0 896.0 6.0
11412.0 962.0 6.0
