rev4
37.0 4.0 6.0
49.0 5.0 6.0
49.0 5.0 6.0
49.0 5.0 6.0
49.0 5.0 6.0
61.0 6.0 6.0
61.0 6.0 6.0
61.0 6.0 6.0
61.0 6.0 6.0
61.0 6.0 6.0
61.0 6.0 6.0
61.0 6.0 6.0
61.0 6.0 6.0
61.0 6.0 6.0
61.0 6.0 6.0
61.0 6.0 6.0
61.0 6.0 6.0
61.0 6.0 6.0
61.0 6.0 6.0
61.0 6.0 6.0
71.0 7.0 6.0
72.0 7.0 6.0
73.0 7.0 6.0
73.0 7.0 6.0
73.0 7.0 6.0
73.0 7.0 6.0
73.0 7.0 6.0
73.0 7.0 6.0
73.0 7.0 6.0
73.0 7.0 6.0
73.0 7.0 6.0
73.0 7.0 6.0
73.0 7.0 6.0
73.0 7.0 6.0
73.0 7.0 6.0
73.0 7.0 6.0
73.0 7.0 6.0
73.0 7.0 6.0
73.0 7.0 6.0
73.0 7.0 6.0
73.0 7.0 6.0
73.0 7.0 6.0
83.0 8.0 6.0
84.0 8.0 6.0
85.0 8.0 6.0
85.0 8.0 6.0
85.0 8.0 6.0
85.0 8.0 6.0
85.0 8.0 6.0
85.0 8.0 6.0
85.0 8.0 6.0
85.0 8.0 6.0
85.0 8.0 6.0
85.0 8.0 6.0
85.0 8.0 6.0
85.0 8.0 6.0
85.0 8.0 6.0
85.0 8.0 6.0
85.0 8.0 6.0
85.0 8.0 6.0
85.0 8.0 6.0
85.0 8.0 6.0
85.0 8.0 6.0
96.0 9.0 6.0
96.0 9.0 6.0
97.0 9.0 6.0
97.0 9.0 6.0
97.0 9.0 6.0
97.0 9.0 6.0
97.0 9.0 6.0
97.0 9.0 6.0
97.0 9.0 6.0
97.0 9.0 6.0
97.0 9.0 6.0
97.0 9.0 6.0
97.0 9.0 6.0
97.0 9.0 6.0
109.0 10.0 6.0
109.0 10.0 6.0
109.0 10.0 6.0
109.0 10.0 6.0
109.0 10.0 6.0
109.0 10.0 6.0
109.0 10.0 6.0
120.0 11.0 6.0
120.0 11.0 6.0
121.0 11.0 6.0
121.0 11.0 6.0
121.0 11.0 6.0
121.0 11.0 6.0
121.0 11.0 6.0
121.0 11.0 6.0
133.0 12.0 6.0
133.0 12.0 6.0
133.0 12.0 6.0
133.0 12.0 6.0
145.0 13.0 6.0
145.0 13.0 6.0
145.0 13.0 6.0
181.0 16.0 6.0
