rev4
1197.0 101.0 6.0
1419.0 121.0 6.0
1420.0 120.0 6.0
1448.0 124.0 6.0
1450.0 123.0 6.0
1454.0 123.0 6.0
1475.0 125.0 6.0
1498.0 127.0 6.0
1500.0 128.0 6.0
1535.0 129.0 6.0
1596.0 134.0 6.0
1613.0 136.0 6.0
1616.0 138.0 6.0
1619.0 138.0 6.0
1619.0 138.0 6.0
1620.0 137.0 6.0
1634.0 138.0 6.0
1639.0 139.0 6.0
1644.0 139.0 6.0
1649.0 139.0 6.0
1654.0 140.0 6.0
1657.0 140.0 6.0
1667.0 141.0 6.0
1673.0 142.0 6.0
1701.0 144.0 6.0
1714.0 144.0 6.0
1716.0 147.0 6.0
1720.0 147.0 6.0
1722.0 147.0 6.0
1743.0 149.0 6.0
1746.0 148.0 6.0
1747.0 148.0 6.0
1761.0 149.0 6.0
1764.0 150.0 6.0
1768.0 150.0 6.0
1787.0 152.0 6.0
1791.0 152.0 6.0
1792.0 154.0 6.0
1795.0 151.0 6.0
1797.0 152.0 6.0
1799.0 152.0 6.0
1802.0 152.0 6.0
1805.0 152.0 6.0
1808.0 154.0 6.0
1812.0 154.0 6.0
1814.0 153.0 6.0
1826.0 154.0 6.0
1827.0 155.0 6.0
1829.0 155.0 6.0
1830.0 154.0 6.0
1830.0 155.0 6.0
1833.0 155.0 6.0
1840.0 155.0 6.0
1841.0 155.0 6.0
1844.0 156.0 6.0
1853.0 156.0 6.0
1865.0 157.0 6.0
1874.0 158.0 6.0
1876.0 158.0 6.0
1889.0 159.0 6.0
1908.0 162.0 6.0
1909.0 161.0 6.0
1913.0 161.0 6.0
1920.0 162.0 6.0
1921.0 162.0 6.0
1927.0 162.0 6.0
1943.0 164.0 6.0
1963.0 166.0 6.0
1970.0 167.0 6.0
1980.0 168.0 6.0
2011.0 170.0 6.0
2012.0 169.0 6.0
2013.0 170.0 6.0
2016.0 170.0 6.0
2030.0 171.0 6.0
2032.0 173.0 6.0
2046.0 172.0 6.0
2054.0 175.0 6.0
2066.0 175.0 6.0
2073.0 175.0 6.0
2079.0 176.0 6.0
2081.0 177.0 6.0
2082.0 177.0 6.0
2103.0 178.0 6.0
2120.0 179.0 6.0
2123.0 180.0 6.0
2143.0 181.0 6.0
2156.0 182.0 6.0
2170.0 183.0 6.0
2182.0 183.0 6.0
2210.0 186.0 6.0
2214.0 187.0 6.0
2299.0 194.0 6.0
2307.0 194.0 6.0
2319.0 196.0 6.0
2323.0 197.0 6.0
2355.0 199.0 6.0
2657.0 224.0 6.0
2739.0 231.0 6.0
2763.0 234.0 6.0
