rev4
14816.0 1251.0 6.0
15438.0 1299.0 6.0
15515.0 1309.0 6.0
15600.0 1312.0 6.0
15613.0 1313.0 6.0
15751.0 1325.0 6.0
15785.0 1330.0 6.0
15806.0 1332.0 6.0
15898.0 1340.0 6.0
15969.0 1346.0 6.0
16191.0 1363.0 6.0
16199.0 1370.0 6.0
16205.0 1363.0 6.0
16241.0 1368.0 6.0
16256.0 1371.0 6.0
16281.0 1372.0 6.0
16292.0 1373.0 6.0
16403.0 1378.0 6.0
16417.0 1385.0 6.0
16424.0 1381.0 6.0
16484.0 1388.0 6.0
16583.0 1395.0 6.0
16655.0 1405.0 6.0
16700.0 1407.0 6.0
16786.0 1416.0 6.0
16829.0 1420.0 6.0
16830.0 1416.0 6.0
16854.0 1419.0 6.0
16873.0 1422.0 6.0
16880.0 1422.0 6.0
16990.0 1434.0 6.0
17045.0 1437.0 6.0
17117.0 1445.0 6.0
17138.0 1440.0 6.0
17176.0 1446.0 6.0
17297.0 1455.0 6.0
17321.0 1459.0 6.0
17335.0 1457.0 6.0
17342.0 1461.0 6.0
17376.0 1462.0 6.0
17428.0 1468.0 6.0
17474.0 1473.0 6.0
17494.0 1472.0 6.0
17540.0 1477.0 6.0
17560.0 1484.0 6.0
17581.0 1479.0 6.0
17594.0 1481.0 6.0
17668.0 1487.0 6.0
17710.0 1492.0 6.0
17856.0 1504.0 6.0
17891.0 1505.0 6.0
18067.0 1520.0 6.0
18088.0 1524.0 6.0
18094.0 1528.0 6.0
18179.0 1534.0 6.0
18259.0 1540.0 6.0
18436.0 1552.0 6.0
18553.0 1562.0 6.0
18575.0 1568.0 6.0
18588.0 1568.0 6.0
18607.0 1566.0 6.0
18661.0 1570.0 6.0
18675.0 1573.0 6.0
18751.0 1579.0 6.0
18803.0 1581.0 6.0
18849.0 1587.0 6.0
18892.0 1589.0 6.0
18940.0 1603.0 6.0
18982.0 1598.0 6.0
18998.0 1596.0 6.0
19056.0 1606.0 6.0
19150.0 1613.0 6.0
19173.0 1613.0 6.0
19174.0 1616.0 6.0
19294.0 1623.0 6.0
19372.0 1631.0 6.0
19382.0 1635.0 6.0
19395.0 1630.0 6.0
19453.0 1642.0 6.0
19480.0 1642.0 6.0
19482.0 1640.0 6.0
19552.0 1644.0 6.0
19580.0 1650.0 6.0
19715.0 1665.0 6.0
19725.0 1662.0 6.0
19876.0 1667.0 6.0
19879.0 1676.0 6.0
20033.0 1685.0 6.0
20261.0 1707.0 6.0
20282.0 1706.0 6.0
20360.0 1715.0 6.0
20544.0 1730.0 6.0
20676.0 1742.0 6.0
20734.0 1747.0 6.0
21692.0 1828.0 6.0
21832.0 1838.0 6.0
21874.0 1841.0 6.0
21947.0 1847.0 6.0
22801.0 1921.0 6.0
22925.0 1933.0 6.0
