rev4
5816471.0 489602.0 6.0
5982487.0 503681.0 6.0
6128606.0 516015.0 6.0
6139586.0 516867.0 6.0
6193007.0 521418.0 6.0
6224582.0 524027.0 6.0
6225669.0 524087.0 6.0
6270933.0 527830.0 6.0
6271800.0 527995.0 6.0
6272161.0 527940.0 6.0
6273875.0 528195.0 6.0
6278893.0 528609.0 6.0
6293332.0 529744.0 6.0
6304351.0 530671.0 6.0
6322415.0 532195.0 6.0
6334271.0 533235.0 6.0
6343905.0 534044.0 6.0
6370736.0 536351.0 6.0
6371931.0 536509.0 6.0
6382652.0 537336.0 6.0
6392221.0 538169.0 6.0
6422176.0 540617.0 6.0
6428410.0 541247.0 6.0
6441475.0 542179.0 6.0
6478187.0 545407.0 6.0
6483498.0 545908.0 6.0
6527487.0 549480.0 6.0
6538360.0 550441.0 6.0
6539017.0 550531.0 6.0
6551409.0 551538.0 6.0
6554108.0 551803.0 6.0
6559177.0 552190.0 6.0
6563430.0 552571.0 6.0
6567662.0 552915.0 6.0
6571704.0 553218.0 6.0
6583929.0 554136.0 6.0
6585295.0 554402.0 6.0
6587592.0 554523.0 6.0
6595518.0 555146.0 6.0
6599707.0 555687.0 6.0
6612484.0 556688.0 6.0
6613988.0 556762.0 6.0
6631815.0 558207.0 6.0
6653837.0 560090.0 6.0
6658143.0 560601.0 6.0
6660068.0 560616.0 6.0
6674467.0 562010.0 6.0
6687685.0 563068.0 6.0
6710305.0 564884.0 6.0
6710698.0 564909.0 6.0
6717818.0 565576.0 6.0
6751399.0 568327.0 6.0
6758661.0 569026.0 6.0
6770396.0 569942.0 6.0
6782228.0 570913.0 6.0
6789169.0 571609.0 6.0
6790820.0 571645.0 6.0
6796732.0 572194.0 6.0
6826223.0 574685.0 6.0
6831491.0 575098.0 6.0
6835247.0 575351.0 6.0
6847267.0 576406.0 6.0
6847690.0 576495.0 6.0
6849157.0 576570.0 6.0
6893389.0 580364.0 6.0
6898639.0 580671.0 6.0
6908618.0 581613.0 6.0
6927873.0 583241.0 6.0
6940483.0 584260.0 6.0
6966482.0 586483.0 6.0
6966556.0 586469.0 6.0
6974564.0 587194.0 6.0
7010561.0 590197.0 6.0
7019531.0 590940.0 6.0
7057804.0 594120.0 6.0
7074899.0 595641.0 6.0
7083243.0 596354.0 6.0
7137948.0 600866.0 6.0
7138530.0 600880.0 6.0
7148405.0 601755.0 6.0
7148559.0 601803.0 6.0
7213035.0 607212.0 6.0
7215084.0 607391.0 6.0
7228187.0 608554.0 6.0
7284144.0 613236.0 6.0
7284528.0 613272.0 6.0
7355396.0 619121.0 6.0
7368514.0 620405.0 6.0
7369044.0 620398.0 6.0
7380310.0 621303.0 6.0
7468518.0 628668.0 6.0
7594842.0 639320.0 6.0
7600603.0 639816.0 6.0
7622152.0 641586.0 6.0
7668515.0 645468.0 6.0
7689006.0 647258.0 6.0
7815335.0 657925.0 6.0
7955074.0 669608.0 6.0
8010617.0 674368.0 6.0
8952120.0 753575.0 6.0
