rev4
1.2364348E7 1041028.0 6.0
1.2676316E7 1067084.0 6.0
1.2707823E7 1069768.0 6.0
1.2788832E7 1076526.0 6.0
1.2832964E7 1080317.0 6.0
1.28359E7 1080505.0 6.0
1.2882916E7 1084573.0 6.0
1.2968528E7 1091629.0 6.0
1.2968615E7 1091671.0 6.0
1.3091697E7 1102232.0 6.0
1.3180089E7 1109490.0 6.0
1.3183351E7 1109708.0 6.0
1.3191883E7 1110616.0 6.0
1.3218656E7 1112637.0 6.0
1.3253718E7 1115769.0 6.0
1.3359471E7 1124678.0 6.0
1.3362795E7 1124997.0 6.0
1.3385606E7 1126904.0 6.0
1.3398265E7 1127949.0 6.0
1.3423835E7 1130144.0 6.0
1.3426194E7 1130254.0 6.0
1.3438232E7 1131128.0 6.0
1.3473549E7 1134270.0 6.0
1.3484378E7 1135122.0 6.0
1.3526127E7 1138650.0 6.0
1.3550825E7 1140773.0 6.0
1.3554245E7 1141004.0 6.0
1.3557404E7 1141345.0 6.0
1.3590072E7 1144092.0 6.0
1.3597139E7 1144682.0 6.0
1.3600376E7 1144871.0 6.0
1.3602065E7 1145158.0 6.0
1.3628075E7 1147174.0 6.0
1.3631207E7 1147517.0 6.0
1.3674675E7 1151244.0 6.0
1.3703482E7 1153506.0 6.0
1.3709968E7 1154175.0 6.0
1.3715999E7 1154576.0 6.0
1.3720496E7 1155054.0 6.0
1.3765345E7 1158764.0 6.0
1.3779797E7 1160218.0 6.0
1.3813127E7 1162846.0 6.0
1.3890999E7 1169485.0 6.0
1.3912051E7 1171132.0 6.0
1.3915588E7 1171415.0 6.0
1.3917801E7 1171527.0 6.0
1.3946431E7 1174203.0 6.0
1.3950114E7 1174267.0 6.0
1.3976831E7 1176595.0 6.0
1.3995945E7 1178145.0 6.0
1.4012951E7 1179676.0 6.0
1.4016664E7 1180008.0 6.0
1.4025139E7 1180658.0 6.0
1.40305E7 1181183.0 6.0
1.4050612E7 1182772.0 6.0
1.4058466E7 1183459.0 6.0
1.4069192E7 1184228.0 6.0
1.4112642E7 1188123.0 6.0
1.4131817E7 1189677.0 6.0
1.4133792E7 1189794.0 6.0
1.4251863E7 1199802.0 6.0
1.4265863E7 1200882.0 6.0
1.4281283E7 1202271.0 6.0
1.4281607E7 1202436.0 6.0
1.428627E7 1202682.0 6.0
1.4289293E7 1202921.0 6.0
1.4294395E7 1203463.0 6.0
1.430615E7 1204439.0 6.0
1.4333792E7 1206691.0 6.0
1.4382246E7 1210782.0 6.0
1.4399346E7 1212283.0 6.0
1.4484158E7 1219296.0 6.0
1.4518434E7 1222186.0 6.0
1.4621961E7 1230929.0 6.0
1.4678492E7 1235798.0 6.0
1.4720617E7 1239273.0 6.0
1.4760509E7 1242705.0 6.0
1.4797369E7 1245653.0 6.0
1.4899545E7 1254192.0 6.0
1.4913147E7 1255418.0 6.0
1.4924853E7 1256489.0 6.0
1.4946476E7 1258257.0 6.0
1.4992684E7 1262149.0 6.0
1.5132775E7 1273889.0 6.0
1.5161758E7 1276300.0 6.0
1.5210062E7 1280486.0 6.0
1.5249469E7 1283808.0 6.0
1.5368572E7 1293726.0 6.0
1.5382273E7 1294923.0 6.0
1.539014E7 1295625.0 6.0
1.5396232E7 1296178.0 6.0
1.5582297E7 1311645.0 6.0
1.5714101E7 1322875.0 6.0
1.5714712E7 1323046.0 6.0
1.5822956E7 1332088.0 6.0
1.5974322E7 1344786.0 6.0
1.6054506E7 1351497.0 6.0
1.6783409E7 1412918.0 6.0
1.7342307E7 1459921.0 6.0
1.7788934E7 1497655.0 6.0
