rev4
1368692.0 115230.0 6.0
1394231.0 117348.0 6.0
1397062.0 117595.0 6.0
1405192.0 118293.0 6.0
1405745.0 118368.0 6.0
1410458.0 118758.0 6.0
1419836.0 119511.0 6.0
1424837.0 119999.0 6.0
1425640.0 120004.0 6.0
1427206.0 120130.0 6.0
1429690.0 120317.0 6.0
1429897.0 120386.0 6.0
1437810.0 121028.0 6.0
1444101.0 121567.0 6.0
1444469.0 121576.0 6.0
1450914.0 122145.0 6.0
1451298.0 122169.0 6.0
1453939.0 122427.0 6.0
1460987.0 122992.0 6.0
1472941.0 124005.0 6.0
1474221.0 124120.0 6.0
1474636.0 124151.0 6.0
1476323.0 124329.0 6.0
1478161.0 124415.0 6.0
1479215.0 124506.0 6.0
1479216.0 124559.0 6.0
1480003.0 124578.0 6.0
1482279.0 124756.0 6.0
1484225.0 124984.0 6.0
1488757.0 125338.0 6.0
1498628.0 126216.0 6.0
1504846.0 126690.0 6.0
1508576.0 126978.0 6.0
1509517.0 127101.0 6.0
1512697.0 127313.0 6.0
1514002.0 127472.0 6.0
1520158.0 127979.0 6.0
1520629.0 128008.0 6.0
1521203.0 128077.0 6.0
1531766.0 128976.0 6.0
1532858.0 129040.0 6.0
1539287.0 129576.0 6.0
1542475.0 129837.0 6.0
1543176.0 129902.0 6.0
1543505.0 129929.0 6.0
1544457.0 130008.0 6.0
1544568.0 130025.0 6.0
1551158.0 130570.0 6.0
1552974.0 130706.0 6.0
1554242.0 130829.0 6.0
1559392.0 131273.0 6.0
1566250.0 131846.0 6.0
1569258.0 132112.0 6.0
1572945.0 132402.0 6.0
1574269.0 132526.0 6.0
1575661.0 132650.0 6.0
1582319.0 133224.0 6.0
1586340.0 133549.0 6.0
1589197.0 133838.0 6.0
1589379.0 133804.0 6.0
1596568.0 134417.0 6.0
1604995.0 135117.0 6.0
1606390.0 135246.0 6.0
1606535.0 135257.0 6.0
1606835.0 135257.0 6.0
1607147.0 135299.0 6.0
1612780.0 135755.0 6.0
1615718.0 136004.0 6.0
1618702.0 136285.0 6.0
1620817.0 136472.0 6.0
1628834.0 137081.0 6.0
1630593.0 137256.0 6.0
1635493.0 137624.0 6.0
1644000.0 138366.0 6.0
1648987.0 138804.0 6.0
1649780.0 138895.0 6.0
1651007.0 139021.0 6.0
1654296.0 139208.0 6.0
1660229.0 139777.0 6.0
1662955.0 139956.0 6.0
1667779.0 140412.0 6.0
1669964.0 140541.0 6.0
1673090.0 140851.0 6.0
1674123.0 140916.0 6.0
1680727.0 141514.0 6.0
1685322.0 141881.0 6.0
1723252.0 145042.0 6.0
1729201.0 145568.0 6.0
1746417.0 146985.0 6.0
1747015.0 147074.0 6.0
1753409.0 147649.0 6.0
1766882.0 148768.0 6.0
1770317.0 149054.0 6.0
1776796.0 149572.0 6.0
1785421.0 150319.0 6.0
1797765.0 151357.0 6.0
1829104.0 153987.0 6.0
1833659.0 154336.0 6.0
1863944.0 156904.0 6.0
1878740.0 158144.0 6.0
