rev4
2.3455943E8 1.9746249E7 6.0
2.36283336E8 1.9890736E7 6.0
2.39211214E8 2.0137869E7 6.0
2.39969246E8 2.020186E7 6.0
2.4035015E8 2.0233588E7 6.0
2.40576498E8 2.0252687E7 6.0
2.41194624E8 2.030456E7 6.0
2.41894767E8 2.0363722E7 6.0
2.43941034E8 2.0535826E7 6.0
2.43951016E8 2.0536446E7 6.0
2.44298397E8 2.0566059E7 6.0
2.46189695E8 2.07253E7 6.0
2.47104579E8 2.0802071E7 6.0
2.47387121E8 2.0826108E7 6.0
2.48181199E8 2.0892564E7 6.0
2.48533914E8 2.0922347E7 6.0
2.48658127E8 2.0933083E7 6.0
2.48782912E8 2.0943379E7 6.0
2.49498211E8 2.1003852E7 6.0
2.49684307E8 2.1018676E7 6.0
2.49746607E8 2.1024668E7 6.0
2.50046339E8 2.1050478E7 6.0
2.50143102E8 2.1058265E7 6.0
2.50334514E8 2.1074406E7 6.0
2.51141239E8 2.1141463E7 6.0
2.52209217E8 2.1231708E7 6.0
2.52470699E8 2.1253623E7 6.0
2.52587958E8 2.1264022E7 6.0
2.54227803E8 2.1401592E7 6.0
2.54849356E8 2.1454121E7 6.0
2.55709332E8 2.1526254E7 6.0
2.56078899E8 2.1557899E7 6.0
2.56452819E8 2.1589479E7 6.0
2.56761891E8 2.1615231E7 6.0
2.57680939E8 2.169204E7 6.0
2.57688839E8 2.1692613E7 6.0
2.57959204E8 2.1715629E7 6.0
2.58314749E8 2.1745659E7 6.0
2.58575108E8 2.1767901E7 6.0
2.58669624E8 2.1775594E7 6.0
2.59035998E8 2.180624E7 6.0
2.59068813E8 2.1809225E7 6.0
2.60425331E8 2.192327E7 6.0
2.60851193E8 2.1959108E7 6.0
2.61617597E8 2.2023772E7 6.0
2.61721143E8 2.2032471E7 6.0
2.61857394E8 2.2044582E7 6.0
2.62219491E8 2.207447E7 6.0
2.62252105E8 2.2076978E7 6.0
2.62522734E8 2.2099728E7 6.0
2.63878041E8 2.2214336E7 6.0
2.64350037E8 2.2253699E7 6.0
2.6453166E8 2.2269975E7 6.0
2.6455252E8 2.2270744E7 6.0
2.65058462E8 2.2314042E7 6.0
2.65479623E8 2.2349302E7 6.0
2.65489269E8 2.2350127E7 6.0
2.66124101E8 2.2403195E7 6.0
2.67268865E8 2.2499567E7 6.0
2.67536567E8 2.2521916E7 6.0
2.68601948E8 2.2611654E7 6.0
2.687717E8 2.2626351E7 6.0
2.69371554E8 2.2676604E7 6.0
2.69498055E8 2.2687674E7 6.0
2.69557972E8 2.2692632E7 6.0
2.71076298E8 2.2820228E7 6.0
2.71328978E8 2.2841276E7 6.0
2.71432355E8 2.285041E7 6.0
2.71897179E8 2.2888965E7 6.0
2.72885206E8 2.297288E7 6.0
2.73116928E8 2.2991819E7 6.0
2.73731772E8 2.3043802E7 6.0
2.73882317E8 2.3056046E7 6.0
2.73930833E8 2.3060656E7 6.0
2.74748144E8 2.3129292E7 6.0
2.75073197E8 2.315705E7 6.0
2.75316917E8 2.3177249E7 6.0
2.75716123E8 2.3210272E7 6.0
2.75740425E8 2.3212797E7 6.0
2.76243183E8 2.3255049E7 6.0
2.76607449E8 2.3285907E7 6.0
2.77026261E8 2.3320551E7 6.0
2.78002707E8 2.340347E7 6.0
2.78039904E8 2.3406272E7 6.0
2.78181508E8 2.3418253E7 6.0
2.78649531E8 2.3457419E7 6.0
2.78886141E8 2.3477026E7 6.0
2.79143916E8 2.3499747E7 6.0
2.80732371E8 2.3633263E7 6.0
2.81759091E8 2.3719206E7 6.0
2.81930155E8 2.3733552E7 6.0
2.8263947E8 2.3793865E7 6.0
2.82955213E8 2.3820003E7 6.0
2.83326047E8 2.3851529E7 6.0
2.85913795E8 2.4069264E7 6.0
2.88743942E8 2.4307594E7 6.0
2.93500495E8 2.4707527E7 6.0
2.97952894E8 2.5082919E7 6.0
3.0899012E8 2.6012012E7 6.0
3.19920812E8 2.6932131E7 6.0
