rev4
528.0 45.0 6.0
571.0 50.0 6.0
589.0 50.0 6.0
604.0 52.0 6.0
633.0 54.0 6.0
635.0 55.0 6.0
637.0 54.0 6.0
640.0 55.0 6.0
646.0 55.0 6.0
661.0 56.0 6.0
677.0 59.0 6.0
677.0 59.0 6.0
683.0 59.0 6.0
689.0 59.0 6.0
712.0 61.0 6.0
719.0 61.0 6.0
727.0 63.0 6.0
737.0 63.0 6.0
738.0 63.0 6.0
744.0 63.0 6.0
754.0 64.0 6.0
755.0 64.0 6.0
757.0 64.0 6.0
759.0 66.0 6.0
767.0 65.0 6.0
767.0 66.0 6.0
773.0 66.0 6.0
779.0 66.0 6.0
779.0 66.0 6.0
779.0 66.0 6.0
789.0 67.0 6.0
803.0 68.0 6.0
803.0 68.0 6.0
811.0 70.0 6.0
811.0 69.0 6.0
822.0 70.0 6.0
824.0 71.0 6.0
826.0 70.0 6.0
827.0 70.0 6.0
833.0 71.0 6.0
840.0 72.0 6.0
840.0 72.0 6.0
843.0 73.0 6.0
844.0 72.0 6.0
847.0 72.0 6.0
850.0 72.0 6.0
852.0 72.0 6.0
857.0 74.0 6.0
861.0 74.0 6.0
861.0 74.0 6.0
864.0 74.0 6.0
865.0 73.0 6.0
870.0 74.0 6.0
875.0 75.0 6.0
880.0 75.0 6.0
884.0 76.0 6.0
889.0 76.0 6.0
896.0 77.0 6.0
897.0 76.0 6.0
901.0 77.0 6.0
902.0 77.0 6.0
905.0 77.0 6.0
906.0 78.0 6.0
906.0 77.0 6.0
913.0 78.0 6.0
917.0 78.0 6.0
919.0 78.0 6.0
922.0 78.0 6.0
923.0 78.0 6.0
925.0 79.0 6.0
927.0 79.0 6.0
929.0 79.0 6.0
930.0 80.0 6.0
937.0 80.0 6.0
937.0 80.0 6.0
941.0 81.0 6.0
946.0 80.0 6.0
947.0 80.0 6.0
952.0 81.0 6.0
957.0 81.0 6.0
967.0 82.0 6.0
967.0 82.0 6.0
969.0 82.0 6.0
973.0 82.0 6.0
974.0 83.0 6.0
977.0 83.0 6.0
1017.0 86.0 6.0
1021.0 86.0 6.0
1030.0 87.0 6.0
1031.0 88.0 6.0
1059.0 90.0 6.0
1133.0 96.0 6.0
1141.0 97.0 6.0
1144.0 98.0 6.0
1165.0 101.0 6.0
1191.0 101.0 6.0
1220.0 104.0 6.0
1253.0 107.0 6.0
1343.0 113.0 6.0
1361.0 115.0 6.0
