rev4
628321.0 52895.0 6.0
633573.0 53327.0 6.0
650983.0 54817.0 6.0
658382.0 55415.0 6.0
658719.0 55489.0 6.0
662387.0 55778.0 6.0
663136.0 55831.0 6.0
663460.0 55876.0 6.0
663770.0 55870.0 6.0
670154.0 56420.0 6.0
674633.0 56786.0 6.0
676464.0 56974.0 6.0
678079.0 57081.0 6.0
678183.0 57081.0 6.0
678267.0 57105.0 6.0
679677.0 57222.0 6.0
685702.0 57736.0 6.0
686116.0 57757.0 6.0
686127.0 57759.0 6.0
688029.0 57923.0 6.0
688698.0 57970.0 6.0
689261.0 58030.0 6.0
690128.0 58111.0 6.0
692620.0 58296.0 6.0
694226.0 58425.0 6.0
694782.0 58464.0 6.0
695254.0 58534.0 6.0
695915.0 58592.0 6.0
706621.0 59499.0 6.0
707596.0 59562.0 6.0
709531.0 59727.0 6.0
710618.0 59805.0 6.0
711251.0 59882.0 6.0
712619.0 59998.0 6.0
712651.0 59986.0 6.0
713110.0 60008.0 6.0
715234.0 60202.0 6.0
715268.0 60224.0 6.0
716275.0 60284.0 6.0
717605.0 60389.0 6.0
719109.0 60548.0 6.0
719280.0 60542.0 6.0
719888.0 60593.0 6.0
720256.0 60639.0 6.0
721728.0 60758.0 6.0
723063.0 60876.0 6.0
724530.0 60944.0 6.0
725470.0 61066.0 6.0
725945.0 61147.0 6.0
727397.0 61262.0 6.0
729666.0 61412.0 6.0
733067.0 61716.0 6.0
740225.0 62334.0 6.0
743549.0 62573.0 6.0
745242.0 62772.0 6.0
745847.0 62777.0 6.0
747361.0 62904.0 6.0
749626.0 63116.0 6.0
752835.0 63360.0 6.0
754797.0 63563.0 6.0
754913.0 63571.0 6.0
756934.0 63723.0 6.0
756971.0 63700.0 6.0
758016.0 63818.0 6.0
758600.0 63876.0 6.0
758648.0 63881.0 6.0
758925.0 63883.0 6.0
763998.0 64310.0 6.0
764206.0 64354.0 6.0
764279.0 64342.0 6.0
765056.0 64403.0 6.0
770082.0 64836.0 6.0
775575.0 65305.0 6.0
777586.0 65465.0 6.0
782032.0 65825.0 6.0
785768.0 66162.0 6.0
786909.0 66249.0 6.0
789563.0 66479.0 6.0
791280.0 66631.0 6.0
793915.0 66812.0 6.0
796444.0 67059.0 6.0
797195.0 67108.0 6.0
804076.0 67703.0 6.0
814418.0 68520.0 6.0
816624.0 68769.0 6.0
817434.0 68776.0 6.0
822107.0 69227.0 6.0
822917.0 69258.0 6.0
829314.0 69817.0 6.0
839663.0 70689.0 6.0
841042.0 70788.0 6.0
842254.0 70913.0 6.0
845321.0 71182.0 6.0
902249.0 75951.0 6.0
915761.0 77089.0 6.0
915991.0 77129.0 6.0
933977.0 78655.0 6.0
952845.0 80201.0 6.0
954058.0 80323.0 6.0
1047757.0 88202.0 6.0
