rev4
307603.0 25885.0 6.0
310040.0 26105.0 6.0
311532.0 26238.0 6.0
311667.0 26246.0 6.0
312971.0 26347.0 6.0
314013.0 26422.0 6.0
315362.0 26554.0 6.0
316799.0 26667.0 6.0
318579.0 26824.0 6.0
320199.0 26961.0 6.0
321521.0 27060.0 6.0
323266.0 27217.0 6.0
323324.0 27208.0 6.0
323387.0 27227.0 6.0
324106.0 27268.0 6.0
324270.0 27281.0 6.0
324938.0 27331.0 6.0
325377.0 27410.0 6.0
325395.0 27403.0 6.0
327194.0 27560.0 6.0
327904.0 27597.0 6.0
328104.0 27634.0 6.0
328357.0 27635.0 6.0
331946.0 27947.0 6.0
334740.0 28170.0 6.0
336124.0 28298.0 6.0
336195.0 28323.0 6.0
336947.0 28358.0 6.0
337674.0 28433.0 6.0
337988.0 28466.0 6.0
339202.0 28552.0 6.0
340753.0 28676.0 6.0
340959.0 28702.0 6.0
341532.0 28762.0 6.0
342126.0 28805.0 6.0
342213.0 28804.0 6.0
342448.0 28826.0 6.0
342794.0 28840.0 6.0
343722.0 28944.0 6.0
348122.0 29307.0 6.0
348337.0 29322.0 6.0
349340.0 29413.0 6.0
349439.0 29433.0 6.0
350136.0 29474.0 6.0
352053.0 29621.0 6.0
352211.0 29656.0 6.0
352314.0 29646.0 6.0
352944.0 29695.0 6.0
354069.0 29815.0 6.0
354887.0 29875.0 6.0
355281.0 29909.0 6.0
355834.0 29963.0 6.0
358088.0 30141.0 6.0
358977.0 30233.0 6.0
359333.0 30243.0 6.0
360083.0 30321.0 6.0
360245.0 30340.0 6.0
360293.0 30337.0 6.0
360501.0 30354.0 6.0
362599.0 30528.0 6.0
362768.0 30523.0 6.0
362855.0 30541.0 6.0
363152.0 30576.0 6.0
363530.0 30599.0 6.0
363538.0 30606.0 6.0
363999.0 30649.0 6.0
366915.0 30882.0 6.0
367835.0 30978.0 6.0
368029.0 30982.0 6.0
369808.0 31114.0 6.0
370492.0 31172.0 6.0
370727.0 31200.0 6.0
371732.0 31294.0 6.0
371794.0 31296.0 6.0
373727.0 31472.0 6.0
374345.0 31504.0 6.0
374610.0 31541.0 6.0
375500.0 31626.0 6.0
375578.0 31622.0 6.0
376200.0 31673.0 6.0
377879.0 31815.0 6.0
377936.0 31800.0 6.0
380458.0 32027.0 6.0
381895.0 32161.0 6.0
385482.0 32472.0 6.0
386309.0 32528.0 6.0
386319.0 32512.0 6.0
388017.0 32663.0 6.0
390889.0 32905.0 6.0
390994.0 32916.0 6.0
391376.0 32942.0 6.0
392832.0 33068.0 6.0
397060.0 33422.0 6.0
403163.0 33922.0 6.0
409865.0 34487.0 6.0
414392.0 34866.0 6.0
415314.0 34974.0 6.0
416117.0 35045.0 6.0
423260.0 35633.0 6.0
424114.0 35711.0 6.0
