rev4
68109.0 5732.0 6.0
69549.0 5851.0 6.0
69803.0 5874.0 6.0
69877.0 5892.0 6.0
70087.0 5901.0 6.0
70795.0 5968.0 6.0
70886.0 5964.0 6.0
70950.0 5978.0 6.0
71192.0 5987.0 6.0
71219.0 5998.0 6.0
71295.0 5994.0 6.0
71613.0 6025.0 6.0
71745.0 6039.0 6.0
71890.0 6053.0 6.0
72192.0 6076.0 6.0
72206.0 6081.0 6.0
72373.0 6091.0 6.0
72595.0 6112.0 6.0
72977.0 6144.0 6.0
73214.0 6172.0 6.0
73234.0 6167.0 6.0
73445.0 6188.0 6.0
73514.0 6194.0 6.0
73561.0 6197.0 6.0
73600.0 6190.0 6.0
73725.0 6200.0 6.0
73753.0 6214.0 6.0
73800.0 6220.0 6.0
73869.0 6215.0 6.0
74291.0 6254.0 6.0
74482.0 6265.0 6.0
74636.0 6281.0 6.0
74730.0 6295.0 6.0
74942.0 6317.0 6.0
75067.0 6328.0 6.0
75495.0 6356.0 6.0
75675.0 6363.0 6.0
75884.0 6393.0 6.0
76059.0 6409.0 6.0
76971.0 6483.0 6.0
77333.0 6505.0 6.0
77869.0 6561.0 6.0
77997.0 6561.0 6.0
78013.0 6565.0 6.0
78108.0 6576.0 6.0
78235.0 6582.0 6.0
78284.0 6591.0 6.0
79033.0 6660.0 6.0
79084.0 6660.0 6.0
79110.0 6657.0 6.0
79132.0 6658.0 6.0
79454.0 6697.0 6.0
79617.0 6699.0 6.0
80107.0 6736.0 6.0
80848.0 6809.0 6.0
81067.0 6826.0 6.0
81175.0 6834.0 6.0
81430.0 6854.0 6.0
81434.0 6853.0 6.0
81745.0 6881.0 6.0
81757.0 6882.0 6.0
82116.0 6918.0 6.0
82127.0 6921.0 6.0
82200.0 6918.0 6.0
82441.0 6938.0 6.0
82586.0 6956.0 6.0
82936.0 6992.0 6.0
83162.0 7002.0 6.0
83508.0 7036.0 6.0
83543.0 7023.0 6.0
84116.0 7076.0 6.0
84135.0 7092.0 6.0
84369.0 7112.0 6.0
84530.0 7115.0 6.0
84622.0 7118.0 6.0
84661.0 7127.0 6.0
85068.0 7164.0 6.0
85342.0 7190.0 6.0
85619.0 7217.0 6.0
86313.0 7267.0 6.0
87414.0 7365.0 6.0
87738.0 7386.0 6.0
88805.0 7474.0 6.0
89520.0 7546.0 6.0
89759.0 7550.0 6.0
90186.0 7596.0 6.0
90459.0 7619.0 6.0
90679.0 7634.0 6.0
90871.0 7654.0 6.0
91289.0 7683.0 6.0
91376.0 7699.0 6.0
91515.0 7700.0 6.0
92032.0 7760.0 6.0
94429.0 7954.0 6.0
95777.0 8073.0 6.0
96306.0 8111.0 6.0
96410.0 8114.0 6.0
98989.0 8331.0 6.0
101369.0 8533.0 6.0
102682.0 8648.0 6.0
