rev4
275.0 24.0 6.0
276.0 24.0 6.0
276.0 24.0 6.0
283.0 25.0 6.0
283.0 25.0 6.0
300.0 27.0 6.0
301.0 26.0 6.0
307.0 27.0 6.0
307.0 28.0 6.0
310.0 27.0 6.0
311.0 27.0 6.0
313.0 27.0 6.0
323.0 28.0 6.0
324.0 28.0 6.0
325.0 28.0 6.0
325.0 28.0 6.0
330.0 29.0 6.0
335.0 29.0 6.0
336.0 29.0 6.0
337.0 29.0 6.0
337.0 29.0 6.0
337.0 29.0 6.0
337.0 29.0 6.0
337.0 29.0 6.0
341.0 30.0 6.0
342.0 30.0 6.0
343.0 30.0 6.0
347.0 30.0 6.0
348.0 30.0 6.0
349.0 30.0 6.0
349.0 30.0 6.0
349.0 30.0 6.0
355.0 31.0 6.0
355.0 31.0 6.0
359.0 31.0 6.0
359.0 31.0 6.0
360.0 31.0 6.0
360.0 31.0 6.0
361.0 31.0 6.0
366.0 32.0 6.0
371.0 32.0 6.0
373.0 32.0 6.0
377.0 33.0 6.0
379.0 33.0 6.0
384.0 34.0 6.0
384.0 33.0 6.0
384.0 33.0 6.0
384.0 33.0 6.0
385.0 33.0 6.0
385.0 33.0 6.0
385.0 33.0 6.0
395.0 35.0 6.0
395.0 34.0 6.0
396.0 35.0 6.0
396.0 34.0 6.0
397.0 34.0 6.0
397.0 34.0 6.0
402.0 35.0 6.0
402.0 36.0 6.0
402.0 35.0 6.0
402.0 35.0 6.0
408.0 35.0 6.0
409.0 35.0 6.0
413.0 36.0 6.0
417.0 36.0 6.0
420.0 36.0 6.0
420.0 36.0 6.0
421.0 36.0 6.0
423.0 37.0 6.0
432.0 37.0 6.0
432.0 37.0 6.0
433.0 37.0 6.0
441.0 38.0 6.0
442.0 38.0 6.0
444.0 38.0 6.0
445.0 38.0 6.0
451.0 39.0 6.0
456.0 39.0 6.0
467.0 40.0 6.0
468.0 40.0 6.0
469.0 40.0 6.0
477.0 41.0 6.0
480.0 41.0 6.0
484.0 42.0 6.0
485.0 42.0 6.0
504.0 43.0 6.0
505.0 43.0 6.0
528.0 45.0 6.0
539.0 46.0 6.0
540.0 46.0 6.0
547.0 47.0 6.0
548.0 47.0 6.0
570.0 49.0 6.0
577.0 49.0 6.0
587.0 51.0 6.0
598.0 51.0 6.0
619.0 53.0 6.0
646.0 55.0 6.0
659.0 56.0 6.0
686.0 59.0 6.0
