rev4
97.0 9.0 6.0
97.0 9.0 6.0
97.0 9.0 6.0
109.0 10.0 6.0
121.0 11.0 6.0
121.0 11.0 6.0
121.0 11.0 6.0
121.0 11.0 6.0
133.0 12.0 6.0
137.0 13.0 6.0
144.0 13.0 6.0
145.0 13.0 6.0
145.0 13.0 6.0
145.0 13.0 6.0
145.0 13.0 6.0
145.0 13.0 6.0
145.0 13.0 6.0
151.0 14.0 6.0
156.0 14.0 6.0
157.0 14.0 6.0
157.0 14.0 6.0
157.0 14.0 6.0
157.0 14.0 6.0
157.0 14.0 6.0
163.0 15.0 6.0
163.0 15.0 6.0
167.0 15.0 6.0
168.0 15.0 6.0
168.0 15.0 6.0
168.0 15.0 6.0
168.0 15.0 6.0
168.0 15.0 6.0
168.0 15.0 6.0
168.0 15.0 6.0
169.0 15.0 6.0
169.0 15.0 6.0
169.0 15.0 6.0
169.0 15.0 6.0
169.0 15.0 6.0
169.0 15.0 6.0
169.0 15.0 6.0
169.0 15.0 6.0
169.0 15.0 6.0
169.0 15.0 6.0
175.0 16.0 6.0
180.0 16.0 6.0
180.0 16.0 6.0
180.0 16.0 6.0
181.0 16.0 6.0
181.0 16.0 6.0
181.0 16.0 6.0
181.0 16.0 6.0
181.0 16.0 6.0
181.0 16.0 6.0
181.0 16.0 6.0
181.0 16.0 6.0
181.0 16.0 6.0
186.0 17.0 6.0
187.0 17.0 6.0
192.0 17.0 6.0
192.0 17.0 6.0
192.0 17.0 6.0
192.0 17.0 6.0
193.0 17.0 6.0
193.0 17.0 6.0
193.0 17.0 6.0
193.0 17.0 6.0
193.0 17.0 6.0
193.0 17.0 6.0
193.0 17.0 6.0
198.0 18.0 6.0
199.0 18.0 6.0
204.0 18.0 6.0
205.0 18.0 6.0
205.0 18.0 6.0
205.0 18.0 6.0
205.0 18.0 6.0
205.0 18.0 6.0
205.0 18.0 6.0
205.0 18.0 6.0
211.0 19.0 6.0
215.0 19.0 6.0
217.0 19.0 6.0
217.0 19.0 6.0
217.0 19.0 6.0
223.0 20.0 6.0
229.0 20.0 6.0
229.0 20.0 6.0
229.0 20.0 6.0
229.0 20.0 6.0
234.0 21.0 6.0
252.0 22.0 6.0
264.0 23.0 6.0
271.0 24.0 6.0
271.0 24.0 6.0
289.0 25.0 6.0
301.0 26.0 6.0
313.0 27.0 6.0
323.0 28.0 6.0
325.0 28.0 6.0
