rev4
7937.0 669.0 6.0
8186.0 689.0 6.0
8288.0 697.0 6.0
8326.0 702.0 6.0
8478.0 717.0 6.0
8607.0 727.0 6.0
8715.0 733.0 6.0
8810.0 745.0 6.0
8826.0 745.0 6.0
8841.0 745.0 6.0
8863.0 745.0 6.0
8958.0 754.0 6.0
9011.0 759.0 6.0
9013.0 763.0 6.0
9034.0 760.0 6.0
9110.0 765.0 6.0
9122.0 768.0 6.0
9141.0 770.0 6.0
9155.0 769.0 6.0
9159.0 773.0 6.0
9171.0 776.0 6.0
9229.0 773.0 6.0
9340.0 785.0 6.0
9348.0 787.0 6.0
9394.0 793.0 6.0
9419.0 794.0 6.0
9430.0 794.0 6.0
9430.0 794.0 6.0
9430.0 797.0 6.0
9446.0 794.0 6.0
9459.0 797.0 6.0
9542.0 804.0 6.0
9542.0 804.0 6.0
9635.0 811.0 6.0
9656.0 814.0 6.0
9750.0 819.0 6.0
9753.0 820.0 6.0
9817.0 828.0 6.0
9829.0 827.0 6.0
9872.0 833.0 6.0
9881.0 832.0 6.0
9885.0 834.0 6.0
9920.0 836.0 6.0
9946.0 838.0 6.0
9948.0 835.0 6.0
9968.0 841.0 6.0
10047.0 848.0 6.0
10052.0 846.0 6.0
10158.0 853.0 6.0
10168.0 857.0 6.0
10195.0 856.0 6.0
10224.0 860.0 6.0
10257.0 866.0 6.0
10261.0 864.0 6.0
10325.0 870.0 6.0
10332.0 870.0 6.0
10421.0 879.0 6.0
10425.0 879.0 6.0
10428.0 880.0 6.0
10533.0 887.0 6.0
10537.0 886.0 6.0
10551.0 888.0 6.0
10561.0 890.0 6.0
10581.0 891.0 6.0
10590.0 897.0 6.0
10762.0 905.0 6.0
10786.0 907.0 6.0
10902.0 922.0 6.0
10911.0 922.0 6.0
10939.0 921.0 6.0
11024.0 930.0 6.0
11028.0 928.0 6.0
11139.0 939.0 6.0
11150.0 938.0 6.0
11153.0 938.0 6.0
11154.0 940.0 6.0
11199.0 947.0 6.0
11287.0 951.0 6.0
11328.0 955.0 6.0
11330.0 952.0 6.0
11373.0 959.0 6.0
11385.0 957.0 6.0
11419.0 963.0 6.0
11516.0 969.0 6.0
11518.0 969.0 6.0
11579.0 971.0 6.0
11620.0 979.0 6.0
11629.0 981.0 6.0
11644.0 979.0 6.0
11862.0 997.0 6.0
12007.0 1013.0 6.0
12123.0 1019.0 6.0
12264.0 1033.0 6.0
12280.0 1034.0 6.0
12437.0 1051.0 6.0
12596.0 1060.0 6.0
14690.0 1234.0 6.0
14974.0 1261.0 6.0
15397.0 1296.0 6.0
15904.0 1337.0 6.0
