rev4
326633.0 27491.0 6.0
329079.0 27716.0 6.0
337013.0 28376.0 6.0
337567.0 28427.0 6.0
337729.0 28437.0 6.0
343656.0 28915.0 6.0
343876.0 28940.0 6.0
346253.0 29144.0 6.0
346518.0 29168.0 6.0
350805.0 29540.0 6.0
352898.0 29717.0 6.0
353335.0 29752.0 6.0
353516.0 29768.0 6.0
353925.0 29798.0 6.0
354077.0 29821.0 6.0
355109.0 29886.0 6.0
356962.0 30059.0 6.0
357038.0 30039.0 6.0
358295.0 30167.0 6.0
358435.0 30182.0 6.0
358832.0 30217.0 6.0
359023.0 30229.0 6.0
359510.0 30257.0 6.0
359578.0 30262.0 6.0
362088.0 30473.0 6.0
362609.0 30547.0 6.0
364249.0 30656.0 6.0
365301.0 30756.0 6.0
369588.0 31103.0 6.0
370023.0 31154.0 6.0
370288.0 31188.0 6.0
370698.0 31198.0 6.0
372744.0 31387.0 6.0
372849.0 31383.0 6.0
373571.0 31449.0 6.0
373742.0 31470.0 6.0
375054.0 31578.0 6.0
376040.0 31670.0 6.0
378086.0 31826.0 6.0
378382.0 31850.0 6.0
378479.0 31851.0 6.0
379149.0 31924.0 6.0
381782.0 32132.0 6.0
382921.0 32228.0 6.0
382926.0 32249.0 6.0
383064.0 32232.0 6.0
383144.0 32252.0 6.0
384920.0 32396.0 6.0
386119.0 32514.0 6.0
386510.0 32538.0 6.0
388267.0 32675.0 6.0
389155.0 32769.0 6.0
390736.0 32882.0 6.0
391048.0 32934.0 6.0
391708.0 32967.0 6.0
394192.0 33159.0 6.0
394233.0 33195.0 6.0
394697.0 33216.0 6.0
394703.0 33223.0 6.0
397863.0 33483.0 6.0
397920.0 33519.0 6.0
398000.0 33504.0 6.0
399641.0 33643.0 6.0
400923.0 33762.0 6.0
401481.0 33805.0 6.0
402059.0 33851.0 6.0
402200.0 33847.0 6.0
403342.0 33939.0 6.0
405622.0 34132.0 6.0
406156.0 34205.0 6.0
406197.0 34203.0 6.0
406494.0 34228.0 6.0
408211.0 34375.0 6.0
408275.0 34373.0 6.0
413385.0 34780.0 6.0
414065.0 34870.0 6.0
414711.0 34900.0 6.0
415498.0 34978.0 6.0
417659.0 35162.0 6.0
423100.0 35623.0 6.0
423970.0 35714.0 6.0
426824.0 35949.0 6.0
428509.0 36089.0 6.0
428864.0 36081.0 6.0
429519.0 36153.0 6.0
430777.0 36259.0 6.0
431318.0 36312.0 6.0
433963.0 36531.0 6.0
433990.0 36529.0 6.0
439519.0 37035.0 6.0
439635.0 37024.0 6.0
439897.0 37044.0 6.0
440277.0 37056.0 6.0
441331.0 37143.0 6.0
448907.0 37778.0 6.0
449272.0 37836.0 6.0
460696.0 38788.0 6.0
473438.0 39861.0 6.0
515649.0 43395.0 6.0
519649.0 43736.0 6.0
