rev4
74041.0 6232.0 6.0
76770.0 6464.0 6.0
78059.0 6566.0 6.0
78906.0 6648.0 6.0
78944.0 6650.0 6.0
79281.0 6671.0 6.0
80135.0 6745.0 6.0
80305.0 6757.0 6.0
80651.0 6789.0 6.0
81103.0 6833.0 6.0
81181.0 6839.0 6.0
81327.0 6847.0 6.0
81569.0 6858.0 6.0
81699.0 6883.0 6.0
81738.0 6891.0 6.0
81911.0 6891.0 6.0
82341.0 6941.0 6.0
82489.0 6940.0 6.0
82635.0 6945.0 6.0
82945.0 6979.0 6.0
83003.0 6987.0 6.0
83545.0 7039.0 6.0
83555.0 7037.0 6.0
83624.0 7035.0 6.0
83917.0 7063.0 6.0
84108.0 7072.0 6.0
84215.0 7093.0 6.0
84464.0 7108.0 6.0
84722.0 7136.0 6.0
85075.0 7156.0 6.0
85222.0 7167.0 6.0
85288.0 7173.0 6.0
85861.0 7230.0 6.0
86284.0 7264.0 6.0
86316.0 7267.0 6.0
86515.0 7276.0 6.0
86798.0 7318.0 6.0
86929.0 7310.0 6.0
87228.0 7349.0 6.0
87234.0 7352.0 6.0
87255.0 7343.0 6.0
87918.0 7402.0 6.0
88465.0 7451.0 6.0
88656.0 7455.0 6.0
88725.0 7470.0 6.0
88860.0 7480.0 6.0
88968.0 7496.0 6.0
88981.0 7485.0 6.0
89010.0 7490.0 6.0
89053.0 7498.0 6.0
89189.0 7519.0 6.0
89740.0 7553.0 6.0
90077.0 7581.0 6.0
90178.0 7586.0 6.0
90281.0 7604.0 6.0
90665.0 7628.0 6.0
90841.0 7640.0 6.0
91261.0 7689.0 6.0
91587.0 7708.0 6.0
92159.0 7763.0 6.0
92195.0 7764.0 6.0
92516.0 7790.0 6.0
92579.0 7795.0 6.0
92825.0 7815.0 6.0
92914.0 7818.0 6.0
93009.0 7832.0 6.0
93094.0 7832.0 6.0
93139.0 7840.0 6.0
93224.0 7850.0 6.0
93472.0 7866.0 6.0
93515.0 7870.0 6.0
93637.0 7882.0 6.0
94226.0 7933.0 6.0
95151.0 8013.0 6.0
95212.0 8009.0 6.0
95749.0 8061.0 6.0
96342.0 8106.0 6.0
96501.0 8123.0 6.0
96772.0 8147.0 6.0
96809.0 8148.0 6.0
97401.0 8200.0 6.0
97776.0 8233.0 6.0
98051.0 8248.0 6.0
99270.0 8363.0 6.0
99483.0 8372.0 6.0
100236.0 8434.0 6.0
100524.0 8472.0 6.0
101230.0 8527.0 6.0
101377.0 8520.0 6.0
102337.0 8629.0 6.0
106313.0 8946.0 6.0
107979.0 9073.0 6.0
108234.0 9116.0 6.0
112527.0 9478.0 6.0
114420.0 9633.0 6.0
117517.0 9882.0 6.0
117957.0 9939.0 6.0
118451.0 9963.0 6.0
121011.0 10179.0 6.0
154515.0 13016.0 6.0
