rev4
3059853.0 257590.0 6.0
3069108.0 258402.0 6.0
3123227.0 262913.0 6.0
3125185.0 263068.0 6.0
3133037.0 263720.0 6.0
3167603.0 266687.0 6.0
3173300.0 267199.0 6.0
3179402.0 267691.0 6.0
3181675.0 267902.0 6.0
3199808.0 269398.0 6.0
3202608.0 269571.0 6.0
3216087.0 270727.0 6.0
3220895.0 271143.0 6.0
3229012.0 271797.0 6.0
3234050.0 272227.0 6.0
3239486.0 272762.0 6.0
3239796.0 272807.0 6.0
3242346.0 272917.0 6.0
3251058.0 273695.0 6.0
3255873.0 274084.0 6.0
3259269.0 274440.0 6.0
3262241.0 274592.0 6.0
3262855.0 274729.0 6.0
3273047.0 275520.0 6.0
3273292.0 275577.0 6.0
3276814.0 275895.0 6.0
3284428.0 276490.0 6.0
3286957.0 276750.0 6.0
3289493.0 276932.0 6.0
3291749.0 277100.0 6.0
3299493.0 277760.0 6.0
3303846.0 278146.0 6.0
3306951.0 278417.0 6.0
3312450.0 278832.0 6.0
3317860.0 279301.0 6.0
3319337.0 279411.0 6.0
3325708.0 279989.0 6.0
3327685.0 280104.0 6.0
3337073.0 280986.0 6.0
3346865.0 281705.0 6.0
3349526.0 282000.0 6.0
3356350.0 282507.0 6.0
3357107.0 282606.0 6.0
3362774.0 283057.0 6.0
3364305.0 283257.0 6.0
3374829.0 284120.0 6.0
3378158.0 284372.0 6.0
3378491.0 284434.0 6.0
3387097.0 285169.0 6.0
3396975.0 285970.0 6.0
3412455.0 287317.0 6.0
3414625.0 287452.0 6.0
3417433.0 287690.0 6.0
3419611.0 287870.0 6.0
3421170.0 287989.0 6.0
3421907.0 288039.0 6.0
3432810.0 289023.0 6.0
3435290.0 289153.0 6.0
3437755.0 289404.0 6.0
3438600.0 289477.0 6.0
3439704.0 289541.0 6.0
3442505.0 289877.0 6.0
3454545.0 290800.0 6.0
3456875.0 291026.0 6.0
3469031.0 291969.0 6.0
3476932.0 292739.0 6.0
3483128.0 293222.0 6.0
3492254.0 293983.0 6.0
3530495.0 297244.0 6.0
3540113.0 298043.0 6.0
3554931.0 299295.0 6.0
3562765.0 299876.0 6.0
3570658.0 300517.0 6.0
3573844.0 300855.0 6.0
3580488.0 301404.0 6.0
3582026.0 301593.0 6.0
3610605.0 304001.0 6.0
3617258.0 304554.0 6.0
3619742.0 304672.0 6.0
3620351.0 304767.0 6.0
3624884.0 305147.0 6.0
3640257.0 306497.0 6.0
3653322.0 307593.0 6.0
3670357.0 308953.0 6.0
3670864.0 309014.0 6.0
3692627.0 310809.0 6.0
3740878.0 314938.0 6.0
3742348.0 315020.0 6.0
3765118.0 317011.0 6.0
3796547.0 319618.0 6.0
3818392.0 321390.0 6.0
3826220.0 322103.0 6.0
3842636.0 323457.0 6.0
3900246.0 328324.0 6.0
3916415.0 329663.0 6.0
3998202.0 336593.0 6.0
4008878.0 337466.0 6.0
4022757.0 338640.0 6.0
4297164.0 361733.0 6.0
4936241.0 415533.0 6.0
