rev4
40143.0 12924.0 2.0
40302.0 13036.0 2.0
40701.0 13233.0 2.0
42069.0 13557.0 2.0
42351.0 13828.0 2.0
43075.0 13986.0 2.0
43391.0 14061.0 2.0
44000.0 14248.0 2.0
45043.0 14596.0 2.0
46082.0 14909.0 2.0
46107.0 14927.0 2.0
46550.0 14974.0 2.0
46614.0 15102.0 2.0
46733.0 15137.0 2.0
47641.0 15371.0 2.0
48195.0 15627.0 2.0
48469.0 15695.0 2.0
48483.0 15673.0 2.0
48806.0 15849.0 2.0
49082.0 15876.0 2.0
49272.0 15985.0 2.0
49453.0 16002.0 2.0
49495.0 16030.0 2.0
49577.0 16052.0 2.0
49791.0 16094.0 2.0
50590.0 16378.0 2.0
50855.0 16497.0 2.0
50933.0 16501.0 2.0
51026.0 16493.0 2.0
51246.0 16614.0 2.0
51289.0 16634.0 2.0
52072.0 16846.0 2.0
52222.0 16887.0 2.0
52334.0 16951.0 2.0
52536.0 16969.0 2.0
52572.0 17061.0 2.0
52800.0 17066.0 2.0
53530.0 17299.0 2.0
54095.0 17539.0 2.0
54571.0 17706.0 2.0
54752.0 17625.0 2.0
54821.0 17723.0 2.0
55101.0 17844.0 2.0
55332.0 17934.0 2.0
55490.0 17934.0 2.0
55522.0 17956.0 2.0
55588.0 17985.0 2.0
55681.0 18000.0 2.0
55933.0 18166.0 2.0
55993.0 18192.0 2.0
56046.0 18098.0 2.0
56058.0 18180.0 2.0
56072.0 18094.0 2.0
56094.0 18141.0 2.0
56172.0 18156.0 2.0
56305.0 18314.0 2.0
56669.0 18384.0 2.0
56848.0 18341.0 2.0
56885.0 18398.0 2.0
57413.0 18585.0 2.0
57451.0 18574.0 2.0
57529.0 18654.0 2.0
57742.0 18683.0 2.0
57906.0 18729.0 2.0
58342.0 18950.0 2.0
58669.0 18981.0 2.0
58971.0 19111.0 2.0
59139.0 19129.0 2.0
59413.0 19240.0 2.0
59420.0 19293.0 2.0
59436.0 19239.0 2.0
59679.0 19353.0 2.0
60062.0 19368.0 2.0
60207.0 19444.0 2.0
60591.0 19611.0 2.0
60615.0 19621.0 2.0
61126.0 19829.0 2.0
61290.0 19825.0 2.0
61350.0 19911.0 2.0
61492.0 19845.0 2.0
61687.0 20011.0 2.0
62108.0 20062.0 2.0
62158.0 20137.0 2.0
62711.0 20314.0 2.0
62844.0 20285.0 2.0
63022.0 20349.0 2.0
63310.0 20446.0 2.0
63386.0 20606.0 2.0
63508.0 20547.0 2.0
63534.0 20671.0 2.0
63613.0 20550.0 2.0
64737.0 20964.0 2.0
64858.0 20980.0 2.0
66429.0 21491.0 2.0
66547.0 21496.0 2.0
67918.0 21960.0 2.0
68041.0 22072.0 2.0
69974.0 22631.0 2.0
76590.0 24827.0 2.0
79698.0 25826.0 2.0
