rev4
20.0 8.0 2.0
23.0 8.0 2.0
25.0 9.0 2.0
27.0 9.0 2.0
30.0 9.0 2.0
30.0 10.0 2.0
32.0 11.0 2.0
35.0 11.0 2.0
36.0 13.0 2.0
38.0 13.0 2.0
39.0 15.0 2.0
40.0 14.0 2.0
41.0 14.0 2.0
41.0 11.0 2.0
42.0 16.0 2.0
42.0 14.0 2.0
42.0 13.0 2.0
43.0 14.0 2.0
44.0 13.0 2.0
45.0 15.0 2.0
45.0 14.0 2.0
45.0 15.0 2.0
48.0 16.0 2.0
49.0 17.0 2.0
49.0 16.0 2.0
50.0 16.0 2.0
50.0 15.0 2.0
51.0 19.0 2.0
51.0 17.0 2.0
51.0 18.0 2.0
52.0 19.0 2.0
52.0 15.0 2.0
55.0 17.0 2.0
56.0 20.0 2.0
56.0 19.0 2.0
56.0 20.0 2.0
57.0 20.0 2.0
57.0 19.0 2.0
59.0 18.0 2.0
59.0 18.0 2.0
60.0 21.0 2.0
60.0 24.0 2.0
61.0 20.0 2.0
62.0 22.0 2.0
62.0 21.0 2.0
62.0 20.0 2.0
62.0 18.0 2.0
64.0 24.0 2.0
65.0 21.0 2.0
65.0 21.0 2.0
65.0 21.0 2.0
65.0 20.0 2.0
66.0 21.0 2.0
68.0 24.0 2.0
70.0 22.0 2.0
70.0 21.0 2.0
70.0 23.0 2.0
71.0 25.0 2.0
71.0 21.0 2.0
73.0 24.0 2.0
73.0 26.0 2.0
76.0 24.0 2.0
76.0 26.0 2.0
77.0 25.0 2.0
79.0 27.0 2.0
81.0 27.0 2.0
81.0 27.0 2.0
83.0 30.0 2.0
84.0 28.0 2.0
84.0 25.0 2.0
85.0 27.0 2.0
87.0 28.0 2.0
87.0 25.0 2.0
88.0 27.0 2.0
88.0 27.0 2.0
89.0 30.0 2.0
91.0 27.0 2.0
92.0 30.0 2.0
94.0 29.0 2.0
95.0 29.0 2.0
95.0 28.0 2.0
95.0 31.0 2.0
96.0 32.0 2.0
97.0 33.0 2.0
97.0 31.0 2.0
99.0 34.0 2.0
100.0 33.0 2.0
101.0 34.0 2.0
104.0 33.0 2.0
105.0 35.0 2.0
106.0 35.0 2.0
113.0 39.0 2.0
113.0 36.0 2.0
122.0 41.0 2.0
123.0 41.0 2.0
127.0 43.0 2.0
142.0 45.0 2.0
144.0 47.0 2.0
151.0 46.0 2.0
179.0 62.0 2.0
