rev4
80.0 27.0 2.0
84.0 32.0 2.0
86.0 28.0 2.0
88.0 29.0 2.0
95.0 32.0 2.0
98.0 35.0 2.0
99.0 31.0 2.0
100.0 30.0 2.0
104.0 35.0 2.0
105.0 34.0 2.0
107.0 38.0 2.0
109.0 36.0 2.0
114.0 36.0 2.0
114.0 36.0 2.0
119.0 38.0 2.0
119.0 39.0 2.0
120.0 38.0 2.0
120.0 40.0 2.0
122.0 37.0 2.0
123.0 43.0 2.0
124.0 43.0 2.0
125.0 39.0 2.0
125.0 40.0 2.0
132.0 41.0 2.0
134.0 45.0 2.0
135.0 46.0 2.0
135.0 44.0 2.0
137.0 42.0 2.0
137.0 46.0 2.0
139.0 46.0 2.0
140.0 44.0 2.0
140.0 46.0 2.0
141.0 44.0 2.0
143.0 47.0 2.0
143.0 48.0 2.0
147.0 49.0 2.0
150.0 50.0 2.0
152.0 51.0 2.0
155.0 50.0 2.0
155.0 52.0 2.0
155.0 51.0 2.0
156.0 51.0 2.0
157.0 52.0 2.0
159.0 53.0 2.0
161.0 51.0 2.0
162.0 55.0 2.0
163.0 54.0 2.0
165.0 54.0 2.0
165.0 55.0 2.0
166.0 55.0 2.0
167.0 52.0 2.0
170.0 56.0 2.0
173.0 56.0 2.0
174.0 58.0 2.0
174.0 57.0 2.0
176.0 55.0 2.0
176.0 56.0 2.0
176.0 58.0 2.0
179.0 61.0 2.0
180.0 56.0 2.0
182.0 60.0 2.0
182.0 59.0 2.0
184.0 61.0 2.0
188.0 63.0 2.0
191.0 66.0 2.0
195.0 67.0 2.0
203.0 68.0 2.0
204.0 64.0 2.0
205.0 70.0 2.0
210.0 70.0 2.0
213.0 66.0 2.0
214.0 73.0 2.0
214.0 67.0 2.0
215.0 68.0 2.0
232.0 74.0 2.0
233.0 73.0 2.0
234.0 74.0 2.0
235.0 76.0 2.0
235.0 73.0 2.0
237.0 76.0 2.0
238.0 73.0 2.0
242.0 75.0 2.0
245.0 85.0 2.0
245.0 83.0 2.0
251.0 81.0 2.0
251.0 83.0 2.0
258.0 79.0 2.0
264.0 84.0 2.0
271.0 89.0 2.0
271.0 91.0 2.0
275.0 91.0 2.0
283.0 91.0 2.0
285.0 93.0 2.0
290.0 94.0 2.0
298.0 97.0 2.0
309.0 106.0 2.0
311.0 101.0 2.0
319.0 106.0 2.0
334.0 107.0 2.0
340.0 112.0 2.0
