rev4
3409.0 1104.0 2.0
3509.0 1143.0 2.0
3628.0 1170.0 2.0
3633.0 1186.0 2.0
3646.0 1189.0 2.0
3682.0 1199.0 2.0
3719.0 1202.0 2.0
3902.0 1264.0 2.0
3925.0 1264.0 2.0
3949.0 1273.0 2.0
4033.0 1331.0 2.0
4077.0 1313.0 2.0
4148.0 1338.0 2.0
4155.0 1310.0 2.0
4160.0 1346.0 2.0
4183.0 1339.0 2.0
4183.0 1361.0 2.0
4187.0 1345.0 2.0
4194.0 1350.0 2.0
4201.0 1372.0 2.0
4222.0 1370.0 2.0
4262.0 1368.0 2.0
4292.0 1377.0 2.0
4298.0 1409.0 2.0
4312.0 1391.0 2.0
4351.0 1400.0 2.0
4363.0 1411.0 2.0
4379.0 1394.0 2.0
4386.0 1418.0 2.0
4399.0 1441.0 2.0
4405.0 1436.0 2.0
4432.0 1436.0 2.0
4447.0 1448.0 2.0
4489.0 1460.0 2.0
4502.0 1453.0 2.0
4524.0 1479.0 2.0
4542.0 1454.0 2.0
4542.0 1469.0 2.0
4544.0 1472.0 2.0
4593.0 1492.0 2.0
4596.0 1498.0 2.0
4645.0 1510.0 2.0
4667.0 1527.0 2.0
4683.0 1510.0 2.0
4706.0 1507.0 2.0
4717.0 1523.0 2.0
4721.0 1533.0 2.0
4724.0 1529.0 2.0
4835.0 1572.0 2.0
4904.0 1595.0 2.0
4953.0 1603.0 2.0
4955.0 1622.0 2.0
5009.0 1629.0 2.0
5066.0 1634.0 2.0
5101.0 1643.0 2.0
5101.0 1642.0 2.0
5118.0 1681.0 2.0
5153.0 1686.0 2.0
5167.0 1671.0 2.0
5183.0 1690.0 2.0
5216.0 1674.0 2.0
5225.0 1685.0 2.0
5251.0 1710.0 2.0
5279.0 1711.0 2.0
5289.0 1699.0 2.0
5296.0 1715.0 2.0
5306.0 1727.0 2.0
5394.0 1753.0 2.0
5404.0 1752.0 2.0
5480.0 1755.0 2.0
5499.0 1769.0 2.0
5534.0 1779.0 2.0
5540.0 1797.0 2.0
5603.0 1825.0 2.0
5626.0 1833.0 2.0
5632.0 1829.0 2.0
5700.0 1831.0 2.0
5808.0 1901.0 2.0
5815.0 1894.0 2.0
5853.0 1899.0 2.0
5992.0 1940.0 2.0
6006.0 1933.0 2.0
6020.0 1928.0 2.0
6022.0 1973.0 2.0
6102.0 1986.0 2.0
6257.0 2047.0 2.0
6276.0 2044.0 2.0
6295.0 2027.0 2.0
6326.0 2054.0 2.0
6399.0 2067.0 2.0
6402.0 2071.0 2.0
6507.0 2123.0 2.0
6579.0 2135.0 2.0
7194.0 2327.0 2.0
7653.0 2482.0 2.0
7656.0 2468.0 2.0
7685.0 2480.0 2.0
7825.0 2536.0 2.0
8151.0 2623.0 2.0
8640.0 2822.0 2.0
