rev4
2008135.0 650223.0 2.0
2041778.0 661110.0 2.0
2123960.0 687666.0 2.0
2125818.0 688442.0 2.0
2140809.0 693094.0 2.0
2148664.0 696080.0 2.0
2159393.0 699392.0 2.0
2171581.0 703299.0 2.0
2178026.0 705106.0 2.0
2204972.0 713654.0 2.0
2209691.0 715600.0 2.0
2213663.0 716660.0 2.0
2223725.0 720242.0 2.0
2230780.0 722529.0 2.0
2238862.0 724976.0 2.0
2250823.0 728595.0 2.0
2259192.0 731873.0 2.0
2284785.0 739779.0 2.0
2289702.0 741267.0 2.0
2290047.0 741454.0 2.0
2298022.0 743617.0 2.0
2303902.0 745971.0 2.0
2304807.0 746274.0 2.0
2304920.0 745978.0 2.0
2309339.0 747818.0 2.0
2311375.0 748304.0 2.0
2311738.0 749104.0 2.0
2317580.0 750096.0 2.0
2325048.0 752718.0 2.0
2330248.0 754706.0 2.0
2342546.0 758295.0 2.0
2357877.0 763900.0 2.0
2359050.0 764084.0 2.0
2369604.0 767424.0 2.0
2369663.0 767326.0 2.0
2382152.0 771288.0 2.0
2396976.0 775819.0 2.0
2403828.0 778356.0 2.0
2409644.0 780166.0 2.0
2409773.0 780365.0 2.0
2419568.0 783632.0 2.0
2425880.0 785155.0 2.0
2440152.0 790341.0 2.0
2442588.0 790341.0 2.0
2447854.0 792544.0 2.0
2449318.0 793210.0 2.0
2452874.0 793876.0 2.0
2453178.0 794273.0 2.0
2455623.0 795023.0 2.0
2457289.0 795466.0 2.0
2458226.0 796536.0 2.0
2475258.0 801201.0 2.0
2487395.0 805268.0 2.0
2519486.0 815722.0 2.0
2519570.0 816149.0 2.0
2539776.0 822599.0 2.0
2541416.0 822608.0 2.0
2542476.0 823634.0 2.0
2544033.0 823739.0 2.0
2564478.0 830355.0 2.0
2565527.0 830890.0 2.0
2571594.0 833039.0 2.0
2579762.0 835370.0 2.0
2583509.0 836946.0 2.0
2589551.0 838569.0 2.0
2595189.0 840763.0 2.0
2602997.0 842819.0 2.0
2608128.0 844503.0 2.0
2608200.0 844628.0 2.0
2615659.0 847166.0 2.0
2620551.0 849095.0 2.0
2641522.0 855103.0 2.0
2642333.0 855685.0 2.0
2649954.0 858101.0 2.0
2653660.0 858720.0 2.0
2662222.0 862178.0 2.0
2663283.0 862120.0 2.0
2673079.0 865858.0 2.0
2680280.0 868069.0 2.0
2698432.0 873591.0 2.0
2698955.0 873950.0 2.0
2715374.0 879269.0 2.0
2715416.0 879132.0 2.0
2722887.0 881760.0 2.0
2729099.0 884037.0 2.0
2731081.0 884321.0 2.0
2755033.0 891682.0 2.0
2771874.0 897442.0 2.0
2791052.0 903860.0 2.0
2862543.0 926983.0 2.0
2874450.0 931365.0 2.0
2925463.0 947588.0 2.0
2947139.0 954183.0 2.0
2963732.0 959281.0 2.0
2971497.0 962332.0 2.0
3022288.0 978827.0 2.0
3024264.0 979422.0 2.0
3260644.0 1055519.0 2.0
3285855.0 1063807.0 2.0
3480874.0 1127224.0 2.0
