rev4
1.92103078E8 6.2200091E7 2.0
1.93579757E8 6.267485E7 2.0
1.95912659E8 6.3428916E7 2.0
1.99743318E8 6.4677562E7 2.0
2.02405645E8 6.5536136E7 2.0
2.02763219E8 6.5647099E7 2.0
2.03860412E8 6.6006812E7 2.0
2.03863653E8 6.6007847E7 2.0
2.04223895E8 6.6124248E7 2.0
2.04388169E8 6.6173547E7 2.0
2.05786454E8 6.663068E7 2.0
2.06700825E8 6.6926908E7 2.0
2.06873991E8 6.6980182E7 2.0
2.07594563E8 6.7215533E7 2.0
2.08046772E8 6.7365442E7 2.0
2.10707127E8 6.8225118E7 2.0
2.1109291E8 6.834759E7 2.0
2.11360814E8 6.8437043E7 2.0
2.11489528E8 6.8474884E7 2.0
2.11594708E8 6.8511542E7 2.0
2.12520504E8 6.8808947E7 2.0
2.13176598E8 6.9021919E7 2.0
2.13209166E8 6.9032661E7 2.0
2.13845827E8 6.9241798E7 2.0
2.151552E8 6.9661253E7 2.0
2.1518951E8 6.967494E7 2.0
2.16369337E8 7.0057859E7 2.0
2.17208719E8 7.0328468E7 2.0
2.17321188E8 7.0364826E7 2.0
2.17452919E8 7.0409467E7 2.0
2.17507562E8 7.0419595E7 2.0
2.1779779E8 7.0519158E7 2.0
2.18003529E8 7.0586016E7 2.0
2.18659102E8 7.0796485E7 2.0
2.19512474E8 7.1074549E7 2.0
2.19517219E8 7.1072429E7 2.0
2.20216535E8 7.1303023E7 2.0
2.20371428E8 7.1351978E7 2.0
2.21001338E8 7.1557209E7 2.0
2.21234002E8 7.1631781E7 2.0
2.21281761E8 7.1646381E7 2.0
2.22396084E8 7.2004476E7 2.0
2.23059373E8 7.2223484E7 2.0
2.2318047E8 7.2260508E7 2.0
2.23221628E8 7.2270382E7 2.0
2.2323662E8 7.227783E7 2.0
2.23256356E8 7.2287902E7 2.0
2.23858654E8 7.2480288E7 2.0
2.24284632E8 7.2622239E7 2.0
2.24405441E8 7.2660766E7 2.0
2.2442716E8 7.2665428E7 2.0
2.24491625E8 7.2682735E7 2.0
2.24611746E8 7.272547E7 2.0
2.25118591E8 7.288982E7 2.0
2.25571136E8 7.3037526E7 2.0
2.2641356E8 7.3310011E7 2.0
2.26512085E8 7.3336025E7 2.0
2.26591142E8 7.3370632E7 2.0
2.26900652E8 7.3466241E7 2.0
2.27854917E8 7.3779853E7 2.0
2.28002335E8 7.3823078E7 2.0
2.28783606E8 7.4078139E7 2.0
2.29095221E8 7.4174885E7 2.0
2.29376471E8 7.4268713E7 2.0
2.29732326E8 7.4384874E7 2.0
2.30198304E8 7.4531188E7 2.0
2.30273749E8 7.4557676E7 2.0
2.30591294E8 7.4667568E7 2.0
2.30919051E8 7.4767491E7 2.0
2.31030645E8 7.4798656E7 2.0
2.31467355E8 7.4940355E7 2.0
2.31598795E8 7.4986851E7 2.0
2.31662293E8 7.5009826E7 2.0
2.32379202E8 7.5239956E7 2.0
2.33179394E8 7.5498532E7 2.0
2.33392873E8 7.5567462E7 2.0
2.34042177E8 7.5776738E7 2.0
2.34144191E8 7.5808834E7 2.0
2.35895315E8 7.6373352E7 2.0
2.35991439E8 7.6409573E7 2.0
2.36518639E8 7.6580463E7 2.0
2.36588129E8 7.6603116E7 2.0
2.36860782E8 7.6689639E7 2.0
2.37718181E8 7.6962111E7 2.0
2.38516839E8 7.7225651E7 2.0
2.4122148E8 7.8103685E7 2.0
2.41631042E8 7.8238576E7 2.0
2.42026094E8 7.83645E7 2.0
2.44819134E8 7.9265421E7 2.0
2.44853882E8 7.9276333E7 2.0
2.45201965E8 7.9394146E7 2.0
2.45276573E8 7.941595E7 2.0
2.47738718E8 8.02145E7 2.0
2.48286726E8 8.0393162E7 2.0
2.51996577E8 8.1587319E7 2.0
2.54995622E8 8.2564463E7 2.0
2.60262274E8 8.426688E7 2.0
2.6135676E8 8.4622457E7 2.0
2.61502953E8 8.4674665E7 2.0
2.88843819E8 9.3524117E7 2.0
