rev4
93704.0 30351.0 2.0
95921.0 30971.0 2.0
97473.0 31612.0 2.0
98445.0 31969.0 2.0
98524.0 31984.0 2.0
99909.0 32298.0 2.0
100088.0 32392.0 2.0
100245.0 32363.0 2.0
100348.0 32523.0 2.0
100554.0 32537.0 2.0
100613.0 32463.0 2.0
101029.0 32605.0 2.0
101090.0 32728.0 2.0
101940.0 33054.0 2.0
102602.0 33234.0 2.0
103172.0 33361.0 2.0
104241.0 33651.0 2.0
105862.0 34304.0 2.0
106151.0 34350.0 2.0
106165.0 34197.0 2.0
106549.0 34505.0 2.0
107233.0 34741.0 2.0
107399.0 34811.0 2.0
107618.0 34936.0 2.0
107707.0 34940.0 2.0
108072.0 34977.0 2.0
108156.0 34974.0 2.0
108870.0 35265.0 2.0
110316.0 35709.0 2.0
110318.0 35752.0 2.0
110529.0 35823.0 2.0
111146.0 35916.0 2.0
111357.0 35970.0 2.0
111594.0 36115.0 2.0
111824.0 36208.0 2.0
112004.0 36258.0 2.0
112094.0 36290.0 2.0
112113.0 36389.0 2.0
112432.0 36324.0 2.0
112594.0 36478.0 2.0
113332.0 36677.0 2.0
114046.0 36883.0 2.0
114056.0 36973.0 2.0
114399.0 37119.0 2.0
114548.0 37046.0 2.0
114609.0 36987.0 2.0
115254.0 37387.0 2.0
115740.0 37424.0 2.0
115836.0 37423.0 2.0
115984.0 37573.0 2.0
116510.0 37678.0 2.0
117344.0 38075.0 2.0
117775.0 38106.0 2.0
118457.0 38360.0 2.0
118676.0 38479.0 2.0
119309.0 38622.0 2.0
119380.0 38562.0 2.0
119440.0 38714.0 2.0
119468.0 38638.0 2.0
119684.0 38741.0 2.0
120385.0 38982.0 2.0
121146.0 39255.0 2.0
121483.0 39407.0 2.0
123768.0 40111.0 2.0
124109.0 40253.0 2.0
124527.0 40372.0 2.0
124915.0 40338.0 2.0
125312.0 40586.0 2.0
125655.0 40642.0 2.0
126547.0 41010.0 2.0
126549.0 40932.0 2.0
128027.0 41382.0 2.0
128316.0 41527.0 2.0
128880.0 41728.0 2.0
129961.0 42073.0 2.0
129996.0 42090.0 2.0
130295.0 42284.0 2.0
130588.0 42272.0 2.0
130801.0 42357.0 2.0
130832.0 42231.0 2.0
131717.0 42680.0 2.0
132649.0 42946.0 2.0
133359.0 43229.0 2.0
135640.0 43911.0 2.0
136377.0 44084.0 2.0
137121.0 44363.0 2.0
137471.0 44475.0 2.0
139884.0 45274.0 2.0
143621.0 46552.0 2.0
144128.0 46589.0 2.0
145131.0 47087.0 2.0
146095.0 47342.0 2.0
146192.0 47295.0 2.0
147239.0 47641.0 2.0
151558.0 49083.0 2.0
156992.0 50699.0 2.0
158395.0 51215.0 2.0
159533.0 51663.0 2.0
168389.0 54546.0 2.0
172976.0 56004.0 2.0
