rev4
593.0 192.0 2.0
636.0 207.0 2.0
649.0 217.0 2.0
685.0 227.0 2.0
714.0 240.0 2.0
737.0 239.0 2.0
738.0 239.0 2.0
746.0 242.0 2.0
746.0 240.0 2.0
749.0 238.0 2.0
762.0 242.0 2.0
788.0 265.0 2.0
791.0 261.0 2.0
795.0 250.0 2.0
796.0 260.0 2.0
799.0 261.0 2.0
813.0 263.0 2.0
814.0 263.0 2.0
815.0 264.0 2.0
817.0 265.0 2.0
828.0 260.0 2.0
828.0 266.0 2.0
828.0 283.0 2.0
835.0 269.0 2.0
838.0 262.0 2.0
841.0 276.0 2.0
843.0 276.0 2.0
845.0 280.0 2.0
846.0 271.0 2.0
851.0 275.0 2.0
857.0 276.0 2.0
866.0 282.0 2.0
866.0 285.0 2.0
877.0 283.0 2.0
881.0 282.0 2.0
886.0 287.0 2.0
891.0 290.0 2.0
892.0 289.0 2.0
900.0 295.0 2.0
903.0 294.0 2.0
909.0 295.0 2.0
909.0 301.0 2.0
938.0 303.0 2.0
947.0 315.0 2.0
957.0 311.0 2.0
965.0 311.0 2.0
972.0 322.0 2.0
975.0 316.0 2.0
977.0 324.0 2.0
981.0 319.0 2.0
982.0 316.0 2.0
997.0 315.0 2.0
1000.0 320.0 2.0
1000.0 315.0 2.0
1015.0 335.0 2.0
1017.0 330.0 2.0
1023.0 335.0 2.0
1024.0 338.0 2.0
1026.0 330.0 2.0
1028.0 330.0 2.0
1030.0 327.0 2.0
1033.0 340.0 2.0
1034.0 342.0 2.0
1052.0 349.0 2.0
1066.0 341.0 2.0
1067.0 353.0 2.0
1095.0 349.0 2.0
1100.0 358.0 2.0
1106.0 359.0 2.0
1110.0 360.0 2.0
1111.0 364.0 2.0
1120.0 358.0 2.0
1132.0 366.0 2.0
1145.0 374.0 2.0
1163.0 372.0 2.0
1204.0 390.0 2.0
1241.0 405.0 2.0
1255.0 396.0 2.0
1267.0 406.0 2.0
1275.0 417.0 2.0
1278.0 423.0 2.0
1291.0 421.0 2.0
1320.0 433.0 2.0
1325.0 424.0 2.0
1325.0 434.0 2.0
1329.0 425.0 2.0
1333.0 425.0 2.0
1340.0 442.0 2.0
1342.0 433.0 2.0
1376.0 448.0 2.0
1391.0 445.0 2.0
1399.0 466.0 2.0
1440.0 469.0 2.0
1496.0 481.0 2.0
1499.0 501.0 2.0
1509.0 479.0 2.0
1532.0 504.0 2.0
1547.0 503.0 2.0
1807.0 599.0 2.0
2197.0 731.0 2.0
