rev4
6530.0 2119.0 2.0
7790.0 2526.0 2.0
7888.0 2571.0 2.0
8263.0 2681.0 2.0
8507.0 2759.0 2.0
8569.0 2770.0 2.0
8593.0 2813.0 2.0
8719.0 2825.0 2.0
8722.0 2786.0 2.0
9049.0 2926.0 2.0
9332.0 3015.0 2.0
9388.0 3061.0 2.0
9449.0 3070.0 2.0
9482.0 3090.0 2.0
9529.0 3058.0 2.0
9660.0 3124.0 2.0
9666.0 3139.0 2.0
9718.0 3138.0 2.0
9723.0 3172.0 2.0
9801.0 3143.0 2.0
9904.0 3190.0 2.0
9938.0 3206.0 2.0
9984.0 3259.0 2.0
10005.0 3240.0 2.0
10014.0 3239.0 2.0
10095.0 3283.0 2.0
10109.0 3281.0 2.0
10157.0 3299.0 2.0
10200.0 3314.0 2.0
10257.0 3316.0 2.0
10312.0 3337.0 2.0
10317.0 3316.0 2.0
10398.0 3380.0 2.0
10441.0 3397.0 2.0
10445.0 3351.0 2.0
10494.0 3415.0 2.0
10609.0 3427.0 2.0
10653.0 3465.0 2.0
10656.0 3448.0 2.0
10708.0 3428.0 2.0
10788.0 3486.0 2.0
10800.0 3487.0 2.0
10805.0 3518.0 2.0
10878.0 3522.0 2.0
10896.0 3570.0 2.0
10909.0 3519.0 2.0
10923.0 3529.0 2.0
10989.0 3577.0 2.0
11004.0 3575.0 2.0
11005.0 3587.0 2.0
11017.0 3572.0 2.0
11060.0 3601.0 2.0
11119.0 3606.0 2.0
11150.0 3611.0 2.0
11209.0 3641.0 2.0
11229.0 3590.0 2.0
11262.0 3641.0 2.0
11277.0 3646.0 2.0
11297.0 3667.0 2.0
11310.0 3684.0 2.0
11427.0 3699.0 2.0
11473.0 3691.0 2.0
11482.0 3691.0 2.0
11495.0 3757.0 2.0
11547.0 3731.0 2.0
11626.0 3764.0 2.0
11662.0 3799.0 2.0
11783.0 3829.0 2.0
11812.0 3790.0 2.0
11854.0 3836.0 2.0
11879.0 3833.0 2.0
11932.0 3849.0 2.0
11983.0 3886.0 2.0
12264.0 3986.0 2.0
12363.0 4017.0 2.0
12490.0 4017.0 2.0
12828.0 4150.0 2.0
12868.0 4161.0 2.0
12910.0 4199.0 2.0
12951.0 4219.0 2.0
12976.0 4233.0 2.0
13129.0 4245.0 2.0
13173.0 4250.0 2.0
13274.0 4320.0 2.0
13416.0 4368.0 2.0
13602.0 4415.0 2.0
13671.0 4420.0 2.0
14055.0 4563.0 2.0
14093.0 4573.0 2.0
14159.0 4584.0 2.0
14247.0 4590.0 2.0
14499.0 4677.0 2.0
14550.0 4721.0 2.0
14728.0 4767.0 2.0
14836.0 4767.0 2.0
14854.0 4828.0 2.0
15338.0 4967.0 2.0
15615.0 5035.0 2.0
16546.0 5360.0 2.0
20583.0 6639.0 2.0
