rev4
4.09745565E8 1.32673969E8 2.0
4.13992753E8 1.34047393E8 2.0
4.1508276E8 1.3439822E8 2.0
4.18117257E8 1.35383702E8 2.0
4.20793572E8 1.36246581E8 2.0
4.21835413E8 1.36584469E8 2.0
4.22391339E8 1.36764415E8 2.0
4.22744093E8 1.36876348E8 2.0
4.25071809E8 1.37629812E8 2.0
4.25863568E8 1.3789444E8 2.0
4.26439202E8 1.38072657E8 2.0
4.26842177E8 1.38207619E8 2.0
4.28675798E8 1.38800006E8 2.0
4.28939149E8 1.38884127E8 2.0
4.30779143E8 1.39477096E8 2.0
4.34707563E8 1.40750774E8 2.0
4.34771536E8 1.40770217E8 2.0
4.35754776E8 1.41090039E8 2.0
4.36339741E8 1.41276821E8 2.0
4.38543026E8 1.41989104E8 2.0
4.39428813E8 1.42277824E8 2.0
4.40346635E8 1.42578164E8 2.0
4.40751589E8 1.42706352E8 2.0
4.40767707E8 1.42711998E8 2.0
4.41917026E8 1.43078148E8 2.0
4.45171901E8 1.44137059E8 2.0
4.4581631E8 1.44349124E8 2.0
4.47042062E8 1.44740555E8 2.0
4.4761327E8 1.44927626E8 2.0
4.49006945E8 1.45381963E8 2.0
4.49024242E8 1.45388825E8 2.0
4.49336166E8 1.45487497E8 2.0
4.51622976E8 1.46224965E8 2.0
4.51823479E8 1.46288905E8 2.0
4.52189068E8 1.46406847E8 2.0
4.52803242E8 1.46616285E8 2.0
4.53873155E8 1.46955069E8 2.0
4.53933393E8 1.46985214E8 2.0
4.54562165E8 1.47180703E8 2.0
4.55721554E8 1.47552692E8 2.0
4.55724449E8 1.47549133E8 2.0
4.5805855E8 1.4831632E8 2.0
4.58348643E8 1.4840186E8 2.0
4.58780419E8 1.48543679E8 2.0
4.59878319E8 1.48898022E8 2.0
4.6161128E8 1.49459246E8 2.0
4.61704126E8 1.49487046E8 2.0
4.63218948E8 1.49976253E8 2.0
4.63360546E8 1.50027925E8 2.0
4.64286553E8 1.50325713E8 2.0
4.67900936E8 1.51504093E8 2.0
4.68245177E8 1.5160694E8 2.0
4.69263917E8 1.51937342E8 2.0
4.69310974E8 1.51951289E8 2.0
4.71817487E8 1.52763825E8 2.0
4.7256701E8 1.53007928E8 2.0
4.72793299E8 1.53084387E8 2.0
4.74139802E8 1.53515402E8 2.0
4.74389841E8 1.53600674E8 2.0
4.76110323E8 1.5415273E8 2.0
4.7785038E8 1.54716198E8 2.0
4.78377345E8 1.54891598E8 2.0
4.78594601E8 1.54964484E8 2.0
4.81939758E8 1.56047007E8 2.0
4.829178E8 1.56356631E8 2.0
4.82923602E8 1.563657E8 2.0
4.84375453E8 1.56835789E8 2.0
4.86593312E8 1.57549629E8 2.0
4.88627279E8 1.58208108E8 2.0
4.90267251E8 1.58740226E8 2.0
4.91166261E8 1.59032276E8 2.0
4.91481253E8 1.5913553E8 2.0
4.94493138E8 1.60105105E8 2.0
4.95086326E8 1.60294976E8 2.0
4.96598814E8 1.60796502E8 2.0
4.9693819E8 1.60898899E8 2.0
4.96960316E8 1.609049E8 2.0
4.99522109E8 1.61729842E8 2.0
5.01822753E8 1.62487623E8 2.0
5.02691751E8 1.62761522E8 2.0
5.04184146E8 1.63244684E8 2.0
5.08266248E8 1.6456951E8 2.0
5.08439475E8 1.64625915E8 2.0
5.13175614E8 1.66160374E8 2.0
5.14521946E8 1.6659419E8 2.0
5.14863007E8 1.66709291E8 2.0
5.16740062E8 1.67314867E8 2.0
5.18102361E8 1.67753714E8 2.0
5.2035202E8 1.68479978E8 2.0
5.26203079E8 1.70379756E8 2.0
5.28629359E8 1.71161652E8 2.0
5.29299724E8 1.71375879E8 2.0
5.31824345E8 1.72196899E8 2.0
5.39753016E8 1.74767001E8 2.0
5.39793371E8 1.74776473E8 2.0
5.41819034E8 1.75427867E8 2.0
5.44271228E8 1.76225016E8 2.0
5.56735075E8 1.8026501E8 2.0
6.01001043E8 1.94590771E8 2.0
6.14867097E8 1.99078677E8 2.0
