rev4
18729.0 6019.0 2.0
20384.0 6589.0 2.0
20656.0 6682.0 2.0
20690.0 6696.0 2.0
21143.0 6864.0 2.0
21762.0 7041.0 2.0
22569.0 7288.0 2.0
22602.0 7343.0 2.0
22635.0 7301.0 2.0
22782.0 7400.0 2.0
22850.0 7396.0 2.0
22941.0 7404.0 2.0
23002.0 7443.0 2.0
23003.0 7462.0 2.0
23042.0 7439.0 2.0
23052.0 7475.0 2.0
23111.0 7531.0 2.0
23323.0 7584.0 2.0
23372.0 7595.0 2.0
23612.0 7685.0 2.0
23613.0 7662.0 2.0
23840.0 7761.0 2.0
23849.0 7714.0 2.0
23907.0 7749.0 2.0
23925.0 7756.0 2.0
24023.0 7801.0 2.0
24077.0 7790.0 2.0
24135.0 7785.0 2.0
24172.0 7801.0 2.0
24244.0 7921.0 2.0
24361.0 7881.0 2.0
24601.0 7951.0 2.0
24711.0 8008.0 2.0
24714.0 7979.0 2.0
24725.0 8037.0 2.0
25007.0 8087.0 2.0
25130.0 8187.0 2.0
25243.0 8141.0 2.0
25536.0 8289.0 2.0
25569.0 8250.0 2.0
25596.0 8285.0 2.0
25703.0 8306.0 2.0
25782.0 8380.0 2.0
25798.0 8315.0 2.0
25860.0 8372.0 2.0
25866.0 8341.0 2.0
26038.0 8472.0 2.0
26066.0 8434.0 2.0
26167.0 8438.0 2.0
26288.0 8550.0 2.0
26365.0 8572.0 2.0
26374.0 8516.0 2.0
26381.0 8517.0 2.0
26387.0 8536.0 2.0
26480.0 8569.0 2.0
26541.0 8603.0 2.0
26555.0 8591.0 2.0
26586.0 8621.0 2.0
26652.0 8578.0 2.0
26723.0 8684.0 2.0
26919.0 8677.0 2.0
26937.0 8753.0 2.0
27024.0 8727.0 2.0
27073.0 8765.0 2.0
27100.0 8776.0 2.0
27321.0 8838.0 2.0
27349.0 8874.0 2.0
27453.0 8871.0 2.0
27769.0 8985.0 2.0
27818.0 9055.0 2.0
27974.0 9063.0 2.0
28124.0 9092.0 2.0
28127.0 9060.0 2.0
28137.0 9100.0 2.0
28639.0 9291.0 2.0
28944.0 9331.0 2.0
29096.0 9443.0 2.0
29865.0 9673.0 2.0
30038.0 9753.0 2.0
30119.0 9770.0 2.0
30633.0 9918.0 2.0
30945.0 10041.0 2.0
31178.0 10047.0 2.0
31229.0 10088.0 2.0
31401.0 10160.0 2.0
31697.0 10316.0 2.0
32412.0 10472.0 2.0
32488.0 10499.0 2.0
32521.0 10584.0 2.0
32967.0 10656.0 2.0
33138.0 10722.0 2.0
33463.0 10808.0 2.0
33726.0 10929.0 2.0
34714.0 11221.0 2.0
35551.0 11476.0 2.0
37549.0 12148.0 2.0
39871.0 12956.0 2.0
40076.0 12961.0 2.0
41389.0 13400.0 2.0
44135.0 14295.0 2.0
