rev4
470329.0 152326.0 2.0
475300.0 153883.0 2.0
481633.0 156045.0 2.0
482079.0 156007.0 2.0
482663.0 156366.0 2.0
485078.0 157215.0 2.0
489032.0 158257.0 2.0
494683.0 160266.0 2.0
495244.0 160566.0 2.0
500570.0 162133.0 2.0
501755.0 162389.0 2.0
502349.0 162662.0 2.0
503806.0 163214.0 2.0
504466.0 163561.0 2.0
505000.0 163873.0 2.0
507962.0 164418.0 2.0
508035.0 164444.0 2.0
508350.0 164876.0 2.0
508466.0 164488.0 2.0
515802.0 166831.0 2.0
523207.0 169222.0 2.0
524491.0 169856.0 2.0
524885.0 169944.0 2.0
525638.0 170239.0 2.0
527137.0 170786.0 2.0
530979.0 172049.0 2.0
535119.0 173162.0 2.0
535600.0 173532.0 2.0
535833.0 173402.0 2.0
536734.0 173834.0 2.0
537031.0 174072.0 2.0
537809.0 173960.0 2.0
538168.0 174294.0 2.0
540739.0 175107.0 2.0
543907.0 176096.0 2.0
544957.0 176476.0 2.0
547923.0 177406.0 2.0
548660.0 177532.0 2.0
551382.0 178709.0 2.0
551669.0 178701.0 2.0
552019.0 178797.0 2.0
554649.0 179688.0 2.0
558002.0 180806.0 2.0
559029.0 181033.0 2.0
559099.0 181269.0 2.0
560435.0 181569.0 2.0
561333.0 181745.0 2.0
563934.0 182630.0 2.0
564703.0 182757.0 2.0
565925.0 183066.0 2.0
569799.0 184653.0 2.0
571045.0 184870.0 2.0
571119.0 184689.0 2.0
571152.0 185033.0 2.0
574226.0 185895.0 2.0
574376.0 185820.0 2.0
574467.0 185911.0 2.0
574597.0 185882.0 2.0
575836.0 186234.0 2.0
578383.0 187074.0 2.0
579237.0 187677.0 2.0
581899.0 188153.0 2.0
582214.0 188605.0 2.0
582961.0 188807.0 2.0
583027.0 188647.0 2.0
583564.0 189052.0 2.0
586365.0 189814.0 2.0
592464.0 191840.0 2.0
594117.0 192477.0 2.0
595251.0 192664.0 2.0
595265.0 192604.0 2.0
595784.0 192803.0 2.0
600060.0 194137.0 2.0
600752.0 194394.0 2.0
600865.0 194511.0 2.0
608330.0 196961.0 2.0
612458.0 198353.0 2.0
616658.0 199941.0 2.0
618937.0 200474.0 2.0
621725.0 201231.0 2.0
622423.0 201503.0 2.0
625833.0 202490.0 2.0
628972.0 203841.0 2.0
631903.0 204631.0 2.0
632257.0 204835.0 2.0
632708.0 204819.0 2.0
634252.0 205320.0 2.0
639274.0 207014.0 2.0
641564.0 207746.0 2.0
651842.0 211414.0 2.0
654002.0 211952.0 2.0
663193.0 214792.0 2.0
665304.0 215512.0 2.0
666920.0 215821.0 2.0
671706.0 217426.0 2.0
682975.0 220877.0 2.0
685567.0 221884.0 2.0
693999.0 224877.0 2.0
733122.0 237202.0 2.0
748404.0 242470.0 2.0
