rev4
2.4157942E7 862790.0 14.0
2.4221083E7 865046.0 14.0
2.4238237E7 865657.0 14.0
2.4269711E7 866781.0 14.0
2.4327555E7 868847.0 14.0
2.43288E7 868897.0 14.0
2.435772E7 869928.0 14.0
2.4400702E7 871461.0 14.0
2.4428595E7 872457.0 14.0
2.4512563E7 875457.0 14.0
2.4586309E7 878092.0 14.0
2.4597134E7 878479.0 14.0
2.462196E7 879361.0 14.0
2.4647711E7 880283.0 14.0
2.4687522E7 881705.0 14.0
2.4723383E7 882986.0 14.0
2.4733988E7 883365.0 14.0
2.4742597E7 883670.0 14.0
2.474294E7 883687.0 14.0
2.4761833E7 884360.0 14.0
2.4778416E7 884950.0 14.0
2.4794332E7 885518.0 14.0
2.4832797E7 886896.0 14.0
2.4845063E7 887334.0 14.0
2.4863151E7 887977.0 14.0
2.4869472E7 888203.0 14.0
2.4888751E7 888892.0 14.0
2.4894031E7 889085.0 14.0
2.4900405E7 889307.0 14.0
2.4927468E7 890273.0 14.0
2.493422E7 890514.0 14.0
2.4938673E7 890675.0 14.0
2.4942868E7 890827.0 14.0
2.4960978E7 891474.0 14.0
2.4981237E7 892194.0 14.0
2.4982223E7 892229.0 14.0
2.4984229E7 892302.0 14.0
2.499008E7 892514.0 14.0
2.4996783E7 892751.0 14.0
2.5001132E7 892906.0 14.0
2.5017997E7 893508.0 14.0
2.5039688E7 894284.0 14.0
2.5048414E7 894596.0 14.0
2.5080313E7 895734.0 14.0
2.5089477E7 896060.0 14.0
2.5096551E7 896313.0 14.0
2.5105779E7 896640.0 14.0
2.5208666E7 900317.0 14.0
2.5212788E7 900464.0 14.0
2.5242551E7 901525.0 14.0
2.529997E7 903580.0 14.0
2.5325565E7 904490.0 14.0
2.5366736E7 905963.0 14.0
2.5378173E7 906370.0 14.0
2.5392483E7 906883.0 14.0
2.5392931E7 906900.0 14.0
2.5430659E7 908245.0 14.0
2.5470765E7 909678.0 14.0
2.5479887E7 910005.0 14.0
2.5555659E7 912711.0 14.0
2.5567776E7 913144.0 14.0
2.5573502E7 913348.0 14.0
2.5583341E7 913698.0 14.0
2.5665185E7 916620.0 14.0
2.5683694E7 917280.0 14.0
2.5775765E7 920573.0 14.0
2.5788879E7 921041.0 14.0
2.5812132E7 921872.0 14.0
2.5835652E7 922712.0 14.0
2.5854172E7 923370.0 14.0
2.5863694E7 923710.0 14.0
2.588557E7 924493.0 14.0
2.5911531E7 925419.0 14.0
2.5931974E7 926151.0 14.0
2.6050957E7 930396.0 14.0
2.6059365E7 930698.0 14.0
2.607746E7 931344.0 14.0
2.6111734E7 932574.0 14.0
2.6159172E7 934263.0 14.0
2.6164639E7 934458.0 14.0
2.6167312E7 934554.0 14.0
2.6198523E7 935671.0 14.0
2.6245027E7 937332.0 14.0
2.6335633E7 940571.0 14.0
2.6421751E7 943643.0 14.0
2.6458565E7 944957.0 14.0
2.6460944E7 945041.0 14.0
2.6464428E7 945168.0 14.0
2.6541955E7 947933.0 14.0
2.6562575E7 948671.0 14.0
2.6674473E7 952668.0 14.0
2.6825121E7 958048.0 14.0
2.704291E7 965826.0 14.0
2.7046567E7 965957.0 14.0
2.7347654E7 976710.0 14.0
2.7467003E7 980973.0 14.0
2.7666218E7 988086.0 14.0
2.8321714E7 1011500.0 14.0
2.9236033E7 1044153.0 14.0
2.947206E7 1052583.0 14.0
