rev4
1.1728493E7 418880.0 14.0
1.1881982E7 424359.0 14.0
1.1891548E7 424703.0 14.0
1.1896678E7 424887.0 14.0
1.1926127E7 425938.0 14.0
1.1990104E7 428224.0 14.0
1.20019E7 428641.0 14.0
1.2040347E7 430017.0 14.0
1.2055109E7 430545.0 14.0
1.2062165E7 430797.0 14.0
1.2082326E7 431516.0 14.0
1.2093602E7 431918.0 14.0
1.2099748E7 432138.0 14.0
1.2133049E7 433327.0 14.0
1.2136355E7 433444.0 14.0
1.2147837E7 433858.0 14.0
1.2181251E7 435048.0 14.0
1.218233E7 435088.0 14.0
1.2186136E7 435224.0 14.0
1.2188179E7 435298.0 14.0
1.2197143E7 435614.0 14.0
1.2197953E7 435645.0 14.0
1.2198262E7 435655.0 14.0
1.2208109E7 436007.0 14.0
1.2231827E7 436853.0 14.0
1.2236905E7 437036.0 14.0
1.224339E7 437267.0 14.0
1.2246014E7 437364.0 14.0
1.2247537E7 437414.0 14.0
1.2251345E7 437554.0 14.0
1.2262306E7 437945.0 14.0
1.2272732E7 438314.0 14.0
1.2275362E7 438409.0 14.0
1.2277426E7 438485.0 14.0
1.2286403E7 438806.0 14.0
1.2301504E7 439345.0 14.0
1.2313197E7 439762.0 14.0
1.232058E7 440025.0 14.0
1.2321127E7 440045.0 14.0
1.2326535E7 440239.0 14.0
1.2327712E7 440279.0 14.0
1.2329498E7 440343.0 14.0
1.2351168E7 441120.0 14.0
1.2354178E7 441226.0 14.0
1.2356609E7 441312.0 14.0
1.2359828E7 441427.0 14.0
1.2362689E7 441530.0 14.0
1.2365593E7 441634.0 14.0
1.2382567E7 442240.0 14.0
1.2382781E7 442249.0 14.0
1.238302E7 442257.0 14.0
1.2384126E7 442294.0 14.0
1.2403858E7 442999.0 14.0
1.2410367E7 443231.0 14.0
1.2415306E7 443410.0 14.0
1.2431365E7 443983.0 14.0
1.2432032E7 444006.0 14.0
1.2435648E7 444135.0 14.0
1.2446315E7 444516.0 14.0
1.2475598E7 445562.0 14.0
1.2499641E7 446422.0 14.0
1.2525137E7 447331.0 14.0
1.2535247E7 447692.0 14.0
1.2602374E7 450090.0 14.0
1.2641964E7 451502.0 14.0
1.2646418E7 451661.0 14.0
1.2647919E7 451716.0 14.0
1.2656026E7 452008.0 14.0
1.2659215E7 452119.0 14.0
1.2675839E7 452712.0 14.0
1.2699004E7 453539.0 14.0
1.270882E7 453892.0 14.0
1.2740551E7 455024.0 14.0
1.277683E7 456320.0 14.0
1.2796623E7 457027.0 14.0
1.2813125E7 457616.0 14.0
1.281615E7 457723.0 14.0
1.2832026E7 458291.0 14.0
1.2908911E7 461036.0 14.0
1.2919121E7 461403.0 14.0
1.2922006E7 461503.0 14.0
1.2946249E7 462368.0 14.0
1.297553E7 463416.0 14.0
1.2993568E7 464062.0 14.0
1.3092597E7 467597.0 14.0
1.3118534E7 468524.0 14.0
1.3122455E7 468665.0 14.0
1.3126984E7 468825.0 14.0
1.3133822E7 469069.0 14.0
1.3152395E7 469733.0 14.0
1.3152854E7 469749.0 14.0
1.3177843E7 470641.0 14.0
1.3226809E7 472391.0 14.0
1.3304773E7 475176.0 14.0
1.3318021E7 475649.0 14.0
1.3387092E7 478114.0 14.0
1.3458851E7 480681.0 14.0
1.3682215E7 488657.0 14.0
1.3700257E7 489303.0 14.0
1.4626714E7 522388.0 14.0
