rev4
331016.0 11823.0 14.0
331380.0 11836.0 14.0
333506.0 11912.0 14.0
333872.0 11925.0 14.0
337303.0 12048.0 14.0
338688.0 12097.0 14.0
338857.0 12103.0 14.0
339052.0 12110.0 14.0
340354.0 12157.0 14.0
340425.0 12159.0 14.0
341573.0 12200.0 14.0
341836.0 12210.0 14.0
342102.0 12219.0 14.0
342273.0 12225.0 14.0
342552.0 12235.0 14.0
343613.0 12273.0 14.0
343729.0 12277.0 14.0
344259.0 12296.0 14.0
344371.0 12300.0 14.0
344596.0 12308.0 14.0
345101.0 12326.0 14.0
345267.0 12332.0 14.0
345604.0 12344.0 14.0
345717.0 12348.0 14.0
345829.0 12352.0 14.0
346387.0 12372.0 14.0
347214.0 12402.0 14.0
347677.0 12418.0 14.0
347872.0 12425.0 14.0
347873.0 12425.0 14.0
348153.0 12435.0 14.0
348404.0 12444.0 14.0
348839.0 12460.0 14.0
349300.0 12476.0 14.0
350001.0 12501.0 14.0
350113.0 12505.0 14.0
350575.0 12522.0 14.0
350673.0 12525.0 14.0
350757.0 12528.0 14.0
350813.0 12530.0 14.0
350841.0 12531.0 14.0
350896.0 12533.0 14.0
351750.0 12564.0 14.0
351765.0 12564.0 14.0
351820.0 12567.0 14.0
353191.0 12615.0 14.0
353683.0 12633.0 14.0
354229.0 12652.0 14.0
354299.0 12655.0 14.0
355013.0 12680.0 14.0
355237.0 12688.0 14.0
355265.0 12689.0 14.0
355517.0 12698.0 14.0
356132.0 12720.0 14.0
356328.0 12728.0 14.0
356819.0 12745.0 14.0
356831.0 12745.0 14.0
356888.0 12747.0 14.0
357281.0 12762.0 14.0
357337.0 12763.0 14.0
357391.0 12765.0 14.0
357433.0 12767.0 14.0
357448.0 12767.0 14.0
357557.0 12771.0 14.0
357644.0 12774.0 14.0
358177.0 12793.0 14.0
358457.0 12803.0 14.0
358931.0 12820.0 14.0
360025.0 12859.0 14.0
360417.0 12873.0 14.0
360417.0 12873.0 14.0
360443.0 12874.0 14.0
360528.0 12877.0 14.0
360779.0 12886.0 14.0
361676.0 12918.0 14.0
361677.0 12918.0 14.0
361789.0 12922.0 14.0
361928.0 12927.0 14.0
362208.0 12937.0 14.0
363300.0 12976.0 14.0
365681.0 13061.0 14.0
365933.0 13070.0 14.0
366450.0 13089.0 14.0
366632.0 13095.0 14.0
366633.0 13095.0 14.0
367401.0 13123.0 14.0
367697.0 13133.0 14.0
368926.0 13177.0 14.0
369153.0 13185.0 14.0
372737.0 13313.0 14.0
374668.0 13382.0 14.0
375424.0 13409.0 14.0
377553.0 13485.0 14.0
379107.0 13541.0 14.0
382677.0 13668.0 14.0
383740.0 13706.0 14.0
390153.0 13935.0 14.0
391749.0 13992.0 14.0
397181.0 14186.0 14.0
403284.0 14404.0 14.0
