rev4
160917.0 5748.0 14.0
162737.0 5813.0 14.0
162960.0 5821.0 14.0
163409.0 5837.0 14.0
163576.0 5843.0 14.0
163632.0 5845.0 14.0
163913.0 5855.0 14.0
164599.0 5880.0 14.0
164693.0 5883.0 14.0
164921.0 5891.0 14.0
164948.0 5892.0 14.0
165618.0 5916.0 14.0
166181.0 5936.0 14.0
166194.0 5937.0 14.0
166265.0 5939.0 14.0
167020.0 5966.0 14.0
167693.0 5990.0 14.0
167805.0 5994.0 14.0
167916.0 5998.0 14.0
167972.0 6000.0 14.0
167998.0 6001.0 14.0
168056.0 6003.0 14.0
168225.0 6009.0 14.0
168225.0 6009.0 14.0
168336.0 6013.0 14.0
168421.0 6016.0 14.0
168644.0 6024.0 14.0
168757.0 6028.0 14.0
168841.0 6031.0 14.0
168939.0 6035.0 14.0
168981.0 6036.0 14.0
169147.0 6042.0 14.0
169289.0 6047.0 14.0
169513.0 6055.0 14.0
169765.0 6064.0 14.0
169821.0 6066.0 14.0
169905.0 6069.0 14.0
170241.0 6081.0 14.0
170297.0 6083.0 14.0
170325.0 6084.0 14.0
170353.0 6085.0 14.0
170703.0 6098.0 14.0
170843.0 6103.0 14.0
170857.0 6103.0 14.0
171053.0 6110.0 14.0
171361.0 6121.0 14.0
171501.0 6126.0 14.0
171613.0 6130.0 14.0
171641.0 6131.0 14.0
171725.0 6134.0 14.0
171752.0 6135.0 14.0
171865.0 6139.0 14.0
171893.0 6140.0 14.0
171921.0 6141.0 14.0
172005.0 6144.0 14.0
172032.0 6145.0 14.0
172173.0 6150.0 14.0
172817.0 6173.0 14.0
173265.0 6189.0 14.0
173321.0 6191.0 14.0
173599.0 6201.0 14.0
173853.0 6210.0 14.0
173853.0 6210.0 14.0
174077.0 6218.0 14.0
174329.0 6227.0 14.0
174441.0 6231.0 14.0
174469.0 6232.0 14.0
174580.0 6236.0 14.0
174721.0 6241.0 14.0
175225.0 6259.0 14.0
175393.0 6265.0 14.0
175489.0 6269.0 14.0
176022.0 6288.0 14.0
176065.0 6289.0 14.0
176513.0 6305.0 14.0
176569.0 6307.0 14.0
176596.0 6308.0 14.0
176597.0 6308.0 14.0
176877.0 6318.0 14.0
176877.0 6318.0 14.0
177042.0 6324.0 14.0
177101.0 6326.0 14.0
177353.0 6335.0 14.0
177549.0 6342.0 14.0
177633.0 6345.0 14.0
177689.0 6347.0 14.0
178080.0 6361.0 14.0
178136.0 6363.0 14.0
178417.0 6373.0 14.0
178585.0 6379.0 14.0
180405.0 6444.0 14.0
182251.0 6510.0 14.0
182981.0 6536.0 14.0
186425.0 6659.0 14.0
186816.0 6673.0 14.0
187559.0 6700.0 14.0
188412.0 6730.0 14.0
189365.0 6764.0 14.0
190485.0 6804.0 14.0
196813.0 7030.0 14.0
