rev4
1961.0 71.0 14.0
2045.0 74.0 14.0
2045.0 74.0 14.0
2073.0 75.0 14.0
2073.0 75.0 14.0
2129.0 77.0 14.0
2129.0 77.0 14.0
2157.0 78.0 14.0
2157.0 78.0 14.0
2185.0 79.0 14.0
2185.0 79.0 14.0
2213.0 80.0 14.0
2213.0 80.0 14.0
2213.0 80.0 14.0
2213.0 80.0 14.0
2213.0 80.0 14.0
2213.0 80.0 14.0
2213.0 80.0 14.0
2213.0 80.0 14.0
2241.0 81.0 14.0
2241.0 81.0 14.0
2241.0 81.0 14.0
2241.0 81.0 14.0
2241.0 81.0 14.0
2241.0 81.0 14.0
2241.0 81.0 14.0
2269.0 82.0 14.0
2269.0 82.0 14.0
2269.0 82.0 14.0
2269.0 82.0 14.0
2269.0 82.0 14.0
2269.0 82.0 14.0
2269.0 82.0 14.0
2269.0 82.0 14.0
2269.0 82.0 14.0
2297.0 83.0 14.0
2325.0 84.0 14.0
2325.0 84.0 14.0
2325.0 84.0 14.0
2325.0 84.0 14.0
2325.0 84.0 14.0
2353.0 85.0 14.0
2353.0 85.0 14.0
2353.0 85.0 14.0
2353.0 85.0 14.0
2353.0 85.0 14.0
2353.0 85.0 14.0
2353.0 85.0 14.0
2353.0 85.0 14.0
2381.0 86.0 14.0
2381.0 86.0 14.0
2381.0 86.0 14.0
2381.0 86.0 14.0
2409.0 87.0 14.0
2409.0 87.0 14.0
2409.0 87.0 14.0
2409.0 87.0 14.0
2409.0 87.0 14.0
2437.0 88.0 14.0
2437.0 88.0 14.0
2437.0 88.0 14.0
2437.0 88.0 14.0
2437.0 88.0 14.0
2465.0 89.0 14.0
2465.0 89.0 14.0
2465.0 89.0 14.0
2465.0 89.0 14.0
2493.0 90.0 14.0
2493.0 90.0 14.0
2493.0 90.0 14.0
2493.0 90.0 14.0
2521.0 91.0 14.0
2521.0 91.0 14.0
2521.0 91.0 14.0
2521.0 91.0 14.0
2521.0 91.0 14.0
2521.0 91.0 14.0
2521.0 91.0 14.0
2521.0 91.0 14.0
2549.0 92.0 14.0
2549.0 92.0 14.0
2549.0 92.0 14.0
2549.0 92.0 14.0
2549.0 92.0 14.0
2577.0 93.0 14.0
2577.0 93.0 14.0
2577.0 93.0 14.0
2577.0 93.0 14.0
2633.0 95.0 14.0
2633.0 95.0 14.0
2661.0 96.0 14.0
2689.0 97.0 14.0
2689.0 97.0 14.0
2689.0 97.0 14.0
2717.0 98.0 14.0
2801.0 101.0 14.0
2801.0 101.0 14.0
2829.0 102.0 14.0
2829.0 102.0 14.0
2941.0 106.0 14.0
