rev4
4.8663504E7 1738001.0 14.0
4.8751203E7 1741127.0 14.0
4.8783939E7 1742296.0 14.0
4.9047816E7 1751724.0 14.0
4.9058998E7 1752119.0 14.0
4.916444E7 1755886.0 14.0
4.9330751E7 1761824.0 14.0
4.9355154E7 1762702.0 14.0
4.9586938E7 1770980.0 14.0
4.9598158E7 1771370.0 14.0
4.9763345E7 1777280.0 14.0
4.9840053E7 1780017.0 14.0
4.9845692E7 1780217.0 14.0
4.9946346E7 1783811.0 14.0
5.0090172E7 1788947.0 14.0
5.0119308E7 1789992.0 14.0
5.0130279E7 1790380.0 14.0
5.0200714E7 1792896.0 14.0
5.0205536E7 1793068.0 14.0
5.0296233E7 1796305.0 14.0
5.0305577E7 1796641.0 14.0
5.0316544E7 1797033.0 14.0
5.0378426E7 1799243.0 14.0
5.043842E7 1801392.0 14.0
5.045525E7 1801989.0 14.0
5.046332E7 1802279.0 14.0
5.0467869E7 1802439.0 14.0
5.0470364E7 1802526.0 14.0
5.0485616E7 1803071.0 14.0
5.0508569E7 1803893.0 14.0
5.0618328E7 1807812.0 14.0
5.0661566E7 1809356.0 14.0
5.0895999E7 1817732.0 14.0
5.0928166E7 1818876.0 14.0
5.0996792E7 1821330.0 14.0
5.1044743E7 1823038.0 14.0
5.1083112E7 1824414.0 14.0
5.1094801E7 1824830.0 14.0
5.1127815E7 1826013.0 14.0
5.1141289E7 1826490.0 14.0
5.1149358E7 1826782.0 14.0
5.1157257E7 1827062.0 14.0
5.1161398E7 1827207.0 14.0
5.1175742E7 1827720.0 14.0
5.1198546E7 1828539.0 14.0
5.132241E7 1832955.0 14.0
5.133647E7 1833461.0 14.0
5.1338183E7 1833522.0 14.0
5.1407459E7 1835997.0 14.0
5.1463534E7 1837994.0 14.0
5.1481484E7 1838635.0 14.0
5.1498391E7 1839246.0 14.0
5.1527526E7 1840288.0 14.0
5.1545527E7 1840927.0 14.0
5.154975E7 1841081.0 14.0
5.1569611E7 1841790.0 14.0
5.1597771E7 1842799.0 14.0
5.1700078E7 1846449.0 14.0
5.1830669E7 1851110.0 14.0
5.187243E7 1852601.0 14.0
5.1910893E7 1853975.0 14.0
5.1974947E7 1856261.0 14.0
5.2120653E7 1861465.0 14.0
5.2244632E7 1865890.0 14.0
5.2266955E7 1866692.0 14.0
5.2451079E7 1873268.0 14.0
5.248741E7 1874568.0 14.0
5.2493636E7 1874787.0 14.0
5.2511621E7 1875427.0 14.0
5.2538818E7 1876401.0 14.0
5.2599676E7 1878574.0 14.0
5.2605344E7 1878777.0 14.0
5.2720801E7 1882899.0 14.0
5.2877884E7 1888512.0 14.0
5.2929789E7 1890368.0 14.0
5.2976379E7 1892025.0 14.0
5.3114773E7 1896976.0 14.0
5.3122256E7 1897235.0 14.0
5.3177944E7 1899228.0 14.0
5.318513E7 1899484.0 14.0
5.3225902E7 1900939.0 14.0
5.3276387E7 1902744.0 14.0
5.3294452E7 1903390.0 14.0
5.3417297E7 1907776.0 14.0
5.3468519E7 1909608.0 14.0
5.3488397E7 1910312.0 14.0
5.3543083E7 1912265.0 14.0
5.361209E7 1914731.0 14.0
5.3973335E7 1927634.0 14.0
5.4012191E7 1929025.0 14.0
5.4047462E7 1930279.0 14.0
5.409884E7 1932118.0 14.0
5.4402746E7 1942971.0 14.0
5.4463422E7 1945137.0 14.0
5.4631856E7 1951154.0 14.0
5.4761347E7 1955778.0 14.0
5.4824949E7 1958050.0 14.0
5.5161395E7 1970065.0 14.0
5.6380958E7 2013622.0 14.0
5.6485201E7 2017344.0 14.0
