rev4
17697.0 633.0 14.0
18425.0 659.0 14.0
18789.0 672.0 14.0
18817.0 673.0 14.0
18901.0 676.0 14.0
18901.0 676.0 14.0
18985.0 679.0 14.0
18985.0 679.0 14.0
19069.0 682.0 14.0
19153.0 685.0 14.0
19181.0 686.0 14.0
19321.0 691.0 14.0
19321.0 691.0 14.0
19349.0 692.0 14.0
19405.0 694.0 14.0
19489.0 697.0 14.0
19489.0 697.0 14.0
19517.0 698.0 14.0
19517.0 698.0 14.0
19517.0 698.0 14.0
19573.0 700.0 14.0
19629.0 702.0 14.0
19685.0 704.0 14.0
19685.0 704.0 14.0
19713.0 705.0 14.0
19713.0 705.0 14.0
19797.0 708.0 14.0
19853.0 710.0 14.0
19881.0 711.0 14.0
19909.0 712.0 14.0
19909.0 712.0 14.0
19909.0 712.0 14.0
19937.0 713.0 14.0
19937.0 713.0 14.0
19965.0 714.0 14.0
19993.0 715.0 14.0
19993.0 715.0 14.0
20105.0 719.0 14.0
20132.0 720.0 14.0
20133.0 720.0 14.0
20133.0 720.0 14.0
20161.0 721.0 14.0
20189.0 722.0 14.0
20189.0 722.0 14.0
20231.0 724.0 14.0
20245.0 724.0 14.0
20245.0 724.0 14.0
20245.0 724.0 14.0
20245.0 724.0 14.0
20273.0 725.0 14.0
20273.0 725.0 14.0
20301.0 726.0 14.0
20329.0 727.0 14.0
20413.0 730.0 14.0
20413.0 730.0 14.0
20441.0 731.0 14.0
20469.0 732.0 14.0
20469.0 732.0 14.0
20497.0 733.0 14.0
20525.0 734.0 14.0
20553.0 735.0 14.0
20581.0 736.0 14.0
20609.0 737.0 14.0
20609.0 737.0 14.0
20637.0 738.0 14.0
20665.0 739.0 14.0
20665.0 739.0 14.0
20693.0 740.0 14.0
20721.0 741.0 14.0
20721.0 741.0 14.0
20749.0 742.0 14.0
20777.0 743.0 14.0
20833.0 745.0 14.0
20945.0 749.0 14.0
21001.0 751.0 14.0
21029.0 752.0 14.0
21085.0 754.0 14.0
21085.0 754.0 14.0
21113.0 755.0 14.0
21141.0 756.0 14.0
21141.0 756.0 14.0
21225.0 759.0 14.0
21225.0 759.0 14.0
21309.0 762.0 14.0
21365.0 764.0 14.0
21365.0 764.0 14.0
21365.0 764.0 14.0
21449.0 767.0 14.0
21477.0 768.0 14.0
21561.0 771.0 14.0
21561.0 771.0 14.0
21701.0 776.0 14.0
21701.0 776.0 14.0
21729.0 777.0 14.0
21841.0 781.0 14.0
21869.0 782.0 14.0
22037.0 788.0 14.0
22233.0 795.0 14.0
22513.0 805.0 14.0
22793.0 815.0 14.0
