rev4
29.0 2.0 14.0
85.0 4.0 14.0
113.0 5.0 14.0
113.0 5.0 14.0
113.0 5.0 14.0
113.0 5.0 14.0
113.0 5.0 14.0
113.0 5.0 14.0
113.0 5.0 14.0
113.0 5.0 14.0
113.0 5.0 14.0
113.0 5.0 14.0
113.0 5.0 14.0
141.0 6.0 14.0
141.0 6.0 14.0
141.0 6.0 14.0
141.0 6.0 14.0
141.0 6.0 14.0
141.0 6.0 14.0
141.0 6.0 14.0
141.0 6.0 14.0
141.0 6.0 14.0
141.0 6.0 14.0
141.0 6.0 14.0
141.0 6.0 14.0
141.0 6.0 14.0
141.0 6.0 14.0
169.0 7.0 14.0
169.0 7.0 14.0
169.0 7.0 14.0
169.0 7.0 14.0
169.0 7.0 14.0
169.0 7.0 14.0
169.0 7.0 14.0
169.0 7.0 14.0
169.0 7.0 14.0
169.0 7.0 14.0
169.0 7.0 14.0
169.0 7.0 14.0
169.0 7.0 14.0
169.0 7.0 14.0
169.0 7.0 14.0
169.0 7.0 14.0
169.0 7.0 14.0
169.0 7.0 14.0
169.0 7.0 14.0
169.0 7.0 14.0
169.0 7.0 14.0
169.0 7.0 14.0
169.0 7.0 14.0
169.0 7.0 14.0
197.0 8.0 14.0
197.0 8.0 14.0
197.0 8.0 14.0
197.0 8.0 14.0
197.0 8.0 14.0
197.0 8.0 14.0
197.0 8.0 14.0
197.0 8.0 14.0
197.0 8.0 14.0
197.0 8.0 14.0
197.0 8.0 14.0
197.0 8.0 14.0
197.0 8.0 14.0
197.0 8.0 14.0
197.0 8.0 14.0
197.0 8.0 14.0
197.0 8.0 14.0
197.0 8.0 14.0
197.0 8.0 14.0
197.0 8.0 14.0
197.0 8.0 14.0
197.0 8.0 14.0
197.0 8.0 14.0
225.0 9.0 14.0
225.0 9.0 14.0
225.0 9.0 14.0
225.0 9.0 14.0
225.0 9.0 14.0
225.0 9.0 14.0
225.0 9.0 14.0
225.0 9.0 14.0
225.0 9.0 14.0
225.0 9.0 14.0
225.0 9.0 14.0
225.0 9.0 14.0
253.0 10.0 14.0
253.0 10.0 14.0
253.0 10.0 14.0
281.0 11.0 14.0
281.0 11.0 14.0
281.0 11.0 14.0
281.0 11.0 14.0
309.0 12.0 14.0
309.0 12.0 14.0
309.0 12.0 14.0
309.0 12.0 14.0
337.0 13.0 14.0
337.0 13.0 14.0
365.0 14.0 14.0
