rev4
8793.0 315.0 14.0
9017.0 323.0 14.0
9017.0 323.0 14.0
9045.0 324.0 14.0
9101.0 326.0 14.0
9211.0 330.0 14.0
9213.0 330.0 14.0
9297.0 333.0 14.0
9353.0 335.0 14.0
9381.0 336.0 14.0
9381.0 336.0 14.0
9381.0 336.0 14.0
9381.0 336.0 14.0
9381.0 336.0 14.0
9409.0 337.0 14.0
9409.0 337.0 14.0
9465.0 339.0 14.0
9493.0 340.0 14.0
9493.0 340.0 14.0
9521.0 341.0 14.0
9549.0 342.0 14.0
9549.0 342.0 14.0
9549.0 342.0 14.0
9576.0 343.0 14.0
9577.0 343.0 14.0
9605.0 344.0 14.0
9605.0 344.0 14.0
9633.0 345.0 14.0
9633.0 345.0 14.0
9661.0 346.0 14.0
9689.0 347.0 14.0
9717.0 348.0 14.0
9717.0 348.0 14.0
9717.0 348.0 14.0
9717.0 348.0 14.0
9745.0 349.0 14.0
9773.0 350.0 14.0
9773.0 350.0 14.0
9773.0 350.0 14.0
9773.0 350.0 14.0
9773.0 350.0 14.0
9801.0 351.0 14.0
9829.0 352.0 14.0
9829.0 352.0 14.0
9829.0 352.0 14.0
9829.0 352.0 14.0
9857.0 353.0 14.0
9857.0 353.0 14.0
9857.0 353.0 14.0
9885.0 354.0 14.0
9885.0 354.0 14.0
9941.0 356.0 14.0
9941.0 356.0 14.0
9941.0 356.0 14.0
9941.0 356.0 14.0
9941.0 356.0 14.0
9941.0 356.0 14.0
9969.0 357.0 14.0
9969.0 357.0 14.0
9969.0 357.0 14.0
9969.0 357.0 14.0
9969.0 357.0 14.0
9969.0 357.0 14.0
9997.0 358.0 14.0
9997.0 358.0 14.0
10025.0 359.0 14.0
10081.0 361.0 14.0
10081.0 361.0 14.0
10109.0 362.0 14.0
10109.0 362.0 14.0
10137.0 363.0 14.0
10165.0 364.0 14.0
10165.0 364.0 14.0
10165.0 364.0 14.0
10165.0 364.0 14.0
10193.0 365.0 14.0
10193.0 365.0 14.0
10193.0 365.0 14.0
10193.0 365.0 14.0
10221.0 366.0 14.0
10249.0 367.0 14.0
10305.0 369.0 14.0
10333.0 370.0 14.0
10333.0 370.0 14.0
10359.0 371.0 14.0
10361.0 371.0 14.0
10389.0 372.0 14.0
10417.0 373.0 14.0
10417.0 373.0 14.0
10445.0 374.0 14.0
10473.0 375.0 14.0
10501.0 376.0 14.0
10529.0 377.0 14.0
10529.0 377.0 14.0
10529.0 377.0 14.0
10641.0 381.0 14.0
10697.0 383.0 14.0
10809.0 387.0 14.0
10837.0 388.0 14.0
11537.0 413.0 14.0
