rev4
2.02766215E8 7241713.0 14.0
2.04635144E8 7308456.0 14.0
2.0539163E8 7335475.0 14.0
2.05403401E8 7335894.0 14.0
2.05556206E8 7341356.0 14.0
2.0569818E8 7346421.0 14.0
2.06199355E8 7364327.0 14.0
2.0664205E8 7380132.0 14.0
2.06658726E8 7380724.0 14.0
2.06691614E8 7381902.0 14.0
2.06721657E8 7382978.0 14.0
2.06886637E8 7388869.0 14.0
2.06970742E8 7391870.0 14.0
2.07034834E8 7394159.0 14.0
2.07244886E8 7401655.0 14.0
2.08589184E8 7449672.0 14.0
2.08637913E8 7451414.0 14.0
2.08787612E8 7456758.0 14.0
2.08838848E8 7458588.0 14.0
2.09090495E8 7467578.0 14.0
2.09484703E8 7481650.0 14.0
2.09583174E8 7485179.0 14.0
2.09682902E8 7488733.0 14.0
2.09777736E8 7492116.0 14.0
2.09865132E8 7495244.0 14.0
2.09942092E8 7497991.0 14.0
2.099838E8 7499482.0 14.0
2.10007132E8 7500311.0 14.0
2.10051805E8 7501914.0 14.0
2.10089078E8 7503244.0 14.0
2.10193853E8 7506977.0 14.0
2.103108E8 7511151.0 14.0
2.10428391E8 7515360.0 14.0
2.10699704E8 7525044.0 14.0
2.10719138E8 7525739.0 14.0
2.10893684E8 7531980.0 14.0
2.11095998E8 7539205.0 14.0
2.1118335E8 7542316.0 14.0
2.11212983E8 7543385.0 14.0
2.11270888E8 7545444.0 14.0
2.11367623E8 7548904.0 14.0
2.11426383E8 7551012.0 14.0
2.11570221E8 7556137.0 14.0
2.11711889E8 7561200.0 14.0
2.12012931E8 7571948.0 14.0
2.12060878E8 7573667.0 14.0
2.12497854E8 7589267.0 14.0
2.12911613E8 7604042.0 14.0
2.1307015E8 7609714.0 14.0
2.13186462E8 7613859.0 14.0
2.13305232E8 7618104.0 14.0
2.13322248E8 7618710.0 14.0
2.1340505E8 7621673.0 14.0
2.13446228E8 7623132.0 14.0
2.13453897E8 7623414.0 14.0
2.13514495E8 7625573.0 14.0
2.13643465E8 7630184.0 14.0
2.13841575E8 7637261.0 14.0
2.1392223E8 7640144.0 14.0
2.14261668E8 7652270.0 14.0
2.1441177E8 7657627.0 14.0
2.14550144E8 7662565.0 14.0
2.14661772E8 7666554.0 14.0
2.14771841E8 7670485.0 14.0
2.15078717E8 7681436.0 14.0
2.15097981E8 7682132.0 14.0
2.151896E8 7685399.0 14.0
2.15240508E8 7687228.0 14.0
2.15342617E8 7690876.0 14.0
2.15635737E8 7701338.0 14.0
2.15635979E8 7701352.0 14.0
2.15839834E8 7708622.0 14.0
2.16829831E8 7743984.0 14.0
2.16872747E8 7745516.0 14.0
2.17245835E8 7758833.0 14.0
2.1743406E8 7765574.0 14.0
2.17560688E8 7770080.0 14.0
2.17702923E8 7775166.0 14.0
2.17769861E8 7777560.0 14.0
2.17797354E8 7778538.0 14.0
2.17940678E8 7783658.0 14.0
2.18050676E8 7787579.0 14.0
2.1843879E8 7801442.0 14.0
2.18973007E8 7820531.0 14.0
2.19598336E8 7842850.0 14.0
2.19699864E8 7846485.0 14.0
2.19817146E8 7850674.0 14.0
2.20589077E8 7878247.0 14.0
2.20917264E8 7889969.0 14.0
2.21166229E8 7898856.0 14.0
2.22238126E8 7937135.0 14.0
2.23387978E8 7978208.0 14.0
2.23780908E8 7992242.0 14.0
2.24790404E8 8028294.0 14.0
2.25589542E8 8056829.0 14.0
2.26999517E8 8107193.0 14.0
2.27224601E8 8115229.0 14.0
2.28047557E8 8144620.0 14.0
2.28572373E8 8163363.0 14.0
2.31672893E8 8274092.0 14.0
