rev4
671861.0 23996.0 14.0
679615.0 24273.0 14.0
679966.0 24286.0 14.0
680483.0 24304.0 14.0
683283.0 24404.0 14.0
685553.0 24485.0 14.0
686587.0 24522.0 14.0
686797.0 24530.0 14.0
689025.0 24609.0 14.0
690787.0 24672.0 14.0
692411.0 24730.0 14.0
693784.0 24779.0 14.0
694189.0 24794.0 14.0
694961.0 24821.0 14.0
695170.0 24829.0 14.0
695338.0 24835.0 14.0
695547.0 24842.0 14.0
695783.0 24851.0 14.0
696724.0 24884.0 14.0
696725.0 24884.0 14.0
697299.0 24905.0 14.0
699833.0 24995.0 14.0
702462.0 25089.0 14.0
702630.0 25095.0 14.0
705740.0 25206.0 14.0
707378.0 25265.0 14.0
707838.0 25281.0 14.0
709689.0 25347.0 14.0
710217.0 25366.0 14.0
711270.0 25404.0 14.0
711422.0 25409.0 14.0
711509.0 25412.0 14.0
713047.0 25467.0 14.0
713244.0 25474.0 14.0
713707.0 25491.0 14.0
713776.0 25493.0 14.0
714196.0 25508.0 14.0
714448.0 25517.0 14.0
714561.0 25521.0 14.0
715201.0 25544.0 14.0
715876.0 25568.0 14.0
716295.0 25583.0 14.0
716297.0 25583.0 14.0
716420.0 25588.0 14.0
716548.0 25592.0 14.0
717229.0 25617.0 14.0
717443.0 25624.0 14.0
717975.0 25643.0 14.0
718201.0 25651.0 14.0
718254.0 25653.0 14.0
718789.0 25672.0 14.0
719432.0 25695.0 14.0
719511.0 25698.0 14.0
723657.0 25846.0 14.0
724121.0 25863.0 14.0
725621.0 25916.0 14.0
725677.0 25918.0 14.0
727019.0 25966.0 14.0
727384.0 25979.0 14.0
727412.0 25980.0 14.0
727637.0 25988.0 14.0
727734.0 25992.0 14.0
728183.0 26008.0 14.0
729959.0 26071.0 14.0
730044.0 26074.0 14.0
730338.0 26085.0 14.0
730338.0 26085.0 14.0
731892.0 26140.0 14.0
732001.0 26144.0 14.0
732452.0 26160.0 14.0
733909.0 26212.0 14.0
736650.0 26310.0 14.0
737477.0 26340.0 14.0
739299.0 26405.0 14.0
739466.0 26411.0 14.0
741998.0 26501.0 14.0
742014.0 26502.0 14.0
744156.0 26578.0 14.0
744520.0 26591.0 14.0
745920.0 26641.0 14.0
747904.0 26712.0 14.0
748189.0 26722.0 14.0
748958.0 26750.0 14.0
753144.0 26899.0 14.0
753718.0 26920.0 14.0
755301.0 26976.0 14.0
757372.0 27050.0 14.0
759752.0 27135.0 14.0
760971.0 27179.0 14.0
761977.0 27215.0 14.0
767703.0 27419.0 14.0
772982.0 27608.0 14.0
776006.0 27716.0 14.0
786941.0 28106.0 14.0
787122.0 28113.0 14.0
794865.0 28389.0 14.0
800548.0 28592.0 14.0
815708.0 29134.0 14.0
816171.0 29150.0 14.0
852377.0 30443.0 14.0
