rev4
925.0 34.0 14.0
953.0 35.0 14.0
981.0 36.0 14.0
1009.0 37.0 14.0
1009.0 37.0 14.0
1009.0 37.0 14.0
1037.0 38.0 14.0
1037.0 38.0 14.0
1037.0 38.0 14.0
1037.0 38.0 14.0
1037.0 38.0 14.0
1037.0 38.0 14.0
1037.0 38.0 14.0
1037.0 38.0 14.0
1037.0 38.0 14.0
1037.0 38.0 14.0
1037.0 38.0 14.0
1065.0 39.0 14.0
1065.0 39.0 14.0
1065.0 39.0 14.0
1065.0 39.0 14.0
1065.0 39.0 14.0
1065.0 39.0 14.0
1093.0 40.0 14.0
1093.0 40.0 14.0
1093.0 40.0 14.0
1093.0 40.0 14.0
1093.0 40.0 14.0
1093.0 40.0 14.0
1121.0 41.0 14.0
1121.0 41.0 14.0
1121.0 41.0 14.0
1121.0 41.0 14.0
1121.0 41.0 14.0
1149.0 42.0 14.0
1149.0 42.0 14.0
1149.0 42.0 14.0
1149.0 42.0 14.0
1149.0 42.0 14.0
1177.0 43.0 14.0
1177.0 43.0 14.0
1177.0 43.0 14.0
1177.0 43.0 14.0
1177.0 43.0 14.0
1177.0 43.0 14.0
1177.0 43.0 14.0
1177.0 43.0 14.0
1177.0 43.0 14.0
1177.0 43.0 14.0
1177.0 43.0 14.0
1177.0 43.0 14.0
1177.0 43.0 14.0
1177.0 43.0 14.0
1177.0 43.0 14.0
1177.0 43.0 14.0
1205.0 44.0 14.0
1205.0 44.0 14.0
1205.0 44.0 14.0
1205.0 44.0 14.0
1205.0 44.0 14.0
1205.0 44.0 14.0
1205.0 44.0 14.0
1205.0 44.0 14.0
1205.0 44.0 14.0
1205.0 44.0 14.0
1205.0 44.0 14.0
1233.0 45.0 14.0
1233.0 45.0 14.0
1233.0 45.0 14.0
1233.0 45.0 14.0
1233.0 45.0 14.0
1233.0 45.0 14.0
1233.0 45.0 14.0
1233.0 45.0 14.0
1233.0 45.0 14.0
1261.0 46.0 14.0
1261.0 46.0 14.0
1261.0 46.0 14.0
1261.0 46.0 14.0
1261.0 46.0 14.0
1261.0 46.0 14.0
1289.0 47.0 14.0
1289.0 47.0 14.0
1289.0 47.0 14.0
1289.0 47.0 14.0
1289.0 47.0 14.0
1289.0 47.0 14.0
1317.0 48.0 14.0
1317.0 48.0 14.0
1317.0 48.0 14.0
1317.0 48.0 14.0
1317.0 48.0 14.0
1317.0 48.0 14.0
1345.0 49.0 14.0
1345.0 49.0 14.0
1373.0 50.0 14.0
1401.0 51.0 14.0
1485.0 54.0 14.0
1513.0 55.0 14.0
1765.0 64.0 14.0
