rev4
820764.0 29314.0 14.0
830675.0 29669.0 14.0
834345.0 29800.0 14.0
837423.0 29909.0 14.0
844971.0 30179.0 14.0
850273.0 30368.0 14.0
855119.0 30541.0 14.0
857977.0 30643.0 14.0
859713.0 30705.0 14.0
861573.0 30772.0 14.0
862342.0 30799.0 14.0
862567.0 30807.0 14.0
863687.0 30847.0 14.0
866740.0 30957.0 14.0
870800.0 31101.0 14.0
871205.0 31116.0 14.0
871444.0 31124.0 14.0
872061.0 31147.0 14.0
873769.0 31207.0 14.0
876566.0 31308.0 14.0
877575.0 31343.0 14.0
882839.0 31531.0 14.0
883023.0 31538.0 14.0
884015.0 31573.0 14.0
886284.0 31654.0 14.0
887209.0 31687.0 14.0
888200.0 31723.0 14.0
888790.0 31744.0 14.0
891097.0 31826.0 14.0
892640.0 31881.0 14.0
892804.0 31887.0 14.0
894023.0 31931.0 14.0
894615.0 31952.0 14.0
894655.0 31953.0 14.0
895021.0 31966.0 14.0
895706.0 31991.0 14.0
896448.0 32017.0 14.0
899962.0 32143.0 14.0
900215.0 32152.0 14.0
900700.0 32169.0 14.0
900867.0 32175.0 14.0
902076.0 32218.0 14.0
902131.0 32220.0 14.0
902692.0 32240.0 14.0
903363.0 32264.0 14.0
903631.0 32274.0 14.0
903756.0 32278.0 14.0
905072.0 32325.0 14.0
906920.0 32391.0 14.0
908124.0 32434.0 14.0
908571.0 32450.0 14.0
911260.0 32546.0 14.0
911652.0 32560.0 14.0
913331.0 32620.0 14.0
914477.0 32661.0 14.0
914747.0 32671.0 14.0
917225.0 32759.0 14.0
917335.0 32763.0 14.0
918189.0 32794.0 14.0
921578.0 32915.0 14.0
922178.0 32936.0 14.0
922698.0 32955.0 14.0
923523.0 32984.0 14.0
924027.0 33002.0 14.0
925174.0 33043.0 14.0
925875.0 33068.0 14.0
926295.0 33083.0 14.0
926856.0 33103.0 14.0
928142.0 33150.0 14.0
928761.0 33171.0 14.0
930635.0 33238.0 14.0
931505.0 33269.0 14.0
931953.0 33285.0 14.0
933100.0 33326.0 14.0
935326.0 33406.0 14.0
935759.0 33421.0 14.0
936740.0 33456.0 14.0
937957.0 33500.0 14.0
939750.0 33564.0 14.0
944802.0 33744.0 14.0
945027.0 33752.0 14.0
947031.0 33824.0 14.0
950936.0 33963.0 14.0
951691.0 33990.0 14.0
951916.0 33998.0 14.0
958608.0 34237.0 14.0
958732.0 34242.0 14.0
961951.0 34357.0 14.0
967566.0 34557.0 14.0
968042.0 34574.0 14.0
974357.0 34800.0 14.0
976664.0 34882.0 14.0
977212.0 34902.0 14.0
984306.0 35155.0 14.0
991341.0 35406.0 14.0
991593.0 35416.0 14.0
1001041.0 35753.0 14.0
1001739.0 35778.0 14.0
1027232.0 36688.0 14.0
1040310.0 37155.0 14.0
