rev4
10949.0 392.0 14.0
11369.0 407.0 14.0
11957.0 428.0 14.0
12181.0 436.0 14.0
12349.0 442.0 14.0
12433.0 445.0 14.0
12573.0 450.0 14.0
12601.0 451.0 14.0
12601.0 451.0 14.0
12629.0 452.0 14.0
12657.0 453.0 14.0
12713.0 455.0 14.0
12741.0 456.0 14.0
12769.0 457.0 14.0
12769.0 457.0 14.0
12769.0 457.0 14.0
12852.0 460.0 14.0
12853.0 460.0 14.0
12881.0 461.0 14.0
12881.0 461.0 14.0
12909.0 462.0 14.0
12909.0 462.0 14.0
12937.0 463.0 14.0
12965.0 464.0 14.0
13021.0 466.0 14.0
13021.0 466.0 14.0
13021.0 466.0 14.0
13133.0 470.0 14.0
13160.0 471.0 14.0
13161.0 471.0 14.0
13161.0 471.0 14.0
13189.0 472.0 14.0
13189.0 472.0 14.0
13217.0 473.0 14.0
13301.0 476.0 14.0
13301.0 476.0 14.0
13329.0 477.0 14.0
13329.0 477.0 14.0
13329.0 477.0 14.0
13357.0 478.0 14.0
13413.0 480.0 14.0
13441.0 481.0 14.0
13497.0 483.0 14.0
13525.0 484.0 14.0
13525.0 484.0 14.0
13525.0 484.0 14.0
13581.0 486.0 14.0
13609.0 487.0 14.0
13665.0 489.0 14.0
13693.0 490.0 14.0
13721.0 491.0 14.0
13749.0 492.0 14.0
13777.0 493.0 14.0
13777.0 493.0 14.0
13777.0 493.0 14.0
13833.0 495.0 14.0
13833.0 495.0 14.0
13861.0 496.0 14.0
13861.0 496.0 14.0
13945.0 499.0 14.0
13973.0 500.0 14.0
14001.0 501.0 14.0
14001.0 501.0 14.0
14029.0 502.0 14.0
14029.0 502.0 14.0
14029.0 502.0 14.0
14057.0 503.0 14.0
14085.0 504.0 14.0
14113.0 505.0 14.0
14141.0 506.0 14.0
14169.0 507.0 14.0
14197.0 508.0 14.0
14197.0 508.0 14.0
14225.0 509.0 14.0
14225.0 509.0 14.0
14281.0 511.0 14.0
14337.0 513.0 14.0
14337.0 513.0 14.0
14337.0 513.0 14.0
14477.0 518.0 14.0
14673.0 525.0 14.0
14757.0 528.0 14.0
14785.0 529.0 14.0
14785.0 529.0 14.0
14785.0 529.0 14.0
14813.0 530.0 14.0
14897.0 533.0 14.0
14981.0 536.0 14.0
15009.0 537.0 14.0
15023.0 538.0 14.0
15093.0 540.0 14.0
15233.0 545.0 14.0
15233.0 545.0 14.0
15345.0 549.0 14.0
15513.0 555.0 14.0
15541.0 556.0 14.0
15597.0 558.0 14.0
15793.0 565.0 14.0
15793.0 565.0 14.0
17865.0 639.0 14.0
