rev4
405833.0 14495.0 14.0
409388.0 14622.0 14.0
415101.0 14826.0 14.0
415576.0 14843.0 14.0
421988.0 15072.0 14.0
422240.0 15081.0 14.0
422409.0 15087.0 14.0
422547.0 15092.0 14.0
423039.0 15110.0 14.0
425601.0 15201.0 14.0
425685.0 15204.0 14.0
427183.0 15258.0 14.0
428555.0 15307.0 14.0
428873.0 15318.0 14.0
429660.0 15346.0 14.0
430431.0 15374.0 14.0
430459.0 15375.0 14.0
430949.0 15392.0 14.0
431003.0 15394.0 14.0
432012.0 15430.0 14.0
432390.0 15444.0 14.0
432545.0 15449.0 14.0
433552.0 15485.0 14.0
434503.0 15519.0 14.0
435849.0 15567.0 14.0
435933.0 15570.0 14.0
436380.0 15586.0 14.0
436759.0 15600.0 14.0
436829.0 15602.0 14.0
437361.0 15621.0 14.0
437890.0 15640.0 14.0
438957.0 15678.0 14.0
439767.0 15707.0 14.0
440161.0 15721.0 14.0
440161.0 15721.0 14.0
440691.0 15740.0 14.0
441099.0 15755.0 14.0
441699.0 15776.0 14.0
441784.0 15779.0 14.0
442354.0 15800.0 14.0
442764.0 15814.0 14.0
443731.0 15849.0 14.0
443969.0 15857.0 14.0
444977.0 15893.0 14.0
445032.0 15895.0 14.0
445089.0 15897.0 14.0
445116.0 15898.0 14.0
446599.0 15951.0 14.0
446934.0 15963.0 14.0
447889.0 15997.0 14.0
448012.0 16002.0 14.0
448113.0 16005.0 14.0
448812.0 16030.0 14.0
449455.0 16053.0 14.0
449508.0 16055.0 14.0
449877.0 16068.0 14.0
449946.0 16071.0 14.0
450408.0 16087.0 14.0
450408.0 16087.0 14.0
450549.0 16092.0 14.0
452088.0 16147.0 14.0
452284.0 16154.0 14.0
452562.0 16164.0 14.0
452676.0 16168.0 14.0
453726.0 16206.0 14.0
453964.0 16214.0 14.0
454257.0 16225.0 14.0
454497.0 16233.0 14.0
454804.0 16244.0 14.0
456260.0 16296.0 14.0
457073.0 16325.0 14.0
458305.0 16369.0 14.0
460461.0 16446.0 14.0
463526.0 16556.0 14.0
463792.0 16565.0 14.0
464241.0 16581.0 14.0
464618.0 16595.0 14.0
465360.0 16621.0 14.0
466381.0 16658.0 14.0
466619.0 16666.0 14.0
466648.0 16667.0 14.0
467769.0 16707.0 14.0
468553.0 16735.0 14.0
469659.0 16775.0 14.0
472613.0 16880.0 14.0
478269.0 17082.0 14.0
478687.0 17097.0 14.0
479204.0 17116.0 14.0
479584.0 17129.0 14.0
481739.0 17206.0 14.0
484876.0 17318.0 14.0
488291.0 17440.0 14.0
488907.0 17462.0 14.0
489076.0 17468.0 14.0
490168.0 17507.0 14.0
491343.0 17549.0 14.0
491537.0 17556.0 14.0
496272.0 17725.0 14.0
504153.0 18007.0 14.0
517635.0 18488.0 14.0
