rev4
3443083.0 122969.0 14.0
3445869.0 123069.0 14.0
3465456.0 123768.0 14.0
3472245.0 124011.0 14.0
3474398.0 124087.0 14.0
3477889.0 124212.0 14.0
3484731.0 124457.0 14.0
3487565.0 124559.0 14.0
3496826.0 124889.0 14.0
3515617.0 125561.0 14.0
3517863.0 125639.0 14.0
3520724.0 125743.0 14.0
3521007.0 125752.0 14.0
3522888.0 125819.0 14.0
3527980.0 126002.0 14.0
3531009.0 126109.0 14.0
3537587.0 126345.0 14.0
3538007.0 126359.0 14.0
3547755.0 126708.0 14.0
3548845.0 126747.0 14.0
3550449.0 126804.0 14.0
3551693.0 126850.0 14.0
3559908.0 127142.0 14.0
3563252.0 127260.0 14.0
3566507.0 127377.0 14.0
3566885.0 127390.0 14.0
3572628.0 127595.0 14.0
3586207.0 128080.0 14.0
3586377.0 128087.0 14.0
3586625.0 128095.0 14.0
3596400.0 128445.0 14.0
3598554.0 128521.0 14.0
3603738.0 128706.0 14.0
3604669.0 128740.0 14.0
3606580.0 128809.0 14.0
3608271.0 128869.0 14.0
3615746.0 129135.0 14.0
3616336.0 129156.0 14.0
3622421.0 129374.0 14.0
3623276.0 129405.0 14.0
3625376.0 129480.0 14.0
3634899.0 129820.0 14.0
3638471.0 129947.0 14.0
3640189.0 130008.0 14.0
3641185.0 130044.0 14.0
3645329.0 130192.0 14.0
3646087.0 130219.0 14.0
3647752.0 130278.0 14.0
3650258.0 130369.0 14.0
3651840.0 130425.0 14.0
3652877.0 130462.0 14.0
3655758.0 130566.0 14.0
3656012.0 130573.0 14.0
3663918.0 130857.0 14.0
3671958.0 131143.0 14.0
3674814.0 131245.0 14.0
3685019.0 131610.0 14.0
3691502.0 131841.0 14.0
3706401.0 132373.0 14.0
3709927.0 132499.0 14.0
3713412.0 132624.0 14.0
3716167.0 132722.0 14.0
3717177.0 132759.0 14.0
3719440.0 132839.0 14.0
3720729.0 132885.0 14.0
3721099.0 132899.0 14.0
3725471.0 133055.0 14.0
3728295.0 133155.0 14.0
3728295.0 133155.0 14.0
3728860.0 133177.0 14.0
3731495.0 133270.0 14.0
3740669.0 133598.0 14.0
3744383.0 133730.0 14.0
3756993.0 134180.0 14.0
3767785.0 134566.0 14.0
3770564.0 134665.0 14.0
3781994.0 135073.0 14.0
3784502.0 135163.0 14.0
3790700.0 135384.0 14.0
3793362.0 135479.0 14.0
3811300.0 136119.0 14.0
3820777.0 136458.0 14.0
3834692.0 136956.0 14.0
3846732.0 137385.0 14.0
3855539.0 137700.0 14.0
3868050.0 138147.0 14.0
3868619.0 138167.0 14.0
3870864.0 138247.0 14.0
3891499.0 138984.0 14.0
3916265.0 139869.0 14.0
3916732.0 139885.0 14.0
3967650.0 141703.0 14.0
3971178.0 141830.0 14.0
3995200.0 142688.0 14.0
4030435.0 143947.0 14.0
4056959.0 144894.0 14.0
4085390.0 145908.0 14.0
4145087.0 148041.0 14.0
4198537.0 149950.0 14.0
4201479.0 150055.0 14.0
