rev4
4.7826931E7 1992890.0 12.0
4.8058246E7 2002531.0 12.0
4.8370338E7 2015533.0 12.0
4.8513114E7 2021493.0 12.0
4.8669566E7 2027999.0 12.0
4.8674576E7 2028211.0 12.0
4.8845021E7 2035305.0 12.0
4.8898176E7 2037517.0 12.0
4.9049873E7 2043845.0 12.0
4.9079E7 2045058.0 12.0
4.914699E7 2047897.0 12.0
4.9204614E7 2050284.0 12.0
4.9219382E7 2050908.0 12.0
4.9360675E7 2056794.0 12.0
4.9387828E7 2057930.0 12.0
4.9395362E7 2058240.0 12.0
4.9395642E7 2058252.0 12.0
4.9521407E7 2063497.0 12.0
4.9534853E7 2064049.0 12.0
4.9569406E7 2065496.0 12.0
4.9728575E7 2072129.0 12.0
4.9750047E7 2073016.0 12.0
4.9780336E7 2074290.0 12.0
4.9785994E7 2074528.0 12.0
4.978849E7 2074624.0 12.0
4.9849807E7 2077178.0 12.0
4.9855534E7 2077420.0 12.0
4.9877862E7 2078341.0 12.0
4.9911972E7 2079761.0 12.0
4.9934941E7 2080725.0 12.0
5.0029558E7 2084667.0 12.0
5.0112854E7 2088131.0 12.0
5.0183504E7 2091084.0 12.0
5.0185645E7 2091181.0 12.0
5.0268745E7 2094639.0 12.0
5.0408355E7 2100454.0 12.0
5.0414954E7 2100725.0 12.0
5.0428827E7 2101300.0 12.0
5.0431123E7 2101409.0 12.0
5.0431784E7 2101428.0 12.0
5.0459462E7 2102572.0 12.0
5.0538446E7 2105878.0 12.0
5.0589772E7 2108014.0 12.0
5.0685114E7 2111987.0 12.0
5.0701036E7 2112655.0 12.0
5.0821839E7 2117688.0 12.0
5.0885785E7 2120347.0 12.0
5.0915806E7 2121596.0 12.0
5.0943896E7 2122766.0 12.0
5.0950928E7 2123054.0 12.0
5.1005094E7 2125317.0 12.0
5.1011741E7 2125586.0 12.0
5.1194696E7 2133206.0 12.0
5.1208376E7 2133775.0 12.0
5.1325528E7 2138673.0 12.0
5.1337363E7 2139170.0 12.0
5.1376467E7 2140801.0 12.0
5.1404501E7 2141960.0 12.0
5.1442018E7 2143519.0 12.0
5.1455803E7 2144090.0 12.0
5.1500055E7 2145943.0 12.0
5.1591085E7 2149735.0 12.0
5.1595639E7 2149926.0 12.0
5.1615825E7 2150764.0 12.0
5.1748947E7 2156310.0 12.0
5.1802456E7 2158544.0 12.0
5.180855E7 2158797.0 12.0
5.181046E7 2158870.0 12.0
5.1878249E7 2161701.0 12.0
5.1888053E7 2162113.0 12.0
5.1895249E7 2162409.0 12.0
5.1928976E7 2163809.0 12.0
5.2043481E7 2168589.0 12.0
5.2072454E7 2169787.0 12.0
5.2101649E7 2171013.0 12.0
5.2133965E7 2172356.0 12.0
5.2266485E7 2177880.0 12.0
5.2270525E7 2178050.0 12.0
5.2297062E7 2179148.0 12.0
5.2359479E7 2181753.0 12.0
5.2372518E7 2182304.0 12.0
5.2432181E7 2184790.0 12.0
5.2445661E7 2185349.0 12.0
5.2482543E7 2186873.0 12.0
5.2489863E7 2187171.0 12.0
5.2886074E7 2203692.0 12.0
5.2994982E7 2208234.0 12.0
5.3065667E7 2211175.0 12.0
5.3283569E7 2220272.0 12.0
5.3336409E7 2222458.0 12.0
5.3398622E7 2225056.0 12.0
5.3648964E7 2235483.0 12.0
5.4449077E7 2268824.0 12.0
5.4700949E7 2279319.0 12.0
5.5010441E7 2292208.0 12.0
5.5494593E7 2312406.0 12.0
5.5867345E7 2327922.0 12.0
5.6279759E7 2345097.0 12.0
5.6414312E7 2350714.0 12.0
5.8150894E7 2423075.0 12.0
