rev2
1057.0 45.0 12.0
1057.0 45.0 12.0
1105.0 47.0 12.0
1129.0 48.0 12.0
1129.0 48.0 12.0
1153.0 49.0 12.0
1177.0 50.0 12.0
1201.0 51.0 12.0
1201.0 51.0 12.0
1201.0 51.0 12.0
1249.0 53.0 12.0
1249.0 53.0 12.0
1249.0 53.0 12.0
1273.0 54.0 12.0
1273.0 54.0 12.0
1273.0 54.0 12.0
1297.0 55.0 12.0
1297.0 55.0 12.0
1297.0 55.0 12.0
1297.0 55.0 12.0
1321.0 56.0 12.0
1321.0 56.0 12.0
1345.0 57.0 12.0
1345.0 57.0 12.0
1345.0 57.0 12.0
1345.0 57.0 12.0
1345.0 57.0 12.0
1345.0 57.0 12.0
1345.0 57.0 12.0
1369.0 58.0 12.0
1369.0 58.0 12.0
1369.0 58.0 12.0
1369.0 58.0 12.0
1393.0 59.0 12.0
1393.0 59.0 12.0
1393.0 59.0 12.0
1393.0 59.0 12.0
1393.0 59.0 12.0
1393.0 59.0 12.0
1393.0 59.0 12.0
1417.0 60.0 12.0
1417.0 60.0 12.0
1417.0 60.0 12.0
1441.0 61.0 12.0
1441.0 61.0 12.0
1441.0 61.0 12.0
1441.0 61.0 12.0
1441.0 61.0 12.0
1441.0 61.0 12.0
1441.0 61.0 12.0
1441.0 61.0 12.0
1465.0 62.0 12.0
1465.0 62.0 12.0
1465.0 62.0 12.0
1465.0 62.0 12.0
1465.0 62.0 12.0
1465.0 62.0 12.0
1465.0 62.0 12.0
1489.0 63.0 12.0
1489.0 63.0 12.0
1489.0 63.0 12.0
1513.0 64.0 12.0
1513.0 64.0 12.0
1513.0 64.0 12.0
1537.0 65.0 12.0
1537.0 65.0 12.0
1537.0 65.0 12.0
1537.0 65.0 12.0
1537.0 65.0 12.0
1561.0 66.0 12.0
1561.0 66.0 12.0
1561.0 66.0 12.0
1561.0 66.0 12.0
1561.0 66.0 12.0
1561.0 66.0 12.0
1585.0 67.0 12.0
1585.0 67.0 12.0
1585.0 67.0 12.0
1585.0 67.0 12.0
1585.0 67.0 12.0
1609.0 68.0 12.0
1633.0 69.0 12.0
1633.0 69.0 12.0
1633.0 69.0 12.0
1657.0 70.0 12.0
1657.0 70.0 12.0
1681.0 71.0 12.0
1681.0 71.0 12.0
1705.0 72.0 12.0
1705.0 72.0 12.0
1729.0 73.0 12.0
1753.0 74.0 12.0
1753.0 74.0 12.0
1753.0 74.0 12.0
1777.0 75.0 12.0
1801.0 76.0 12.0
1825.0 77.0 12.0
1825.0 77.0 12.0
1921.0 81.0 12.0
1969.0 83.0 12.0
