rev2
210433.0 8769.0 12.0
211321.0 8806.0 12.0
212473.0 8854.0 12.0
213673.0 8904.0 12.0
214993.0 8959.0 12.0
215521.0 8981.0 12.0
215545.0 8982.0 12.0
215617.0 8985.0 12.0
216721.0 9031.0 12.0
217633.0 9069.0 12.0
217753.0 9074.0 12.0
218233.0 9094.0 12.0
218785.0 9117.0 12.0
219049.0 9128.0 12.0
219073.0 9129.0 12.0
219073.0 9129.0 12.0
219769.0 9158.0 12.0
219865.0 9162.0 12.0
219889.0 9163.0 12.0
219889.0 9163.0 12.0
220753.0 9199.0 12.0
221161.0 9216.0 12.0
221425.0 9227.0 12.0
221617.0 9235.0 12.0
221977.0 9250.0 12.0
222457.0 9270.0 12.0
222529.0 9273.0 12.0
222553.0 9274.0 12.0
222553.0 9274.0 12.0
222601.0 9276.0 12.0
223009.0 9293.0 12.0
223033.0 9294.0 12.0
223345.0 9307.0 12.0
223489.0 9313.0 12.0
223993.0 9334.0 12.0
224065.0 9337.0 12.0
224209.0 9343.0 12.0
224641.0 9361.0 12.0
225001.0 9376.0 12.0
225049.0 9378.0 12.0
225433.0 9394.0 12.0
225601.0 9401.0 12.0
225601.0 9401.0 12.0
225865.0 9412.0 12.0
226225.0 9427.0 12.0
226297.0 9430.0 12.0
226321.0 9431.0 12.0
226513.0 9439.0 12.0
226681.0 9446.0 12.0
226873.0 9454.0 12.0
227041.0 9461.0 12.0
227041.0 9461.0 12.0
227401.0 9476.0 12.0
227449.0 9478.0 12.0
227785.0 9492.0 12.0
228577.0 9525.0 12.0
229345.0 9557.0 12.0
229441.0 9561.0 12.0
229465.0 9562.0 12.0
229873.0 9579.0 12.0
230185.0 9592.0 12.0
230617.0 9610.0 12.0
230641.0 9611.0 12.0
231385.0 9642.0 12.0
231457.0 9645.0 12.0
231697.0 9655.0 12.0
231793.0 9659.0 12.0
231985.0 9667.0 12.0
232729.0 9698.0 12.0
233905.0 9747.0 12.0
234457.0 9770.0 12.0
235201.0 9801.0 12.0
235465.0 9812.0 12.0
235873.0 9829.0 12.0
236185.0 9842.0 12.0
236329.0 9848.0 12.0
237121.0 9881.0 12.0
237769.0 9908.0 12.0
238777.0 9950.0 12.0
239329.0 9973.0 12.0
240337.0 10015.0 12.0
241945.0 10082.0 12.0
242017.0 10085.0 12.0
242089.0 10088.0 12.0
243385.0 10142.0 12.0
243529.0 10148.0 12.0
243793.0 10159.0 12.0
244321.0 10181.0 12.0
244633.0 10194.0 12.0
244825.0 10202.0 12.0
245161.0 10216.0 12.0
246625.0 10277.0 12.0
247369.0 10308.0 12.0
250705.0 10447.0 12.0
250801.0 10451.0 12.0
255793.0 10659.0 12.0
257185.0 10717.0 12.0
258817.0 10785.0 12.0
259633.0 10819.0 12.0
261649.0 10903.0 12.0
