rev2
1.5936241E7 664011.0 12.0
1.5966793E7 665284.0 12.0
1.6003633E7 666819.0 12.0
1.6012753E7 667199.0 12.0
1.6019977E7 667500.0 12.0
1.6037305E7 668222.0 12.0
1.6039345E7 668307.0 12.0
1.6122769E7 671783.0 12.0
1.6127857E7 671995.0 12.0
1.6128817E7 672035.0 12.0
1.6146289E7 672763.0 12.0
1.6161817E7 673410.0 12.0
1.6162393E7 673434.0 12.0
1.6206385E7 675267.0 12.0
1.6269361E7 677891.0 12.0
1.6298569E7 679108.0 12.0
1.6303273E7 679304.0 12.0
1.6319689E7 679988.0 12.0
1.6329217E7 680385.0 12.0
1.6332217E7 680510.0 12.0
1.6338097E7 680755.0 12.0
1.6359193E7 681634.0 12.0
1.6398313E7 683264.0 12.0
1.6451809E7 685493.0 12.0
1.6479385E7 686642.0 12.0
1.6479913E7 686664.0 12.0
1.6486993E7 686959.0 12.0
1.6502545E7 687607.0 12.0
1.6518553E7 688274.0 12.0
1.6524793E7 688534.0 12.0
1.6556857E7 689870.0 12.0
1.6563265E7 690137.0 12.0
1.6563385E7 690142.0 12.0
1.6578577E7 690775.0 12.0
1.6592113E7 691339.0 12.0
1.6604785E7 691867.0 12.0
1.6618369E7 692433.0 12.0
1.6619761E7 692491.0 12.0
1.6630129E7 692923.0 12.0
1.6658785E7 694117.0 12.0
1.6693057E7 695545.0 12.0
1.6697665E7 695737.0 12.0
1.6699753E7 695824.0 12.0
1.6699825E7 695827.0 12.0
1.6727353E7 696974.0 12.0
1.6729177E7 697050.0 12.0
1.6738825E7 697452.0 12.0
1.6763905E7 698497.0 12.0
1.6785217E7 699385.0 12.0
1.6787209E7 699468.0 12.0
1.6837945E7 701582.0 12.0
1.6841281E7 701721.0 12.0
1.6877401E7 703226.0 12.0
1.6888249E7 703678.0 12.0
1.6910257E7 704595.0 12.0
1.6928929E7 705373.0 12.0
1.6930489E7 705438.0 12.0
1.6943737E7 705990.0 12.0
1.6949545E7 706232.0 12.0
1.7066161E7 711091.0 12.0
1.7069641E7 711236.0 12.0
1.7070409E7 711268.0 12.0
1.7084977E7 711875.0 12.0
1.7085961E7 711916.0 12.0
1.7227249E7 717803.0 12.0
1.7227945E7 717832.0 12.0
1.7247529E7 718648.0 12.0
1.7256985E7 719042.0 12.0
1.7315905E7 721497.0 12.0
1.7331505E7 722147.0 12.0
1.7345977E7 722750.0 12.0
1.7355409E7 723143.0 12.0
1.7381137E7 724215.0 12.0
1.7393137E7 724715.0 12.0
1.7445121E7 726881.0 12.0
1.7450113E7 727089.0 12.0
1.7466625E7 727777.0 12.0
1.7511217E7 729635.0 12.0
1.7528449E7 730353.0 12.0
1.7564161E7 731841.0 12.0
1.7568409E7 732018.0 12.0
1.7578945E7 732457.0 12.0
1.7597857E7 733245.0 12.0
1.7612161E7 733841.0 12.0
1.7639065E7 734962.0 12.0
1.7651449E7 735478.0 12.0
1.7745145E7 739382.0 12.0
1.7757145E7 739882.0 12.0
1.7826145E7 742757.0 12.0
1.7846929E7 743623.0 12.0
1.7915761E7 746491.0 12.0
1.7948713E7 747864.0 12.0
1.8065689E7 752738.0 12.0
1.8180793E7 757534.0 12.0
1.8228049E7 759503.0 12.0
1.8242305E7 760097.0 12.0
1.8292465E7 762187.0 12.0
1.8295321E7 762306.0 12.0
1.8360217E7 765010.0 12.0
1.9642129E7 818423.0 12.0
