rev2
481.0 21.0 12.0
505.0 22.0 12.0
529.0 23.0 12.0
553.0 24.0 12.0
553.0 24.0 12.0
553.0 24.0 12.0
553.0 24.0 12.0
577.0 25.0 12.0
601.0 26.0 12.0
601.0 26.0 12.0
601.0 26.0 12.0
601.0 26.0 12.0
625.0 27.0 12.0
625.0 27.0 12.0
625.0 27.0 12.0
625.0 27.0 12.0
625.0 27.0 12.0
625.0 27.0 12.0
649.0 28.0 12.0
649.0 28.0 12.0
649.0 28.0 12.0
649.0 28.0 12.0
649.0 28.0 12.0
649.0 28.0 12.0
673.0 29.0 12.0
673.0 29.0 12.0
673.0 29.0 12.0
673.0 29.0 12.0
673.0 29.0 12.0
673.0 29.0 12.0
673.0 29.0 12.0
673.0 29.0 12.0
673.0 29.0 12.0
673.0 29.0 12.0
673.0 29.0 12.0
697.0 30.0 12.0
697.0 30.0 12.0
697.0 30.0 12.0
697.0 30.0 12.0
697.0 30.0 12.0
697.0 30.0 12.0
697.0 30.0 12.0
697.0 30.0 12.0
697.0 30.0 12.0
697.0 30.0 12.0
721.0 31.0 12.0
721.0 31.0 12.0
721.0 31.0 12.0
721.0 31.0 12.0
721.0 31.0 12.0
721.0 31.0 12.0
745.0 32.0 12.0
745.0 32.0 12.0
745.0 32.0 12.0
745.0 32.0 12.0
745.0 32.0 12.0
745.0 32.0 12.0
745.0 32.0 12.0
745.0 32.0 12.0
745.0 32.0 12.0
745.0 32.0 12.0
745.0 32.0 12.0
745.0 32.0 12.0
769.0 33.0 12.0
769.0 33.0 12.0
769.0 33.0 12.0
769.0 33.0 12.0
769.0 33.0 12.0
769.0 33.0 12.0
769.0 33.0 12.0
793.0 34.0 12.0
793.0 34.0 12.0
793.0 34.0 12.0
793.0 34.0 12.0
793.0 34.0 12.0
793.0 34.0 12.0
793.0 34.0 12.0
793.0 34.0 12.0
817.0 35.0 12.0
817.0 35.0 12.0
817.0 35.0 12.0
841.0 36.0 12.0
841.0 36.0 12.0
841.0 36.0 12.0
841.0 36.0 12.0
841.0 36.0 12.0
841.0 36.0 12.0
865.0 37.0 12.0
865.0 37.0 12.0
865.0 37.0 12.0
865.0 37.0 12.0
889.0 38.0 12.0
889.0 38.0 12.0
913.0 39.0 12.0
937.0 40.0 12.0
961.0 41.0 12.0
961.0 41.0 12.0
1009.0 43.0 12.0
1009.0 43.0 12.0
1105.0 47.0 12.0
