rev2
872593.0 36359.0 12.0
883969.0 36833.0 12.0
894649.0 37278.0 12.0
901777.0 37575.0 12.0
905065.0 37712.0 12.0
914017.0 38085.0 12.0
914881.0 38121.0 12.0
918289.0 38263.0 12.0
918313.0 38264.0 12.0
919369.0 38308.0 12.0
919609.0 38318.0 12.0
921793.0 38409.0 12.0
923137.0 38465.0 12.0
924265.0 38512.0 12.0
926041.0 38586.0 12.0
926665.0 38612.0 12.0
926737.0 38615.0 12.0
927025.0 38627.0 12.0
927457.0 38645.0 12.0
927697.0 38655.0 12.0
928705.0 38697.0 12.0
929497.0 38730.0 12.0
930337.0 38765.0 12.0
930553.0 38774.0 12.0
931897.0 38830.0 12.0
934081.0 38921.0 12.0
935929.0 38998.0 12.0
936673.0 39029.0 12.0
936769.0 39033.0 12.0
937465.0 39062.0 12.0
938113.0 39089.0 12.0
938353.0 39099.0 12.0
940033.0 39169.0 12.0
940801.0 39201.0 12.0
942121.0 39256.0 12.0
943417.0 39310.0 12.0
943561.0 39316.0 12.0
944473.0 39354.0 12.0
945481.0 39396.0 12.0
946129.0 39423.0 12.0
947401.0 39476.0 12.0
948841.0 39536.0 12.0
950545.0 39607.0 12.0
952441.0 39686.0 12.0
952633.0 39694.0 12.0
954745.0 39782.0 12.0
955873.0 39829.0 12.0
956785.0 39867.0 12.0
956905.0 39872.0 12.0
957169.0 39883.0 12.0
958081.0 39921.0 12.0
958297.0 39930.0 12.0
959209.0 39968.0 12.0
960265.0 40012.0 12.0
961465.0 40062.0 12.0
961801.0 40076.0 12.0
963889.0 40163.0 12.0
968521.0 40356.0 12.0
970969.0 40458.0 12.0
973705.0 40572.0 12.0
975049.0 40628.0 12.0
976801.0 40701.0 12.0
977113.0 40714.0 12.0
977665.0 40737.0 12.0
982441.0 40936.0 12.0
982489.0 40938.0 12.0
982921.0 40956.0 12.0
983233.0 40969.0 12.0
983473.0 40979.0 12.0
983593.0 40984.0 12.0
984145.0 41007.0 12.0
985009.0 41043.0 12.0
989281.0 41221.0 12.0
991657.0 41320.0 12.0
995185.0 41467.0 12.0
996937.0 41540.0 12.0
998377.0 41600.0 12.0
1000729.0 41698.0 12.0
1001329.0 41723.0 12.0
1001401.0 41726.0 12.0
1001545.0 41732.0 12.0
1002817.0 41785.0 12.0
1002913.0 41789.0 12.0
1010329.0 42098.0 12.0
1012225.0 42177.0 12.0
1015249.0 42303.0 12.0
1016281.0 42346.0 12.0
1016929.0 42373.0 12.0
1016953.0 42374.0 12.0
1019161.0 42466.0 12.0
1038625.0 43277.0 12.0
1041697.0 43405.0 12.0
1042129.0 43423.0 12.0
1046041.0 43586.0 12.0
1046689.0 43613.0 12.0
1050745.0 43782.0 12.0
1064473.0 44354.0 12.0
1067833.0 44494.0 12.0
1104313.0 46014.0 12.0
1132897.0 47205.0 12.0
