rev4
2.3247119E7 968685.0 12.0
2.337727E7 974109.0 12.0
2.3569535E7 982108.0 12.0
2.3590014E7 982964.0 12.0
2.3620422E7 984229.0 12.0
2.3675538E7 986532.0 12.0
2.3764235E7 990228.0 12.0
2.3781875E7 990964.0 12.0
2.3805567E7 991946.0 12.0
2.3835242E7 993194.0 12.0
2.3855812E7 994042.0 12.0
2.3876923E7 994919.0 12.0
2.4003818E7 1000212.0 12.0
2.4030326E7 1001310.0 12.0
2.4060095E7 1002561.0 12.0
2.4069181E7 1002925.0 12.0
2.4091164E7 1003848.0 12.0
2.4092386E7 1003904.0 12.0
2.411223E7 1004728.0 12.0
2.4114654E7 1004818.0 12.0
2.4120775E7 1005082.0 12.0
2.4160738E7 1006749.0 12.0
2.4163899E7 1006878.0 12.0
2.4169269E7 1007104.0 12.0
2.4261929E7 1010964.0 12.0
2.4284886E7 1011921.0 12.0
2.4295917E7 1012382.0 12.0
2.4304748E7 1012752.0 12.0
2.4326189E7 1013649.0 12.0
2.4329404E7 1013785.0 12.0
2.4335026E7 1014007.0 12.0
2.4341408E7 1014279.0 12.0
2.4369633E7 1015454.0 12.0
2.4393027E7 1016429.0 12.0
2.4432344E7 1018064.0 12.0
2.4442324E7 1018485.0 12.0
2.4448694E7 1018752.0 12.0
2.4511272E7 1021357.0 12.0
2.4518189E7 1021641.0 12.0
2.4520991E7 1021756.0 12.0
2.453817E7 1022480.0 12.0
2.4568031E7 1023730.0 12.0
2.4597057E7 1024927.0 12.0
2.4692882E7 1028925.0 12.0
2.4701115E7 1029267.0 12.0
2.4711197E7 1029678.0 12.0
2.4717849E7 1029966.0 12.0
2.4740707E7 1030920.0 12.0
2.4782457E7 1032647.0 12.0
2.481685E7 1034078.0 12.0
2.4821687E7 1034295.0 12.0
2.4862086E7 1035968.0 12.0
2.486422E7 1036061.0 12.0
2.4865922E7 1036127.0 12.0
2.4868077E7 1036217.0 12.0
2.4885916E7 1036969.0 12.0
2.4971019E7 1040515.0 12.0
2.5017095E7 1042428.0 12.0
2.5038399E7 1043316.0 12.0
2.5042175E7 1043476.0 12.0
2.5059071E7 1044174.0 12.0
2.5065063E7 1044429.0 12.0
2.5087088E7 1045346.0 12.0
2.5087165E7 1045356.0 12.0
2.5116319E7 1046560.0 12.0
2.5158317E7 1048314.0 12.0
2.5166259E7 1048646.0 12.0
2.5178485E7 1049158.0 12.0
2.5215164E7 1050678.0 12.0
2.5225737E7 1051125.0 12.0
2.5240176E7 1051727.0 12.0
2.5287446E7 1053699.0 12.0
2.5290861E7 1053841.0 12.0
2.529687E7 1054085.0 12.0
2.5301844E7 1054298.0 12.0
2.5385649E7 1057790.0 12.0
2.5430526E7 1059651.0 12.0
2.5444335E7 1060241.0 12.0
2.5652051E7 1068896.0 12.0
2.5703207E7 1071014.0 12.0
2.5709077E7 1071263.0 12.0
2.5743239E7 1072683.0 12.0
2.5745517E7 1072777.0 12.0
2.5770484E7 1073823.0 12.0
2.58417E7 1076790.0 12.0
2.586759E7 1077877.0 12.0
2.6009407E7 1083775.0 12.0
2.6054046E7 1085640.0 12.0
2.6149278E7 1089598.0 12.0
2.6322649E7 1096832.0 12.0
2.6401605E7 1100118.0 12.0
2.6408891E7 1100429.0 12.0
2.6455947E7 1102385.0 12.0
2.6481396E7 1103454.0 12.0
2.6529043E7 1105424.0 12.0
2.6729764E7 1113784.0 12.0
2.6995371E7 1124861.0 12.0
2.6998479E7 1124992.0 12.0
2.7295315E7 1137369.0 12.0
2.7519481E7 1146698.0 12.0
