rev4
2.01450102E8 8394149.0 12.0
2.01513381E8 8396826.0 12.0
2.02383835E8 8433092.0 12.0
2.03447191E8 8477384.0 12.0
2.03755966E8 8490217.0 12.0
2.03984765E8 8499772.0 12.0
2.04947271E8 8539892.0 12.0
2.05214164E8 8551014.0 12.0
2.05288875E8 8554130.0 12.0
2.05358568E8 8557033.0 12.0
2.05425901E8 8559833.0 12.0
2.056289E8 8568291.0 12.0
2.05746137E8 8573166.0 12.0
2.06317231E8 8596953.0 12.0
2.06496794E8 8604456.0 12.0
2.06526285E8 8605696.0 12.0
2.06555942E8 8606930.0 12.0
2.06999081E8 8625375.0 12.0
2.0715701E8 8631970.0 12.0
2.07212233E8 8634261.0 12.0
2.0723409E8 8635172.0 12.0
2.07285553E8 8637333.0 12.0
2.07351394E8 8640056.0 12.0
2.07402396E8 8642205.0 12.0
2.07576193E8 8649433.0 12.0
2.07577273E8 8649502.0 12.0
2.07702788E8 8654691.0 12.0
2.07762438E8 8657187.0 12.0
2.07811253E8 8659248.0 12.0
2.07902735E8 8663050.0 12.0
2.08115187E8 8671901.0 12.0
2.0813705E8 8672794.0 12.0
2.08157601E8 8673657.0 12.0
2.08292915E8 8679309.0 12.0
2.08655035E8 8694397.0 12.0
2.08963169E8 8707220.0 12.0
2.09562798E8 8732216.0 12.0
2.09665911E8 8736505.0 12.0
2.09933574E8 8747640.0 12.0
2.09970589E8 8749203.0 12.0
2.1018777E8 8758268.0 12.0
2.10335602E8 8764415.0 12.0
2.10387707E8 8766585.0 12.0
2.10610156E8 8775867.0 12.0
2.10631589E8 8776743.0 12.0
2.1103526E8 8793601.0 12.0
2.11216813E8 8801131.0 12.0
2.11531966E8 8814280.0 12.0
2.11544889E8 8814815.0 12.0
2.1156575E8 8815698.0 12.0
2.11895331E8 8829402.0 12.0
2.11927589E8 8830736.0 12.0
2.12109279E8 8838286.0 12.0
2.121535E8 8840172.0 12.0
2.12320531E8 8847132.0 12.0
2.12393381E8 8850141.0 12.0
2.12685855E8 8862346.0 12.0
2.1306592E8 8878189.0 12.0
2.13242796E8 8885537.0 12.0
2.13519164E8 8897058.0 12.0
2.13570881E8 8899252.0 12.0
2.14352917E8 8931835.0 12.0
2.14516876E8 8938646.0 12.0
2.1493512E8 8956056.0 12.0
2.15144101E8 8964778.0 12.0
2.152257E8 8968177.0 12.0
2.15381763E8 8974681.0 12.0
2.154057E8 8975688.0 12.0
2.15566333E8 8982344.0 12.0
2.15597356E8 8983662.0 12.0
2.15640706E8 8985461.0 12.0
2.16060994E8 9002988.0 12.0
2.16182111E8 9008062.0 12.0
2.16213904E8 9009368.0 12.0
2.16636704E8 9026987.0 12.0
2.16800764E8 9033831.0 12.0
2.16843276E8 9035585.0 12.0
2.16965083E8 9040677.0 12.0
2.18354183E8 9098556.0 12.0
2.1838275E8 9099717.0 12.0
2.19195491E8 9133597.0 12.0
2.20002428E8 9167228.0 12.0
2.2018838E8 9174972.0 12.0
2.20547464E8 9189934.0 12.0
2.20571988E8 9190959.0 12.0
2.21273415E8 9220174.0 12.0
2.21523151E8 9230581.0 12.0
2.24175429E8 9341111.0 12.0
2.24537715E8 9356186.0 12.0
2.24650616E8 9360892.0 12.0
2.24833105E8 9368536.0 12.0
2.25333932E8 9389367.0 12.0
2.25475741E8 9395322.0 12.0
2.25989852E8 9416709.0 12.0
2.32493093E8 9687683.0 12.0
2.32751838E8 9698472.0 12.0
2.32856982E8 9702833.0 12.0
2.35103504E8 9796467.0 12.0
2.42628696E8 1.0109998E7 12.0
2.56375674E8 1.0682843E7 12.0
