rev4
1813.0 77.0 12.0
1825.0 77.0 12.0
1849.0 78.0 12.0
1873.0 79.0 12.0
1897.0 80.0 12.0
1897.0 80.0 12.0
1921.0 81.0 12.0
1921.0 81.0 12.0
1921.0 81.0 12.0
1921.0 81.0 12.0
1945.0 82.0 12.0
1945.0 82.0 12.0
1945.0 82.0 12.0
1969.0 83.0 12.0
1969.0 83.0 12.0
1993.0 84.0 12.0
2005.0 85.0 12.0
2017.0 85.0 12.0
2017.0 85.0 12.0
2017.0 85.0 12.0
2017.0 85.0 12.0
2017.0 85.0 12.0
2041.0 86.0 12.0
2041.0 86.0 12.0
2041.0 86.0 12.0
2041.0 86.0 12.0
2041.0 86.0 12.0
2065.0 87.0 12.0
2065.0 87.0 12.0
2089.0 88.0 12.0
2089.0 88.0 12.0
2113.0 89.0 12.0
2113.0 89.0 12.0
2113.0 89.0 12.0
2113.0 89.0 12.0
2137.0 90.0 12.0
2137.0 90.0 12.0
2137.0 90.0 12.0
2137.0 90.0 12.0
2137.0 90.0 12.0
2160.0 91.0 12.0
2161.0 91.0 12.0
2161.0 91.0 12.0
2161.0 91.0 12.0
2161.0 91.0 12.0
2185.0 92.0 12.0
2185.0 92.0 12.0
2185.0 92.0 12.0
2185.0 92.0 12.0
2185.0 92.0 12.0
2185.0 92.0 12.0
2209.0 93.0 12.0
2209.0 93.0 12.0
2233.0 94.0 12.0
2233.0 94.0 12.0
2233.0 94.0 12.0
2233.0 94.0 12.0
2233.0 94.0 12.0
2233.0 94.0 12.0
2233.0 94.0 12.0
2257.0 95.0 12.0
2257.0 95.0 12.0
2257.0 95.0 12.0
2257.0 95.0 12.0
2257.0 95.0 12.0
2281.0 96.0 12.0
2281.0 96.0 12.0
2281.0 96.0 12.0
2281.0 96.0 12.0
2304.0 97.0 12.0
2305.0 97.0 12.0
2305.0 97.0 12.0
2305.0 97.0 12.0
2305.0 97.0 12.0
2329.0 98.0 12.0
2329.0 98.0 12.0
2352.0 99.0 12.0
2353.0 99.0 12.0
2353.0 99.0 12.0
2377.0 100.0 12.0
2401.0 101.0 12.0
2401.0 101.0 12.0
2425.0 102.0 12.0
2449.0 103.0 12.0
2473.0 104.0 12.0
2473.0 104.0 12.0
2473.0 104.0 12.0
2497.0 105.0 12.0
2497.0 105.0 12.0
2497.0 105.0 12.0
2521.0 106.0 12.0
2545.0 107.0 12.0
2569.0 108.0 12.0
2593.0 109.0 12.0
2593.0 109.0 12.0
2617.0 110.0 12.0
2641.0 111.0 12.0
2689.0 113.0 12.0
2809.0 118.0 12.0
3121.0 131.0 12.0
