rev2
3769561.0 157066.0 12.0
3785833.0 157744.0 12.0
3794377.0 158100.0 12.0
3799273.0 158304.0 12.0
3802057.0 158420.0 12.0
3810049.0 158753.0 12.0
3833641.0 159736.0 12.0
3841105.0 160047.0 12.0
3843505.0 160147.0 12.0
3847297.0 160305.0 12.0
3857905.0 160747.0 12.0
3864121.0 161006.0 12.0
3866761.0 161116.0 12.0
3868537.0 161190.0 12.0
3877897.0 161580.0 12.0
3886969.0 161958.0 12.0
3904441.0 162686.0 12.0
3905737.0 162740.0 12.0
3919537.0 163315.0 12.0
3928801.0 163701.0 12.0
3935089.0 163963.0 12.0
3955057.0 164795.0 12.0
3963529.0 165148.0 12.0
3964225.0 165177.0 12.0
3964321.0 165181.0 12.0
3967417.0 165310.0 12.0
3969361.0 165391.0 12.0
3974401.0 165601.0 12.0
3978673.0 165779.0 12.0
3987385.0 166142.0 12.0
3987697.0 166155.0 12.0
3996841.0 166536.0 12.0
3999745.0 166657.0 12.0
4010329.0 167098.0 12.0
4012969.0 167208.0 12.0
4013329.0 167223.0 12.0
4017913.0 167414.0 12.0
4017961.0 167416.0 12.0
4023721.0 167656.0 12.0
4040089.0 168338.0 12.0
4051297.0 168805.0 12.0
4053721.0 168906.0 12.0
4055929.0 168998.0 12.0
4056769.0 169033.0 12.0
4065481.0 169396.0 12.0
4068193.0 169509.0 12.0
4073881.0 169746.0 12.0
4076089.0 169838.0 12.0
4084441.0 170186.0 12.0
4090585.0 170442.0 12.0
4093321.0 170556.0 12.0
4094689.0 170613.0 12.0
4099057.0 170795.0 12.0
4105633.0 171069.0 12.0
4115617.0 171485.0 12.0
4119505.0 171647.0 12.0
4120873.0 171704.0 12.0
4121737.0 171740.0 12.0
4122385.0 171767.0 12.0
4123369.0 171808.0 12.0
4130017.0 172085.0 12.0
4131865.0 172162.0 12.0
4132129.0 172173.0 12.0
4134049.0 172253.0 12.0
4137697.0 172405.0 12.0
4140241.0 172511.0 12.0
4140361.0 172516.0 12.0
4141873.0 172579.0 12.0
4141921.0 172581.0 12.0
4161961.0 173416.0 12.0
4171969.0 173833.0 12.0
4182217.0 174260.0 12.0
4191937.0 174665.0 12.0
4192945.0 174707.0 12.0
4195849.0 174828.0 12.0
4197001.0 174876.0 12.0
4200409.0 175018.0 12.0
4202425.0 175102.0 12.0
4205857.0 175245.0 12.0
4210537.0 175440.0 12.0
4215601.0 175651.0 12.0
4217521.0 175731.0 12.0
4220281.0 175846.0 12.0
4230577.0 176275.0 12.0
4236097.0 176505.0 12.0
4239649.0 176653.0 12.0
4245625.0 176902.0 12.0
4251553.0 177149.0 12.0
4262593.0 177609.0 12.0
4277545.0 178232.0 12.0
4288057.0 178670.0 12.0
4328905.0 180372.0 12.0
4334137.0 180590.0 12.0
4338673.0 180779.0 12.0
4409185.0 183717.0 12.0
4417849.0 184078.0 12.0
4432153.0 184674.0 12.0
4438369.0 184933.0 12.0
4441609.0 185068.0 12.0
4758265.0 198262.0 12.0
