rev4
121.0 6.0 12.0
145.0 7.0 12.0
145.0 7.0 12.0
169.0 8.0 12.0
169.0 8.0 12.0
169.0 8.0 12.0
169.0 8.0 12.0
193.0 9.0 12.0
193.0 9.0 12.0
193.0 9.0 12.0
193.0 9.0 12.0
193.0 9.0 12.0
193.0 9.0 12.0
193.0 9.0 12.0
193.0 9.0 12.0
193.0 9.0 12.0
193.0 9.0 12.0
193.0 9.0 12.0
217.0 10.0 12.0
217.0 10.0 12.0
217.0 10.0 12.0
217.0 10.0 12.0
217.0 10.0 12.0
217.0 10.0 12.0
217.0 10.0 12.0
217.0 10.0 12.0
217.0 10.0 12.0
217.0 10.0 12.0
217.0 10.0 12.0
217.0 10.0 12.0
217.0 10.0 12.0
217.0 10.0 12.0
217.0 10.0 12.0
217.0 10.0 12.0
217.0 10.0 12.0
217.0 10.0 12.0
217.0 10.0 12.0
217.0 10.0 12.0
241.0 11.0 12.0
241.0 11.0 12.0
241.0 11.0 12.0
241.0 11.0 12.0
241.0 11.0 12.0
241.0 11.0 12.0
241.0 11.0 12.0
241.0 11.0 12.0
241.0 11.0 12.0
241.0 11.0 12.0
241.0 11.0 12.0
241.0 11.0 12.0
241.0 11.0 12.0
265.0 12.0 12.0
265.0 12.0 12.0
265.0 12.0 12.0
265.0 12.0 12.0
265.0 12.0 12.0
265.0 12.0 12.0
265.0 12.0 12.0
265.0 12.0 12.0
265.0 12.0 12.0
265.0 12.0 12.0
265.0 12.0 12.0
265.0 12.0 12.0
289.0 13.0 12.0
289.0 13.0 12.0
289.0 13.0 12.0
289.0 13.0 12.0
289.0 13.0 12.0
289.0 13.0 12.0
289.0 13.0 12.0
289.0 13.0 12.0
289.0 13.0 12.0
289.0 13.0 12.0
313.0 14.0 12.0
313.0 14.0 12.0
313.0 14.0 12.0
313.0 14.0 12.0
313.0 14.0 12.0
313.0 14.0 12.0
313.0 14.0 12.0
313.0 14.0 12.0
313.0 14.0 12.0
313.0 14.0 12.0
313.0 14.0 12.0
313.0 14.0 12.0
313.0 14.0 12.0
313.0 14.0 12.0
313.0 14.0 12.0
313.0 14.0 12.0
337.0 15.0 12.0
337.0 15.0 12.0
337.0 15.0 12.0
361.0 16.0 12.0
361.0 16.0 12.0
361.0 16.0 12.0
385.0 17.0 12.0
409.0 18.0 12.0
409.0 18.0 12.0
409.0 18.0 12.0
433.0 19.0 12.0
