rev4
1320306.0 55016.0 12.0
1324244.0 55180.0 12.0
1325407.0 55229.0 12.0
1326615.0 55278.0 12.0
1337115.0 55716.0 12.0
1348598.0 56195.0 12.0
1353844.0 56414.0 12.0
1354862.0 56455.0 12.0
1355835.0 56496.0 12.0
1358296.0 56600.0 12.0
1360086.0 56674.0 12.0
1360661.0 56698.0 12.0
1361935.0 56753.0 12.0
1365260.0 56889.0 12.0
1365610.0 56904.0 12.0
1367172.0 56969.0 12.0
1367856.0 56996.0 12.0
1368783.0 57035.0 12.0
1373838.0 57247.0 12.0
1374471.0 57274.0 12.0
1377805.0 57411.0 12.0
1378678.0 57449.0 12.0
1379385.0 57479.0 12.0
1382049.0 57590.0 12.0
1383280.0 57640.0 12.0
1384257.0 57680.0 12.0
1384428.0 57689.0 12.0
1386481.0 57772.0 12.0
1387792.0 57828.0 12.0
1387821.0 57830.0 12.0
1388353.0 57853.0 12.0
1388754.0 57868.0 12.0
1389145.0 57884.0 12.0
1389181.0 57888.0 12.0
1389327.0 57893.0 12.0
1392277.0 58016.0 12.0
1392596.0 58029.0 12.0
1392961.0 58045.0 12.0
1393871.0 58082.0 12.0
1395004.0 58130.0 12.0
1397324.0 58228.0 12.0
1398471.0 58274.0 12.0
1399140.0 58301.0 12.0
1404017.0 58506.0 12.0
1408873.0 58707.0 12.0
1411226.0 58804.0 12.0
1413999.0 58921.0 12.0
1414764.0 58952.0 12.0
1415670.0 58991.0 12.0
1418777.0 59119.0 12.0
1423222.0 59305.0 12.0
1426549.0 59442.0 12.0
1426796.0 59454.0 12.0
1435570.0 59821.0 12.0
1438539.0 59942.0 12.0
1438956.0 59960.0 12.0
1439213.0 59972.0 12.0
1441213.0 60054.0 12.0
1442077.0 60089.0 12.0
1442720.0 60117.0 12.0
1444547.0 60193.0 12.0
1444863.0 60205.0 12.0
1444876.0 60207.0 12.0
1448480.0 60357.0 12.0
1451340.0 60476.0 12.0
1453263.0 60560.0 12.0
1454731.0 60618.0 12.0
1455443.0 60647.0 12.0
1455939.0 60667.0 12.0
1457418.0 60729.0 12.0
1458231.0 60763.0 12.0
1458802.0 60786.0 12.0
1460293.0 60849.0 12.0
1460425.0 60856.0 12.0
1469100.0 61216.0 12.0
1471158.0 61304.0 12.0
1473584.0 61404.0 12.0
1474135.0 61426.0 12.0
1474490.0 61441.0 12.0
1475154.0 61468.0 12.0
1475758.0 61495.0 12.0
1476235.0 61515.0 12.0
1481619.0 61738.0 12.0
1482737.0 61784.0 12.0
1487500.0 61981.0 12.0
1491348.0 62144.0 12.0
1492178.0 62178.0 12.0
1499079.0 62466.0 12.0
1500745.0 62534.0 12.0
1504130.0 62676.0 12.0
1505549.0 62735.0 12.0
1507375.0 62810.0 12.0
1508296.0 62848.0 12.0
1516620.0 63196.0 12.0
1519398.0 63312.0 12.0
1535132.0 63969.0 12.0
1572952.0 65545.0 12.0
1575583.0 65656.0 12.0
1584393.0 66020.0 12.0
1648051.0 68672.0 12.0
