rev4
9.7853986E7 4077454.0 12.0
9.8130564E7 4088981.0 12.0
9.8173214E7 4090745.0 12.0
9.8638279E7 4110130.0 12.0
9.8977704E7 4124280.0 12.0
9.9476001E7 4145054.0 12.0
9.9861273E7 4161094.0 12.0
9.9866322E7 4161292.0 12.0
9.9967157E7 4165510.0 12.0
9.9970217E7 4165626.0 12.0
1.00034789E8 4168314.0 12.0
1.00108028E8 4171370.0 12.0
1.00352969E8 4181561.0 12.0
1.00503135E8 4187846.0 12.0
1.00530676E8 4189003.0 12.0
1.00636221E8 4193371.0 12.0
1.00639845E8 4193539.0 12.0
1.00652678E8 4194068.0 12.0
1.00854202E8 4202474.0 12.0
1.01216065E8 4217544.0 12.0
1.01333015E8 4222428.0 12.0
1.01369908E8 4223966.0 12.0
1.01411891E8 4225705.0 12.0
1.01503828E8 4229520.0 12.0
1.01569506E8 4232280.0 12.0
1.01583495E8 4232858.0 12.0
1.01624796E8 4234576.0 12.0
1.01751985E8 4239885.0 12.0
1.01763727E8 4240373.0 12.0
1.01807024E8 4242177.0 12.0
1.0194531E8 4247934.0 12.0
1.0196829E8 4248874.0 12.0
1.02004606E8 4250399.0 12.0
1.02238229E8 4260132.0 12.0
1.02275722E8 4261712.0 12.0
1.023004E8 4262730.0 12.0
1.02317773E8 4263462.0 12.0
1.02426256E8 4267972.0 12.0
1.02504978E8 4271269.0 12.0
1.02523461E8 4272009.0 12.0
1.02687015E8 4278855.0 12.0
1.02689092E8 4278933.0 12.0
1.02800944E8 4283580.0 12.0
1.02828735E8 4284741.0 12.0
1.03082505E8 4295315.0 12.0
1.03224074E8 4301216.0 12.0
1.03350511E8 4306478.0 12.0
1.03386808E8 4307989.0 12.0
1.03498838E8 4312694.0 12.0
1.03588865E8 4316419.0 12.0
1.03715148E8 4321675.0 12.0
1.03835414E8 4326699.0 12.0
1.03853824E8 4327446.0 12.0
1.03879879E8 4328548.0 12.0
1.03890323E8 4328978.0 12.0
1.04255871E8 4344201.0 12.0
1.04284195E8 4345377.0 12.0
1.0438619E8 4349646.0 12.0
1.0444254E8 4352003.0 12.0
1.04665188E8 4361253.0 12.0
1.04793239E8 4366589.0 12.0
1.0482547E8 4367931.0 12.0
1.05022699E8 4376160.0 12.0
1.052551E8 4385850.0 12.0
1.05383174E8 4391177.0 12.0
1.05474635E8 4394979.0 12.0
1.05643333E8 4402029.0 12.0
1.05817885E8 4409285.0 12.0
1.06263448E8 4427854.0 12.0
1.06403709E8 4433709.0 12.0
1.06525362E8 4438783.0 12.0
1.06765588E8 4448796.0 12.0
1.0693308E8 4455753.0 12.0
1.06937417E8 4455946.0 12.0
1.069758E8 4457540.0 12.0
1.07655535E8 4485882.0 12.0
1.07667791E8 4486379.0 12.0
1.07725047E8 4488760.0 12.0
1.07926867E8 4497161.0 12.0
1.07991182E8 4499851.0 12.0
1.08023948E8 4501223.0 12.0
1.08467882E8 4519724.0 12.0
1.08481753E8 4520281.0 12.0
1.08680094E8 4528566.0 12.0
1.08709093E8 4529761.0 12.0
1.08792932E8 4533265.0 12.0
1.08866508E8 4536337.0 12.0
1.08867062E8 4536351.0 12.0
1.09138815E8 4547686.0 12.0
1.09501426E8 4562792.0 12.0
1.10730027E8 4613983.0 12.0
1.10959074E8 4623532.0 12.0
1.11154628E8 4631658.0 12.0
1.11531183E8 4647364.0 12.0
1.12916066E8 4705068.0 12.0
1.13067011E8 4711377.0 12.0
1.13126804E8 4713850.0 12.0
1.13539912E8 4731061.0 12.0
1.15167633E8 4798889.0 12.0
1.24574557E8 5190861.0 12.0
