rev2
435601.0 18151.0 12.0
438649.0 18278.0 12.0
439033.0 18294.0 12.0
439753.0 18324.0 12.0
439753.0 18324.0 12.0
441217.0 18385.0 12.0
441889.0 18413.0 12.0
443257.0 18470.0 12.0
444121.0 18506.0 12.0
444313.0 18514.0 12.0
445321.0 18556.0 12.0
445321.0 18556.0 12.0
445489.0 18563.0 12.0
447049.0 18628.0 12.0
448273.0 18679.0 12.0
448489.0 18688.0 12.0
448633.0 18694.0 12.0
448753.0 18699.0 12.0
448897.0 18705.0 12.0
449593.0 18734.0 12.0
449761.0 18741.0 12.0
450865.0 18787.0 12.0
451801.0 18826.0 12.0
451825.0 18827.0 12.0
452737.0 18865.0 12.0
452809.0 18868.0 12.0
452929.0 18873.0 12.0
453625.0 18902.0 12.0
453721.0 18906.0 12.0
455761.0 18991.0 12.0
455761.0 18991.0 12.0
456049.0 19003.0 12.0
456337.0 19015.0 12.0
456745.0 19032.0 12.0
457441.0 19061.0 12.0
458473.0 19104.0 12.0
458689.0 19113.0 12.0
459289.0 19138.0 12.0
460537.0 19190.0 12.0
460969.0 19208.0 12.0
461713.0 19239.0 12.0
461737.0 19240.0 12.0
462793.0 19284.0 12.0
463321.0 19306.0 12.0
463777.0 19325.0 12.0
464065.0 19337.0 12.0
464377.0 19350.0 12.0
464521.0 19356.0 12.0
466441.0 19436.0 12.0
466777.0 19450.0 12.0
467065.0 19462.0 12.0
467377.0 19475.0 12.0
468169.0 19508.0 12.0
470137.0 19590.0 12.0
470185.0 19592.0 12.0
470305.0 19597.0 12.0
472129.0 19673.0 12.0
472657.0 19695.0 12.0
472849.0 19703.0 12.0
474025.0 19752.0 12.0
474673.0 19779.0 12.0
475105.0 19797.0 12.0
475393.0 19809.0 12.0
477769.0 19908.0 12.0
477961.0 19916.0 12.0
480001.0 20001.0 12.0
481033.0 20044.0 12.0
481081.0 20046.0 12.0
481537.0 20065.0 12.0
481705.0 20072.0 12.0
482881.0 20121.0 12.0
482977.0 20125.0 12.0
483865.0 20162.0 12.0
484393.0 20184.0 12.0
484609.0 20193.0 12.0
484633.0 20194.0 12.0
485209.0 20218.0 12.0
485905.0 20247.0 12.0
487489.0 20313.0 12.0
487993.0 20334.0 12.0
488401.0 20351.0 12.0
488929.0 20373.0 12.0
489529.0 20398.0 12.0
490537.0 20440.0 12.0
490729.0 20448.0 12.0
493681.0 20571.0 12.0
494281.0 20596.0 12.0
494473.0 20604.0 12.0
495769.0 20658.0 12.0
496441.0 20686.0 12.0
497905.0 20747.0 12.0
498313.0 20764.0 12.0
499705.0 20822.0 12.0
500185.0 20842.0 12.0
500497.0 20855.0 12.0
501313.0 20889.0 12.0
504265.0 21012.0 12.0
507697.0 21155.0 12.0
519001.0 21626.0 12.0
561121.0 23381.0 12.0
