rev2
97729.0 4073.0 12.0
100609.0 4193.0 12.0
101569.0 4233.0 12.0
101785.0 4242.0 12.0
102121.0 4256.0 12.0
102217.0 4260.0 12.0
102337.0 4265.0 12.0
102481.0 4271.0 12.0
103921.0 4331.0 12.0
104737.0 4365.0 12.0
105001.0 4376.0 12.0
105145.0 4382.0 12.0
105241.0 4386.0 12.0
105289.0 4388.0 12.0
105649.0 4403.0 12.0
105841.0 4411.0 12.0
105889.0 4413.0 12.0
106057.0 4420.0 12.0
106105.0 4422.0 12.0
106249.0 4428.0 12.0
106561.0 4441.0 12.0
106585.0 4442.0 12.0
106633.0 4444.0 12.0
106921.0 4456.0 12.0
106969.0 4458.0 12.0
106969.0 4458.0 12.0
107065.0 4462.0 12.0
107329.0 4473.0 12.0
107353.0 4474.0 12.0
107497.0 4480.0 12.0
107689.0 4488.0 12.0
107713.0 4489.0 12.0
107833.0 4494.0 12.0
108145.0 4507.0 12.0
108337.0 4515.0 12.0
108361.0 4516.0 12.0
108385.0 4517.0 12.0
108409.0 4518.0 12.0
108505.0 4522.0 12.0
108553.0 4524.0 12.0
108673.0 4529.0 12.0
108793.0 4534.0 12.0
108841.0 4536.0 12.0
108889.0 4538.0 12.0
108985.0 4542.0 12.0
109105.0 4547.0 12.0
109153.0 4549.0 12.0
109177.0 4550.0 12.0
109249.0 4553.0 12.0
109297.0 4555.0 12.0
109609.0 4568.0 12.0
109777.0 4575.0 12.0
109849.0 4578.0 12.0
109969.0 4583.0 12.0
110161.0 4591.0 12.0
110305.0 4597.0 12.0
110857.0 4620.0 12.0
110977.0 4625.0 12.0
110977.0 4625.0 12.0
111121.0 4631.0 12.0
111169.0 4633.0 12.0
111769.0 4658.0 12.0
112393.0 4684.0 12.0
112465.0 4687.0 12.0
112561.0 4691.0 12.0
112633.0 4694.0 12.0
112801.0 4701.0 12.0
112825.0 4702.0 12.0
113041.0 4711.0 12.0
113113.0 4714.0 12.0
113377.0 4725.0 12.0
113593.0 4734.0 12.0
113953.0 4749.0 12.0
113977.0 4750.0 12.0
114025.0 4752.0 12.0
114049.0 4753.0 12.0
114049.0 4753.0 12.0
114169.0 4758.0 12.0
114625.0 4777.0 12.0
115537.0 4815.0 12.0
115609.0 4818.0 12.0
115897.0 4830.0 12.0
115897.0 4830.0 12.0
115921.0 4831.0 12.0
116161.0 4841.0 12.0
116209.0 4843.0 12.0
116305.0 4847.0 12.0
116881.0 4871.0 12.0
117409.0 4893.0 12.0
118417.0 4935.0 12.0
119017.0 4960.0 12.0
119449.0 4978.0 12.0
120073.0 5004.0 12.0
120313.0 5014.0 12.0
120385.0 5017.0 12.0
122353.0 5099.0 12.0
122593.0 5109.0 12.0
123433.0 5144.0 12.0
125929.0 5248.0 12.0
128257.0 5345.0 12.0
