rev2
7755529.0 323148.0 12.0
7763497.0 323480.0 12.0
7767169.0 323633.0 12.0
7787785.0 324492.0 12.0
7789777.0 324575.0 12.0
7790617.0 324610.0 12.0
7796953.0 324874.0 12.0
7822201.0 325926.0 12.0
7833409.0 326393.0 12.0
7857601.0 327401.0 12.0
7858609.0 327443.0 12.0
7866457.0 327770.0 12.0
7870705.0 327947.0 12.0
7883977.0 328500.0 12.0
7888393.0 328684.0 12.0
7905337.0 329390.0 12.0
7909825.0 329577.0 12.0
7932985.0 330542.0 12.0
7934929.0 330623.0 12.0
7936969.0 330708.0 12.0
7940857.0 330870.0 12.0
7945057.0 331045.0 12.0
7962289.0 331763.0 12.0
7983481.0 332646.0 12.0
7983937.0 332665.0 12.0
7994737.0 333115.0 12.0
7996441.0 333186.0 12.0
8004001.0 333501.0 12.0
8009329.0 333723.0 12.0
8016025.0 334002.0 12.0
8023225.0 334302.0 12.0
8023585.0 334317.0 12.0
8031193.0 334634.0 12.0
8044177.0 335175.0 12.0
8073625.0 336402.0 12.0
8075137.0 336465.0 12.0
8079049.0 336628.0 12.0
8090425.0 337102.0 12.0
8090593.0 337109.0 12.0
8091913.0 337164.0 12.0
8096113.0 337339.0 12.0
8097049.0 337378.0 12.0
8111545.0 337982.0 12.0
8112697.0 338030.0 12.0
8113465.0 338062.0 12.0
8116753.0 338199.0 12.0
8138641.0 339111.0 12.0
8140489.0 339188.0 12.0
8153449.0 339728.0 12.0
8160721.0 340031.0 12.0
8167129.0 340298.0 12.0
8168065.0 340337.0 12.0
8169505.0 340397.0 12.0
8175145.0 340632.0 12.0
8190649.0 341278.0 12.0
8196001.0 341501.0 12.0
8203609.0 341818.0 12.0
8222617.0 342610.0 12.0
8233705.0 343072.0 12.0
8238481.0 343271.0 12.0
8239417.0 343310.0 12.0
8248729.0 343698.0 12.0
8257417.0 344060.0 12.0
8270545.0 344607.0 12.0
8277433.0 344894.0 12.0
8284921.0 345206.0 12.0
8289745.0 345407.0 12.0
8294137.0 345590.0 12.0
8296105.0 345672.0 12.0
8318209.0 346593.0 12.0
8320993.0 346709.0 12.0
8331217.0 347135.0 12.0
8331649.0 347153.0 12.0
8344009.0 347668.0 12.0
8349745.0 347907.0 12.0
8357761.0 348241.0 12.0
8400169.0 350008.0 12.0
8408401.0 350351.0 12.0
8445481.0 351896.0 12.0
8454793.0 352284.0 12.0
8475985.0 353167.0 12.0
8488801.0 353701.0 12.0
8517145.0 354882.0 12.0
8524969.0 355208.0 12.0
8535817.0 355660.0 12.0
8538745.0 355782.0 12.0
8555641.0 356486.0 12.0
8564137.0 356840.0 12.0
8620681.0 359196.0 12.0
8632369.0 359683.0 12.0
8656369.0 360683.0 12.0
8703841.0 362661.0 12.0
8709889.0 362913.0 12.0
8847433.0 368644.0 12.0
8892337.0 370515.0 12.0
9019873.0 375829.0 12.0
9034465.0 376437.0 12.0
9202393.0 383434.0 12.0
9259753.0 385824.0 12.0
9302737.0 387615.0 12.0
