rev4
8089.0 338.0 12.0
8257.0 345.0 12.0
8329.0 348.0 12.0
8377.0 350.0 12.0
8401.0 351.0 12.0
8449.0 353.0 12.0
8449.0 353.0 12.0
8473.0 354.0 12.0
8497.0 355.0 12.0
8557.0 358.0 12.0
8592.0 359.0 12.0
8593.0 359.0 12.0
8617.0 360.0 12.0
8641.0 361.0 12.0
8641.0 361.0 12.0
8665.0 362.0 12.0
8713.0 364.0 12.0
8713.0 364.0 12.0
8736.0 365.0 12.0
8761.0 366.0 12.0
8761.0 366.0 12.0
8832.0 369.0 12.0
8833.0 369.0 12.0
8833.0 369.0 12.0
8857.0 370.0 12.0
8905.0 372.0 12.0
8905.0 372.0 12.0
8929.0 373.0 12.0
8977.0 375.0 12.0
8977.0 375.0 12.0
8977.0 375.0 12.0
9001.0 376.0 12.0
9025.0 377.0 12.0
9025.0 377.0 12.0
9025.0 377.0 12.0
9049.0 378.0 12.0
9049.0 378.0 12.0
9073.0 379.0 12.0
9097.0 380.0 12.0
9097.0 380.0 12.0
9097.0 380.0 12.0
9121.0 381.0 12.0
9145.0 382.0 12.0
9193.0 384.0 12.0
9217.0 385.0 12.0
9217.0 385.0 12.0
9217.0 385.0 12.0
9241.0 386.0 12.0
9241.0 386.0 12.0
9241.0 386.0 12.0
9265.0 387.0 12.0
9265.0 387.0 12.0
9265.0 387.0 12.0
9337.0 390.0 12.0
9337.0 390.0 12.0
9337.0 390.0 12.0
9337.0 390.0 12.0
9359.0 391.0 12.0
9361.0 391.0 12.0
9373.0 392.0 12.0
9409.0 393.0 12.0
9433.0 394.0 12.0
9445.0 395.0 12.0
9457.0 395.0 12.0
9457.0 395.0 12.0
9480.0 396.0 12.0
9481.0 396.0 12.0
9529.0 398.0 12.0
9553.0 399.0 12.0
9577.0 400.0 12.0
9625.0 402.0 12.0
9625.0 402.0 12.0
9649.0 403.0 12.0
9673.0 404.0 12.0
9697.0 405.0 12.0
9721.0 406.0 12.0
9721.0 406.0 12.0
9745.0 407.0 12.0
9745.0 407.0 12.0
9745.0 407.0 12.0
9769.0 408.0 12.0
9865.0 412.0 12.0
9865.0 412.0 12.0
9889.0 413.0 12.0
9937.0 415.0 12.0
9961.0 416.0 12.0
9985.0 417.0 12.0
10057.0 420.0 12.0
10080.0 421.0 12.0
10129.0 423.0 12.0
10177.0 425.0 12.0
10225.0 427.0 12.0
10248.0 428.0 12.0
10321.0 431.0 12.0
10537.0 440.0 12.0
10561.0 441.0 12.0
10633.0 444.0 12.0
10657.0 445.0 12.0
10849.0 453.0 12.0
11713.0 489.0 12.0
