rev2
48577.0 2025.0 12.0
48601.0 2026.0 12.0
49345.0 2057.0 12.0
49513.0 2064.0 12.0
49681.0 2071.0 12.0
49873.0 2079.0 12.0
49969.0 2083.0 12.0
50185.0 2092.0 12.0
50209.0 2093.0 12.0
50233.0 2094.0 12.0
50353.0 2099.0 12.0
50377.0 2100.0 12.0
50449.0 2103.0 12.0
50473.0 2104.0 12.0
50569.0 2108.0 12.0
50593.0 2109.0 12.0
50737.0 2115.0 12.0
50785.0 2117.0 12.0
50785.0 2117.0 12.0
50929.0 2123.0 12.0
51025.0 2127.0 12.0
51073.0 2129.0 12.0
51217.0 2135.0 12.0
51313.0 2139.0 12.0
51337.0 2140.0 12.0
51457.0 2145.0 12.0
51481.0 2146.0 12.0
51577.0 2150.0 12.0
51649.0 2153.0 12.0
51745.0 2157.0 12.0
51769.0 2158.0 12.0
51793.0 2159.0 12.0
51889.0 2163.0 12.0
52105.0 2172.0 12.0
52153.0 2174.0 12.0
52177.0 2175.0 12.0
52273.0 2179.0 12.0
52297.0 2180.0 12.0
52417.0 2185.0 12.0
52417.0 2185.0 12.0
52417.0 2185.0 12.0
52633.0 2194.0 12.0
52729.0 2198.0 12.0
52729.0 2198.0 12.0
52753.0 2199.0 12.0
52849.0 2203.0 12.0
52921.0 2206.0 12.0
52945.0 2207.0 12.0
53161.0 2216.0 12.0
53233.0 2219.0 12.0
53281.0 2221.0 12.0
53353.0 2224.0 12.0
53449.0 2228.0 12.0
53497.0 2230.0 12.0
53497.0 2230.0 12.0
53545.0 2232.0 12.0
53569.0 2233.0 12.0
53665.0 2237.0 12.0
53713.0 2239.0 12.0
53881.0 2246.0 12.0
54001.0 2251.0 12.0
54097.0 2255.0 12.0
54193.0 2259.0 12.0
54265.0 2262.0 12.0
54385.0 2267.0 12.0
54457.0 2270.0 12.0
54505.0 2272.0 12.0
54601.0 2276.0 12.0
55081.0 2296.0 12.0
55081.0 2296.0 12.0
55129.0 2298.0 12.0
55177.0 2300.0 12.0
55369.0 2308.0 12.0
55441.0 2311.0 12.0
55489.0 2313.0 12.0
55537.0 2315.0 12.0
55609.0 2318.0 12.0
55657.0 2320.0 12.0
55801.0 2326.0 12.0
55993.0 2334.0 12.0
56257.0 2345.0 12.0
56665.0 2362.0 12.0
56689.0 2363.0 12.0
56737.0 2365.0 12.0
56857.0 2370.0 12.0
56953.0 2374.0 12.0
56953.0 2374.0 12.0
57049.0 2378.0 12.0
57169.0 2383.0 12.0
57313.0 2389.0 12.0
57553.0 2399.0 12.0
57697.0 2405.0 12.0
58561.0 2441.0 12.0
58609.0 2443.0 12.0
58633.0 2444.0 12.0
58969.0 2458.0 12.0
59545.0 2482.0 12.0
60721.0 2531.0 12.0
64201.0 2676.0 12.0
65017.0 2710.0 12.0
