rev2
5233.0 219.0 12.0
5305.0 222.0 12.0
5377.0 225.0 12.0
5425.0 227.0 12.0
5449.0 228.0 12.0
5497.0 230.0 12.0
5545.0 232.0 12.0
5569.0 233.0 12.0
5569.0 233.0 12.0
5593.0 234.0 12.0
5641.0 236.0 12.0
5665.0 237.0 12.0
5689.0 238.0 12.0
5713.0 239.0 12.0
5713.0 239.0 12.0
5737.0 240.0 12.0
5737.0 240.0 12.0
5737.0 240.0 12.0
5761.0 241.0 12.0
5761.0 241.0 12.0
5785.0 242.0 12.0
5785.0 242.0 12.0
5809.0 243.0 12.0
5833.0 244.0 12.0
5833.0 244.0 12.0
5857.0 245.0 12.0
5881.0 246.0 12.0
5881.0 246.0 12.0
5905.0 247.0 12.0
5905.0 247.0 12.0
5905.0 247.0 12.0
5929.0 248.0 12.0
5929.0 248.0 12.0
5953.0 249.0 12.0
6001.0 251.0 12.0
6001.0 251.0 12.0
6025.0 252.0 12.0
6049.0 253.0 12.0
6049.0 253.0 12.0
6073.0 254.0 12.0
6073.0 254.0 12.0
6097.0 255.0 12.0
6097.0 255.0 12.0
6121.0 256.0 12.0
6121.0 256.0 12.0
6121.0 256.0 12.0
6121.0 256.0 12.0
6145.0 257.0 12.0
6145.0 257.0 12.0
6169.0 258.0 12.0
6169.0 258.0 12.0
6169.0 258.0 12.0
6169.0 258.0 12.0
6169.0 258.0 12.0
6169.0 258.0 12.0
6193.0 259.0 12.0
6193.0 259.0 12.0
6193.0 259.0 12.0
6217.0 260.0 12.0
6217.0 260.0 12.0
6217.0 260.0 12.0
6217.0 260.0 12.0
6241.0 261.0 12.0
6265.0 262.0 12.0
6265.0 262.0 12.0
6289.0 263.0 12.0
6289.0 263.0 12.0
6313.0 264.0 12.0
6313.0 264.0 12.0
6313.0 264.0 12.0
6313.0 264.0 12.0
6337.0 265.0 12.0
6337.0 265.0 12.0
6337.0 265.0 12.0
6337.0 265.0 12.0
6361.0 266.0 12.0
6361.0 266.0 12.0
6385.0 267.0 12.0
6409.0 268.0 12.0
6409.0 268.0 12.0
6409.0 268.0 12.0
6409.0 268.0 12.0
6553.0 274.0 12.0
6649.0 278.0 12.0
6649.0 278.0 12.0
6673.0 279.0 12.0
6673.0 279.0 12.0
6721.0 281.0 12.0
6793.0 284.0 12.0
6817.0 285.0 12.0
6865.0 287.0 12.0
6865.0 287.0 12.0
6889.0 288.0 12.0
6937.0 290.0 12.0
7033.0 294.0 12.0
7105.0 297.0 12.0
7345.0 307.0 12.0
7585.0 317.0 12.0
8089.0 338.0 12.0
8953.0 374.0 12.0
