rev4
10417.0 435.0 12.0
10825.0 452.0 12.0
10873.0 454.0 12.0
10896.0 455.0 12.0
11017.0 460.0 12.0
11017.0 460.0 12.0
11209.0 468.0 12.0
11233.0 469.0 12.0
11305.0 472.0 12.0
11353.0 474.0 12.0
11569.0 483.0 12.0
11593.0 484.0 12.0
11617.0 485.0 12.0
11641.0 486.0 12.0
11761.0 491.0 12.0
11761.0 491.0 12.0
11784.0 492.0 12.0
11785.0 492.0 12.0
11785.0 492.0 12.0
11806.0 493.0 12.0
11809.0 493.0 12.0
11880.0 496.0 12.0
11881.0 496.0 12.0
11881.0 496.0 12.0
11893.0 497.0 12.0
11929.0 498.0 12.0
11977.0 500.0 12.0
12073.0 504.0 12.0
12096.0 505.0 12.0
12097.0 505.0 12.0
12097.0 505.0 12.0
12121.0 506.0 12.0
12121.0 506.0 12.0
12145.0 507.0 12.0
12216.0 510.0 12.0
12217.0 510.0 12.0
12240.0 511.0 12.0
12241.0 511.0 12.0
12265.0 512.0 12.0
12289.0 513.0 12.0
12289.0 513.0 12.0
12289.0 513.0 12.0
12337.0 515.0 12.0
12385.0 517.0 12.0
12409.0 518.0 12.0
12433.0 519.0 12.0
12457.0 520.0 12.0
12505.0 522.0 12.0
12577.0 525.0 12.0
12601.0 526.0 12.0
12601.0 526.0 12.0
12624.0 527.0 12.0
12625.0 527.0 12.0
12625.0 527.0 12.0
12673.0 529.0 12.0
12817.0 535.0 12.0
12985.0 542.0 12.0
13009.0 543.0 12.0
13081.0 546.0 12.0
13081.0 546.0 12.0
13081.0 546.0 12.0
13105.0 547.0 12.0
13153.0 549.0 12.0
13201.0 551.0 12.0
13297.0 555.0 12.0
13297.0 555.0 12.0
13343.0 557.0 12.0
13380.0 559.0 12.0
13440.0 561.0 12.0
13441.0 561.0 12.0
13441.0 561.0 12.0
13489.0 563.0 12.0
13513.0 564.0 12.0
13537.0 565.0 12.0
13537.0 565.0 12.0
13609.0 568.0 12.0
13609.0 568.0 12.0
13632.0 569.0 12.0
13657.0 570.0 12.0
13825.0 577.0 12.0
13897.0 580.0 12.0
14017.0 585.0 12.0
14041.0 586.0 12.0
14089.0 588.0 12.0
14089.0 588.0 12.0
14161.0 591.0 12.0
14305.0 597.0 12.0
14353.0 599.0 12.0
14377.0 600.0 12.0
14425.0 602.0 12.0
14545.0 607.0 12.0
14641.0 611.0 12.0
14737.0 615.0 12.0
15481.0 646.0 12.0
16009.0 668.0 12.0
16225.0 677.0 12.0
16273.0 679.0 12.0
16873.0 704.0 12.0
16945.0 707.0 12.0
18529.0 773.0 12.0
