rev2
60337.0 2515.0 12.0
60745.0 2532.0 12.0
61153.0 2549.0 12.0
61297.0 2555.0 12.0
61705.0 2572.0 12.0
61801.0 2576.0 12.0
61921.0 2581.0 12.0
61969.0 2583.0 12.0
62593.0 2609.0 12.0
62833.0 2619.0 12.0
63049.0 2628.0 12.0
63049.0 2628.0 12.0
63265.0 2637.0 12.0
63505.0 2647.0 12.0
63649.0 2653.0 12.0
63913.0 2664.0 12.0
64417.0 2685.0 12.0
64729.0 2698.0 12.0
65017.0 2710.0 12.0
65137.0 2715.0 12.0
65185.0 2717.0 12.0
65425.0 2727.0 12.0
65497.0 2730.0 12.0
65593.0 2734.0 12.0
65857.0 2745.0 12.0
66073.0 2754.0 12.0
66289.0 2763.0 12.0
66361.0 2766.0 12.0
66385.0 2767.0 12.0
66577.0 2775.0 12.0
66601.0 2776.0 12.0
66649.0 2778.0 12.0
66649.0 2778.0 12.0
66697.0 2780.0 12.0
66913.0 2789.0 12.0
66913.0 2789.0 12.0
66937.0 2790.0 12.0
67249.0 2803.0 12.0
67321.0 2806.0 12.0
67489.0 2813.0 12.0
68017.0 2835.0 12.0
68089.0 2838.0 12.0
68113.0 2839.0 12.0
68305.0 2847.0 12.0
68377.0 2850.0 12.0
68497.0 2855.0 12.0
68545.0 2857.0 12.0
68593.0 2859.0 12.0
68929.0 2873.0 12.0
69313.0 2889.0 12.0
69361.0 2891.0 12.0
69409.0 2893.0 12.0
69553.0 2899.0 12.0
69577.0 2900.0 12.0
69721.0 2906.0 12.0
69841.0 2911.0 12.0
69937.0 2915.0 12.0
70201.0 2926.0 12.0
70297.0 2930.0 12.0
71641.0 2986.0 12.0
71737.0 2990.0 12.0
71785.0 2992.0 12.0
71953.0 2999.0 12.0
71977.0 3000.0 12.0
72145.0 3007.0 12.0
72193.0 3009.0 12.0
72217.0 3010.0 12.0
72241.0 3011.0 12.0
72361.0 3016.0 12.0
72865.0 3037.0 12.0
73297.0 3055.0 12.0
73489.0 3063.0 12.0
73513.0 3064.0 12.0
73825.0 3077.0 12.0
73825.0 3077.0 12.0
73969.0 3083.0 12.0
74353.0 3099.0 12.0
74545.0 3107.0 12.0
74785.0 3117.0 12.0
74809.0 3118.0 12.0
75097.0 3130.0 12.0
75193.0 3134.0 12.0
75481.0 3146.0 12.0
75697.0 3155.0 12.0
76633.0 3194.0 12.0
76825.0 3202.0 12.0
76849.0 3203.0 12.0
77401.0 3226.0 12.0
77833.0 3244.0 12.0
78361.0 3266.0 12.0
79321.0 3306.0 12.0
79489.0 3313.0 12.0
79777.0 3325.0 12.0
80785.0 3367.0 12.0
81553.0 3399.0 12.0
81721.0 3406.0 12.0
81841.0 3411.0 12.0
85009.0 3543.0 12.0
87889.0 3663.0 12.0
98305.0 4097.0 12.0
