rev4
4777.0 200.0 12.0
5113.0 214.0 12.0
5257.0 220.0 12.0
5377.0 225.0 12.0
5401.0 226.0 12.0
5401.0 226.0 12.0
5425.0 227.0 12.0
5449.0 228.0 12.0
5473.0 229.0 12.0
5497.0 230.0 12.0
5497.0 230.0 12.0
5545.0 232.0 12.0
5545.0 232.0 12.0
5545.0 232.0 12.0
5569.0 233.0 12.0
5593.0 234.0 12.0
5617.0 235.0 12.0
5617.0 235.0 12.0
5641.0 236.0 12.0
5689.0 238.0 12.0
5713.0 239.0 12.0
5761.0 241.0 12.0
5761.0 241.0 12.0
5761.0 241.0 12.0
5785.0 242.0 12.0
5785.0 242.0 12.0
5808.0 243.0 12.0
5809.0 243.0 12.0
5809.0 243.0 12.0
5809.0 243.0 12.0
5857.0 245.0 12.0
5857.0 245.0 12.0
5880.0 246.0 12.0
5905.0 247.0 12.0
5905.0 247.0 12.0
5905.0 247.0 12.0
5928.0 248.0 12.0
5953.0 249.0 12.0
5953.0 249.0 12.0
5953.0 249.0 12.0
5976.0 250.0 12.0
5977.0 250.0 12.0
5977.0 250.0 12.0
6001.0 251.0 12.0
6001.0 251.0 12.0
6025.0 252.0 12.0
6025.0 252.0 12.0
6025.0 252.0 12.0
6049.0 253.0 12.0
6094.0 255.0 12.0
6097.0 255.0 12.0
6097.0 255.0 12.0
6097.0 255.0 12.0
6121.0 256.0 12.0
6193.0 259.0 12.0
6193.0 259.0 12.0
6193.0 259.0 12.0
6241.0 261.0 12.0
6265.0 262.0 12.0
6289.0 263.0 12.0
6313.0 264.0 12.0
6337.0 265.0 12.0
6361.0 266.0 12.0
6361.0 266.0 12.0
6384.0 267.0 12.0
6385.0 267.0 12.0
6409.0 268.0 12.0
6433.0 269.0 12.0
6457.0 270.0 12.0
6481.0 271.0 12.0
6481.0 271.0 12.0
6505.0 272.0 12.0
6553.0 274.0 12.0
6577.0 275.0 12.0
6577.0 275.0 12.0
6649.0 278.0 12.0
6673.0 279.0 12.0
6721.0 281.0 12.0
6817.0 285.0 12.0
6841.0 286.0 12.0
6841.0 286.0 12.0
6841.0 286.0 12.0
6937.0 290.0 12.0
6961.0 291.0 12.0
7033.0 294.0 12.0
7033.0 294.0 12.0
7033.0 294.0 12.0
7081.0 296.0 12.0
7105.0 297.0 12.0
7129.0 298.0 12.0
7201.0 301.0 12.0
7201.0 301.0 12.0
7225.0 302.0 12.0
7249.0 303.0 12.0
7441.0 311.0 12.0
7441.0 311.0 12.0
7585.0 317.0 12.0
7705.0 322.0 12.0
8545.0 357.0 12.0
9001.0 376.0 12.0
