rev2
124009.0 5168.0 12.0
124105.0 5172.0 12.0
125257.0 5220.0 12.0
125977.0 5250.0 12.0
127561.0 5316.0 12.0
127681.0 5321.0 12.0
128761.0 5366.0 12.0
128881.0 5371.0 12.0
128905.0 5372.0 12.0
128953.0 5374.0 12.0
129457.0 5395.0 12.0
129529.0 5398.0 12.0
130873.0 5454.0 12.0
130921.0 5456.0 12.0
130969.0 5458.0 12.0
131953.0 5499.0 12.0
132529.0 5523.0 12.0
132745.0 5532.0 12.0
132769.0 5533.0 12.0
132769.0 5533.0 12.0
132913.0 5539.0 12.0
132985.0 5542.0 12.0
133609.0 5568.0 12.0
133657.0 5570.0 12.0
133705.0 5572.0 12.0
134353.0 5599.0 12.0
134641.0 5611.0 12.0
134689.0 5613.0 12.0
134737.0 5615.0 12.0
134737.0 5615.0 12.0
134785.0 5617.0 12.0
134809.0 5618.0 12.0
135121.0 5631.0 12.0
135217.0 5635.0 12.0
135313.0 5639.0 12.0
135361.0 5641.0 12.0
135409.0 5643.0 12.0
135409.0 5643.0 12.0
136177.0 5675.0 12.0
136897.0 5705.0 12.0
137065.0 5712.0 12.0
137689.0 5738.0 12.0
138265.0 5762.0 12.0
138457.0 5770.0 12.0
138481.0 5771.0 12.0
138841.0 5786.0 12.0
139201.0 5801.0 12.0
139201.0 5801.0 12.0
139273.0 5804.0 12.0
139873.0 5829.0 12.0
140401.0 5851.0 12.0
140665.0 5862.0 12.0
141193.0 5884.0 12.0
141385.0 5892.0 12.0
141409.0 5893.0 12.0
141433.0 5894.0 12.0
141529.0 5898.0 12.0
141817.0 5910.0 12.0
142057.0 5920.0 12.0
142321.0 5931.0 12.0
142345.0 5932.0 12.0
142897.0 5955.0 12.0
142969.0 5958.0 12.0
143497.0 5980.0 12.0
143665.0 5987.0 12.0
143905.0 5997.0 12.0
144649.0 6028.0 12.0
145081.0 6046.0 12.0
145369.0 6058.0 12.0
146377.0 6100.0 12.0
146425.0 6102.0 12.0
146713.0 6114.0 12.0
146737.0 6115.0 12.0
146881.0 6121.0 12.0
147193.0 6134.0 12.0
147409.0 6143.0 12.0
147409.0 6143.0 12.0
147625.0 6152.0 12.0
147625.0 6152.0 12.0
149161.0 6216.0 12.0
149401.0 6226.0 12.0
150097.0 6255.0 12.0
150265.0 6262.0 12.0
150385.0 6267.0 12.0
150505.0 6272.0 12.0
152185.0 6342.0 12.0
152689.0 6363.0 12.0
153697.0 6405.0 12.0
153721.0 6406.0 12.0
154969.0 6458.0 12.0
155665.0 6487.0 12.0
156169.0 6508.0 12.0
157321.0 6556.0 12.0
159121.0 6631.0 12.0
160633.0 6694.0 12.0
160801.0 6701.0 12.0
161425.0 6727.0 12.0
169009.0 7043.0 12.0
169489.0 7063.0 12.0
170761.0 7116.0 12.0
