rev2
1585.0 67.0 12.0
1585.0 67.0 12.0
1609.0 68.0 12.0
1633.0 69.0 12.0
1633.0 69.0 12.0
1657.0 70.0 12.0
1681.0 71.0 12.0
1705.0 72.0 12.0
1705.0 72.0 12.0
1729.0 73.0 12.0
1729.0 73.0 12.0
1753.0 74.0 12.0
1753.0 74.0 12.0
1753.0 74.0 12.0
1777.0 75.0 12.0
1777.0 75.0 12.0
1777.0 75.0 12.0
1777.0 75.0 12.0
1801.0 76.0 12.0
1801.0 76.0 12.0
1825.0 77.0 12.0
1825.0 77.0 12.0
1825.0 77.0 12.0
1849.0 78.0 12.0
1873.0 79.0 12.0
1897.0 80.0 12.0
1921.0 81.0 12.0
1921.0 81.0 12.0
1945.0 82.0 12.0
1945.0 82.0 12.0
1945.0 82.0 12.0
1969.0 83.0 12.0
1969.0 83.0 12.0
1969.0 83.0 12.0
2017.0 85.0 12.0
2017.0 85.0 12.0
2017.0 85.0 12.0
2017.0 85.0 12.0
2041.0 86.0 12.0
2041.0 86.0 12.0
2041.0 86.0 12.0
2065.0 87.0 12.0
2065.0 87.0 12.0
2065.0 87.0 12.0
2113.0 89.0 12.0
2137.0 90.0 12.0
2137.0 90.0 12.0
2161.0 91.0 12.0
2161.0 91.0 12.0
2161.0 91.0 12.0
2209.0 93.0 12.0
2233.0 94.0 12.0
2233.0 94.0 12.0
2233.0 94.0 12.0
2233.0 94.0 12.0
2257.0 95.0 12.0
2257.0 95.0 12.0
2257.0 95.0 12.0
2281.0 96.0 12.0
2281.0 96.0 12.0
2281.0 96.0 12.0
2281.0 96.0 12.0
2281.0 96.0 12.0
2305.0 97.0 12.0
2305.0 97.0 12.0
2305.0 97.0 12.0
2305.0 97.0 12.0
2329.0 98.0 12.0
2329.0 98.0 12.0
2329.0 98.0 12.0
2329.0 98.0 12.0
2329.0 98.0 12.0
2353.0 99.0 12.0
2353.0 99.0 12.0
2353.0 99.0 12.0
2449.0 103.0 12.0
2449.0 103.0 12.0
2473.0 104.0 12.0
2497.0 105.0 12.0
2521.0 106.0 12.0
2521.0 106.0 12.0
2521.0 106.0 12.0
2545.0 107.0 12.0
2545.0 107.0 12.0
2617.0 110.0 12.0
2617.0 110.0 12.0
2641.0 111.0 12.0
2665.0 112.0 12.0
2737.0 115.0 12.0
2761.0 116.0 12.0
2761.0 116.0 12.0
2833.0 119.0 12.0
2833.0 119.0 12.0
2953.0 124.0 12.0
3073.0 129.0 12.0
3193.0 134.0 12.0
3313.0 139.0 12.0
3337.0 140.0 12.0
3553.0 149.0 12.0
3577.0 150.0 12.0
