rev2
1045801.0 43576.0 12.0
1059673.0 44154.0 12.0
1072417.0 44685.0 12.0
1073641.0 44736.0 12.0
1078489.0 44938.0 12.0
1080553.0 45024.0 12.0
1093417.0 45560.0 12.0
1096177.0 45675.0 12.0
1097905.0 45747.0 12.0
1103641.0 45986.0 12.0
1104385.0 46017.0 12.0
1105825.0 46077.0 12.0
1112377.0 46350.0 12.0
1113481.0 46396.0 12.0
1114441.0 46436.0 12.0
1115401.0 46476.0 12.0
1118785.0 46617.0 12.0
1118785.0 46617.0 12.0
1121977.0 46750.0 12.0
1122361.0 46766.0 12.0
1122625.0 46777.0 12.0
1123921.0 46831.0 12.0
1124833.0 46869.0 12.0
1127497.0 46980.0 12.0
1128169.0 47008.0 12.0
1129513.0 47064.0 12.0
1130665.0 47112.0 12.0
1132801.0 47201.0 12.0
1136353.0 47349.0 12.0
1136881.0 47371.0 12.0
1138705.0 47447.0 12.0
1139473.0 47479.0 12.0
1141417.0 47560.0 12.0
1144153.0 47674.0 12.0
1144201.0 47676.0 12.0
1144969.0 47708.0 12.0
1144993.0 47709.0 12.0
1146025.0 47752.0 12.0
1146529.0 47773.0 12.0
1147969.0 47833.0 12.0
1148833.0 47869.0 12.0
1148905.0 47872.0 12.0
1151401.0 47976.0 12.0
1155385.0 48142.0 12.0
1158577.0 48275.0 12.0
1163521.0 48481.0 12.0
1166089.0 48588.0 12.0
1168369.0 48683.0 12.0
1168393.0 48684.0 12.0
1168561.0 48691.0 12.0
1170601.0 48776.0 12.0
1171657.0 48820.0 12.0
1172833.0 48869.0 12.0
1175209.0 48968.0 12.0
1178833.0 49119.0 12.0
1180417.0 49185.0 12.0
1180609.0 49193.0 12.0
1181953.0 49249.0 12.0
1183561.0 49316.0 12.0
1184881.0 49371.0 12.0
1185193.0 49384.0 12.0
1187521.0 49481.0 12.0
1187761.0 49491.0 12.0
1188985.0 49542.0 12.0
1193257.0 49720.0 12.0
1194361.0 49766.0 12.0
1194889.0 49788.0 12.0
1195249.0 49803.0 12.0
1196089.0 49838.0 12.0
1198705.0 49947.0 12.0
1199041.0 49961.0 12.0
1200193.0 50009.0 12.0
1203025.0 50127.0 12.0
1204945.0 50207.0 12.0
1206937.0 50290.0 12.0
1210153.0 50424.0 12.0
1210345.0 50432.0 12.0
1216297.0 50680.0 12.0
1225297.0 51055.0 12.0
1226257.0 51095.0 12.0
1227073.0 51129.0 12.0
1227745.0 51157.0 12.0
1228777.0 51200.0 12.0
1231801.0 51326.0 12.0
1231993.0 51334.0 12.0
1238257.0 51595.0 12.0
1244689.0 51863.0 12.0
1246753.0 51949.0 12.0
1261105.0 52547.0 12.0
1270825.0 52952.0 12.0
1291729.0 53823.0 12.0
1306273.0 54429.0 12.0
1312009.0 54668.0 12.0
1316377.0 54850.0 12.0
1317577.0 54900.0 12.0
1322449.0 55103.0 12.0
1341217.0 55885.0 12.0
1360417.0 56685.0 12.0
1399777.0 58325.0 12.0
1544329.0 64348.0 12.0
