rev4
21673.0 904.0 12.0
22441.0 936.0 12.0
22632.0 944.0 12.0
22777.0 950.0 12.0
22800.0 951.0 12.0
22825.0 952.0 12.0
22873.0 954.0 12.0
23158.0 966.0 12.0
23161.0 966.0 12.0
23208.0 968.0 12.0
23281.0 971.0 12.0
23329.0 973.0 12.0
23353.0 974.0 12.0
23425.0 977.0 12.0
23425.0 977.0 12.0
23449.0 978.0 12.0
23521.0 981.0 12.0
23521.0 981.0 12.0
23641.0 986.0 12.0
23688.0 988.0 12.0
23760.0 991.0 12.0
23833.0 994.0 12.0
23857.0 995.0 12.0
23953.0 999.0 12.0
23977.0 1000.0 12.0
23977.0 1000.0 12.0
24001.0 1001.0 12.0
24024.0 1002.0 12.0
24085.0 1005.0 12.0
24217.0 1010.0 12.0
24313.0 1014.0 12.0
24337.0 1015.0 12.0
24337.0 1015.0 12.0
24397.0 1018.0 12.0
24408.0 1018.0 12.0
24481.0 1021.0 12.0
24481.0 1021.0 12.0
24481.0 1021.0 12.0
24505.0 1022.0 12.0
24529.0 1023.0 12.0
24577.0 1025.0 12.0
24600.0 1026.0 12.0
24697.0 1030.0 12.0
24745.0 1032.0 12.0
24769.0 1033.0 12.0
24865.0 1037.0 12.0
24913.0 1039.0 12.0
25009.0 1043.0 12.0
25021.0 1044.0 12.0
25032.0 1044.0 12.0
25069.0 1046.0 12.0
25081.0 1046.0 12.0
25105.0 1047.0 12.0
25177.0 1050.0 12.0
25225.0 1052.0 12.0
25296.0 1055.0 12.0
25343.0 1057.0 12.0
25369.0 1058.0 12.0
25369.0 1058.0 12.0
25620.0 1069.0 12.0
25657.0 1070.0 12.0
25777.0 1075.0 12.0
25788.0 1076.0 12.0
25825.0 1077.0 12.0
25873.0 1079.0 12.0
25920.0 1081.0 12.0
25921.0 1081.0 12.0
26017.0 1085.0 12.0
26041.0 1086.0 12.0
26065.0 1087.0 12.0
26113.0 1089.0 12.0
26269.0 1096.0 12.0
26304.0 1097.0 12.0
26305.0 1097.0 12.0
26377.0 1100.0 12.0
26473.0 1104.0 12.0
26473.0 1104.0 12.0
26688.0 1113.0 12.0
26737.0 1115.0 12.0
26953.0 1124.0 12.0
26953.0 1124.0 12.0
27025.0 1127.0 12.0
27037.0 1128.0 12.0
27145.0 1132.0 12.0
27167.0 1133.0 12.0
27408.0 1143.0 12.0
27409.0 1143.0 12.0
27505.0 1147.0 12.0
27553.0 1149.0 12.0
27685.0 1155.0 12.0
27745.0 1157.0 12.0
27817.0 1160.0 12.0
28273.0 1179.0 12.0
28284.0 1180.0 12.0
28345.0 1182.0 12.0
28393.0 1184.0 12.0
28537.0 1190.0 12.0
28969.0 1208.0 12.0
29329.0 1223.0 12.0
30601.0 1276.0 12.0
