rev2
8935225.0 372302.0 12.0
8981137.0 374215.0 12.0
9011329.0 375473.0 12.0
9056473.0 377354.0 12.0
9131833.0 380494.0 12.0
9166225.0 381927.0 12.0
9190345.0 382932.0 12.0
9226129.0 384423.0 12.0
9232633.0 384694.0 12.0
9237697.0 384905.0 12.0
9253249.0 385553.0 12.0
9282145.0 386757.0 12.0
9286177.0 386925.0 12.0
9312289.0 388013.0 12.0
9315289.0 388138.0 12.0
9324145.0 388507.0 12.0
9326617.0 388610.0 12.0
9332689.0 388863.0 12.0
9341833.0 389244.0 12.0
9342193.0 389259.0 12.0
9350785.0 389617.0 12.0
9395161.0 391466.0 12.0
9408745.0 392032.0 12.0
9432097.0 393005.0 12.0
9436729.0 393198.0 12.0
9440737.0 393365.0 12.0
9447601.0 393651.0 12.0
9448033.0 393669.0 12.0
9449617.0 393735.0 12.0
9452257.0 393845.0 12.0
9452785.0 393867.0 12.0
9455713.0 393989.0 12.0
9465265.0 394387.0 12.0
9494305.0 395597.0 12.0
9495385.0 395642.0 12.0
9518017.0 396585.0 12.0
9544801.0 397701.0 12.0
9548089.0 397838.0 12.0
9579913.0 399164.0 12.0
9605425.0 400227.0 12.0
9618985.0 400792.0 12.0
9626401.0 401101.0 12.0
9628897.0 401205.0 12.0
9645841.0 401911.0 12.0
9650305.0 402097.0 12.0
9668401.0 402851.0 12.0
9676249.0 403178.0 12.0
9679105.0 403297.0 12.0
9686617.0 403610.0 12.0
9692881.0 403871.0 12.0
9696985.0 404042.0 12.0
9707521.0 404481.0 12.0
9716761.0 404866.0 12.0
9719665.0 404987.0 12.0
9738529.0 405773.0 12.0
9758665.0 406612.0 12.0
9777769.0 407408.0 12.0
9778225.0 407427.0 12.0
9797137.0 408215.0 12.0
9801697.0 408405.0 12.0
9806209.0 408593.0 12.0
9817609.0 409068.0 12.0
9848569.0 410358.0 12.0
9852721.0 410531.0 12.0
9858889.0 410788.0 12.0
9866305.0 411097.0 12.0
9887401.0 411976.0 12.0
9898489.0 412438.0 12.0
9911185.0 412967.0 12.0
9913633.0 413069.0 12.0
9923281.0 413471.0 12.0
9946081.0 414421.0 12.0
9949057.0 414545.0 12.0
9956617.0 414860.0 12.0
9981433.0 415894.0 12.0
1.0008793E7 417034.0 12.0
1.0040017E7 418335.0 12.0
1.0051753E7 418824.0 12.0
1.0067473E7 419479.0 12.0
1.0074481E7 419771.0 12.0
1.0077793E7 419909.0 12.0
1.0087825E7 420327.0 12.0
1.0094737E7 420615.0 12.0
1.0101721E7 420906.0 12.0
1.0102993E7 420959.0 12.0
1.0129297E7 422055.0 12.0
1.0288849E7 428703.0 12.0
1.0293097E7 428880.0 12.0
1.0303873E7 429329.0 12.0
1.0478809E7 436618.0 12.0
1.0527001E7 438626.0 12.0
1.0528129E7 438673.0 12.0
1.0583065E7 440962.0 12.0
1.0751017E7 447960.0 12.0
1.0757113E7 448214.0 12.0
1.0790881E7 449621.0 12.0
1.0854073E7 452254.0 12.0
1.0863265E7 452637.0 12.0
1.0910425E7 454602.0 12.0
1.1530345E7 480432.0 12.0
