rev2
1.8391009E7 766293.0 12.0
1.8433753E7 768074.0 12.0
1.8443569E7 768483.0 12.0
1.8477961E7 769916.0 12.0
1.8556825E7 773202.0 12.0
1.8574849E7 773953.0 12.0
1.8609145E7 775382.0 12.0
1.8685393E7 778559.0 12.0
1.8730321E7 780431.0 12.0
1.8748729E7 781198.0 12.0
1.8755881E7 781496.0 12.0
1.8761665E7 781737.0 12.0
1.8768889E7 782038.0 12.0
1.8778321E7 782431.0 12.0
1.8916177E7 788175.0 12.0
1.8920569E7 788358.0 12.0
1.8950305E7 789597.0 12.0
1.8960481E7 790021.0 12.0
1.8967969E7 790333.0 12.0
1.8999433E7 791644.0 12.0
1.9003057E7 791795.0 12.0
1.9012585E7 792192.0 12.0
1.9023937E7 792665.0 12.0
1.9045969E7 793583.0 12.0
1.9060945E7 794207.0 12.0
1.9085713E7 795239.0 12.0
1.9117465E7 796562.0 12.0
1.9137025E7 797377.0 12.0
1.9138729E7 797448.0 12.0
1.9142161E7 797591.0 12.0
1.9159033E7 798294.0 12.0
1.9160185E7 798342.0 12.0
1.9161841E7 798411.0 12.0
1.9186105E7 799422.0 12.0
1.9211281E7 800471.0 12.0
1.9251745E7 802157.0 12.0
1.9301953E7 804249.0 12.0
1.9325473E7 805229.0 12.0
1.9378825E7 807452.0 12.0
1.9399873E7 808329.0 12.0
1.9411489E7 808813.0 12.0
1.9424017E7 809335.0 12.0
1.9430473E7 809604.0 12.0
1.9440937E7 810040.0 12.0
1.9479793E7 811659.0 12.0
1.9495297E7 812305.0 12.0
1.9499161E7 812466.0 12.0
1.9534969E7 813958.0 12.0
1.9535161E7 813966.0 12.0
1.9536721E7 814031.0 12.0
1.9546801E7 814451.0 12.0
1.9557241E7 814886.0 12.0
1.9577545E7 815732.0 12.0
1.9578529E7 815773.0 12.0
1.9654969E7 818958.0 12.0
1.9660681E7 819196.0 12.0
1.9690849E7 820453.0 12.0
1.9719481E7 821646.0 12.0
1.9772857E7 823870.0 12.0
1.9793545E7 824732.0 12.0
1.9806529E7 825273.0 12.0
1.9835545E7 826482.0 12.0
1.9966681E7 831946.0 12.0
1.9998769E7 833283.0 12.0
2.0040601E7 835026.0 12.0
2.0067409E7 836143.0 12.0
2.0072785E7 836367.0 12.0
2.0075689E7 836488.0 12.0
2.0140873E7 839204.0 12.0
2.0158945E7 839957.0 12.0
2.0174761E7 840616.0 12.0
2.0204857E7 841870.0 12.0
2.0298505E7 845772.0 12.0
2.0330593E7 847109.0 12.0
2.0368369E7 848683.0 12.0
2.0447209E7 851968.0 12.0
2.0459617E7 852485.0 12.0
2.0461873E7 852579.0 12.0
2.0523697E7 855155.0 12.0
2.0546329E7 856098.0 12.0
2.0777305E7 865722.0 12.0
2.0806585E7 866942.0 12.0
2.0824897E7 867705.0 12.0
2.0912617E7 871360.0 12.0
2.0925745E7 871907.0 12.0
2.0957401E7 873226.0 12.0
2.1120745E7 880032.0 12.0
2.1180193E7 882509.0 12.0
2.1296569E7 887358.0 12.0
2.1338257E7 889095.0 12.0
2.1434065E7 893087.0 12.0
2.1740065E7 905837.0 12.0
2.1752353E7 906349.0 12.0
2.1884281E7 911846.0 12.0
2.2161337E7 923390.0 12.0
2.2409137E7 933715.0 12.0
2.3177569E7 965733.0 12.0
2.3182657E7 965945.0 12.0
2.4650545E7 1027107.0 12.0
2.4903577E7 1037650.0 12.0
