rev2
3313.0 139.0 12.0
3457.0 145.0 12.0
3481.0 146.0 12.0
3529.0 148.0 12.0
3553.0 149.0 12.0
3601.0 151.0 12.0
3625.0 152.0 12.0
3649.0 153.0 12.0
3649.0 153.0 12.0
3649.0 153.0 12.0
3649.0 153.0 12.0
3697.0 155.0 12.0
3697.0 155.0 12.0
3697.0 155.0 12.0
3697.0 155.0 12.0
3721.0 156.0 12.0
3745.0 157.0 12.0
3745.0 157.0 12.0
3745.0 157.0 12.0
3745.0 157.0 12.0
3769.0 158.0 12.0
3793.0 159.0 12.0
3793.0 159.0 12.0
3793.0 159.0 12.0
3865.0 162.0 12.0
3889.0 163.0 12.0
3889.0 163.0 12.0
3913.0 164.0 12.0
3913.0 164.0 12.0
3937.0 165.0 12.0
3937.0 165.0 12.0
3937.0 165.0 12.0
3985.0 167.0 12.0
4033.0 169.0 12.0
4105.0 172.0 12.0
4129.0 173.0 12.0
4129.0 173.0 12.0
4129.0 173.0 12.0
4153.0 174.0 12.0
4153.0 174.0 12.0
4177.0 175.0 12.0
4177.0 175.0 12.0
4177.0 175.0 12.0
4249.0 178.0 12.0
4249.0 178.0 12.0
4249.0 178.0 12.0
4297.0 180.0 12.0
4297.0 180.0 12.0
4297.0 180.0 12.0
4321.0 181.0 12.0
4321.0 181.0 12.0
4321.0 181.0 12.0
4321.0 181.0 12.0
4345.0 182.0 12.0
4369.0 183.0 12.0
4417.0 185.0 12.0
4417.0 185.0 12.0
4417.0 185.0 12.0
4417.0 185.0 12.0
4417.0 185.0 12.0
4417.0 185.0 12.0
4417.0 185.0 12.0
4465.0 187.0 12.0
4489.0 188.0 12.0
4489.0 188.0 12.0
4489.0 188.0 12.0
4513.0 189.0 12.0
4513.0 189.0 12.0
4537.0 190.0 12.0
4561.0 191.0 12.0
4561.0 191.0 12.0
4585.0 192.0 12.0
4585.0 192.0 12.0
4585.0 192.0 12.0
4609.0 193.0 12.0
4609.0 193.0 12.0
4609.0 193.0 12.0
4633.0 194.0 12.0
4633.0 194.0 12.0
4657.0 195.0 12.0
4681.0 196.0 12.0
4705.0 197.0 12.0
4729.0 198.0 12.0
4753.0 199.0 12.0
4777.0 200.0 12.0
4801.0 201.0 12.0
4825.0 202.0 12.0
4897.0 205.0 12.0
4897.0 205.0 12.0
4945.0 207.0 12.0
5017.0 210.0 12.0
5161.0 216.0 12.0
5257.0 220.0 12.0
5353.0 224.0 12.0
5353.0 224.0 12.0
5521.0 231.0 12.0
5641.0 236.0 12.0
5665.0 237.0 12.0
6001.0 251.0 12.0
6385.0 267.0 12.0
