rev4
378160.0 15758.0 12.0
381368.0 15892.0 12.0
383649.0 15987.0 12.0
384897.0 16039.0 12.0
385775.0 16076.0 12.0
385904.0 16081.0 12.0
389455.0 16230.0 12.0
391223.0 16303.0 12.0
392923.0 16374.0 12.0
393107.0 16382.0 12.0
393691.0 16406.0 12.0
394966.0 16458.0 12.0
395525.0 16482.0 12.0
395575.0 16484.0 12.0
398505.0 16606.0 12.0
398924.0 16624.0 12.0
399167.0 16633.0 12.0
400164.0 16675.0 12.0
400508.0 16689.0 12.0
402428.0 16770.0 12.0
404944.0 16874.0 12.0
404984.0 16876.0 12.0
405188.0 16884.0 12.0
407712.0 16990.0 12.0
407814.0 16994.0 12.0
407916.0 16998.0 12.0
408176.0 17009.0 12.0
409279.0 17056.0 12.0
409351.0 17058.0 12.0
409844.0 17079.0 12.0
410163.0 17092.0 12.0
410323.0 17099.0 12.0
410494.0 17105.0 12.0
410853.0 17120.0 12.0
411580.0 17152.0 12.0
412075.0 17171.0 12.0
412951.0 17208.0 12.0
413015.0 17211.0 12.0
413304.0 17222.0 12.0
414140.0 17258.0 12.0
414978.0 17293.0 12.0
415184.0 17301.0 12.0
415353.0 17308.0 12.0
416325.0 17348.0 12.0
417004.0 17377.0 12.0
417729.0 17407.0 12.0
418758.0 17451.0 12.0
418861.0 17454.0 12.0
419135.0 17465.0 12.0
420454.0 17521.0 12.0
420573.0 17525.0 12.0
421174.0 17551.0 12.0
421642.0 17570.0 12.0
423035.0 17628.0 12.0
423200.0 17635.0 12.0
424629.0 17695.0 12.0
425431.0 17728.0 12.0
425720.0 17740.0 12.0
425948.0 17751.0 12.0
426017.0 17752.0 12.0
426464.0 17771.0 12.0
427968.0 17833.0 12.0
428038.0 17836.0 12.0
428165.0 17842.0 12.0
428718.0 17865.0 12.0
428997.0 17877.0 12.0
430290.0 17931.0 12.0
431169.0 17967.0 12.0
432229.0 18011.0 12.0
432340.0 18016.0 12.0
432501.0 18022.0 12.0
433304.0 18056.0 12.0
434564.0 18109.0 12.0
434582.0 18109.0 12.0
434778.0 18118.0 12.0
436457.0 18187.0 12.0
436573.0 18192.0 12.0
436666.0 18196.0 12.0
437360.0 18225.0 12.0
437626.0 18236.0 12.0
438116.0 18257.0 12.0
438995.0 18293.0 12.0
439497.0 18314.0 12.0
439559.0 18316.0 12.0
441691.0 18406.0 12.0
443738.0 18491.0 12.0
446180.0 18594.0 12.0
447980.0 18668.0 12.0
448799.0 18702.0 12.0
450542.0 18776.0 12.0
451542.0 18816.0 12.0
452179.0 18842.0 12.0
452232.0 18847.0 12.0
453742.0 18907.0 12.0
454322.0 18932.0 12.0
457372.0 19059.0 12.0
462832.0 19287.0 12.0
472136.0 19674.0 12.0
481194.0 20052.0 12.0
486262.0 20263.0 12.0
