rev2
4344169.0 181008.0 12.0
4420417.0 184185.0 12.0
4441897.0 185080.0 12.0
4453465.0 185562.0 12.0
4457905.0 185747.0 12.0
4480297.0 186680.0 12.0
4483225.0 186802.0 12.0
4491745.0 187157.0 12.0
4527529.0 188648.0 12.0
4531753.0 188824.0 12.0
4551553.0 189649.0 12.0
4556641.0 189861.0 12.0
4579849.0 190828.0 12.0
4585897.0 191080.0 12.0
4594393.0 191434.0 12.0
4599073.0 191629.0 12.0
4602769.0 191783.0 12.0
4602793.0 191784.0 12.0
4603609.0 191818.0 12.0
4605673.0 191904.0 12.0
4608961.0 192041.0 12.0
4614985.0 192292.0 12.0
4620457.0 192520.0 12.0
4622305.0 192597.0 12.0
4624201.0 192676.0 12.0
4626553.0 192774.0 12.0
4636249.0 193178.0 12.0
4644217.0 193510.0 12.0
4652881.0 193871.0 12.0
4653961.0 193916.0 12.0
4662673.0 194279.0 12.0
4673833.0 194744.0 12.0
4676641.0 194861.0 12.0
4684345.0 195182.0 12.0
4685089.0 195213.0 12.0
4687033.0 195294.0 12.0
4695481.0 195646.0 12.0
4696441.0 195686.0 12.0
4700425.0 195852.0 12.0
4701673.0 195904.0 12.0
4711633.0 196319.0 12.0
4714129.0 196423.0 12.0
4715833.0 196494.0 12.0
4716409.0 196518.0 12.0
4722889.0 196788.0 12.0
4733353.0 197224.0 12.0
4738465.0 197437.0 12.0
4739305.0 197472.0 12.0
4744825.0 197702.0 12.0
4756057.0 198170.0 12.0
4759585.0 198317.0 12.0
4779889.0 199163.0 12.0
4780993.0 199209.0 12.0
4795825.0 199827.0 12.0
4802281.0 200096.0 12.0
4814953.0 200624.0 12.0
4825633.0 201069.0 12.0
4826521.0 201106.0 12.0
4831129.0 201298.0 12.0
4840633.0 201694.0 12.0
4846273.0 201929.0 12.0
4850689.0 202113.0 12.0
4851193.0 202134.0 12.0
4851769.0 202158.0 12.0
4856689.0 202363.0 12.0
4879633.0 203319.0 12.0
4879801.0 203326.0 12.0
4883593.0 203484.0 12.0
4884505.0 203522.0 12.0
4896985.0 204042.0 12.0
4905601.0 204401.0 12.0
4905625.0 204402.0 12.0
4905625.0 204402.0 12.0
4909513.0 204564.0 12.0
4921945.0 205082.0 12.0
4923361.0 205141.0 12.0
4937161.0 205716.0 12.0
4937161.0 205716.0 12.0
4941937.0 205915.0 12.0
5011777.0 208825.0 12.0
5012905.0 208872.0 12.0
5046001.0 210251.0 12.0
5074057.0 211420.0 12.0
5078161.0 211591.0 12.0
5082457.0 211770.0 12.0
5089681.0 212071.0 12.0
5091769.0 212158.0 12.0
5105857.0 212745.0 12.0
5115097.0 213130.0 12.0
5119945.0 213332.0 12.0
5129089.0 213713.0 12.0
5145505.0 214397.0 12.0
5154769.0 214783.0 12.0
5165161.0 215216.0 12.0
5169361.0 215391.0 12.0
5187625.0 216152.0 12.0
5196721.0 216531.0 12.0
5199721.0 216656.0 12.0
5404225.0 225177.0 12.0
5430553.0 226274.0 12.0
