rev2
2183401.0 90976.0 12.0
2193601.0 91401.0 12.0
2205049.0 91878.0 12.0
2206657.0 91945.0 12.0
2209177.0 92050.0 12.0
2214529.0 92273.0 12.0
2220865.0 92537.0 12.0
2228737.0 92865.0 12.0
2229433.0 92894.0 12.0
2233681.0 93071.0 12.0
2234257.0 93095.0 12.0
2234569.0 93108.0 12.0
2248609.0 93693.0 12.0
2249473.0 93729.0 12.0
2255977.0 94000.0 12.0
2258377.0 94100.0 12.0
2259841.0 94161.0 12.0
2263849.0 94328.0 12.0
2265721.0 94406.0 12.0
2267089.0 94463.0 12.0
2269057.0 94545.0 12.0
2269345.0 94557.0 12.0
2274097.0 94755.0 12.0
2275321.0 94806.0 12.0
2276401.0 94851.0 12.0
2276689.0 94863.0 12.0
2277121.0 94881.0 12.0
2277337.0 94890.0 12.0
2277697.0 94905.0 12.0
2279089.0 94963.0 12.0
2280481.0 95021.0 12.0
2287825.0 95327.0 12.0
2292097.0 95505.0 12.0
2297377.0 95725.0 12.0
2303353.0 95974.0 12.0
2304457.0 96020.0 12.0
2305369.0 96058.0 12.0
2306641.0 96111.0 12.0
2306905.0 96122.0 12.0
2307193.0 96134.0 12.0
2310889.0 96288.0 12.0
2312881.0 96371.0 12.0
2314849.0 96453.0 12.0
2320345.0 96682.0 12.0
2321881.0 96746.0 12.0
2326009.0 96918.0 12.0
2326969.0 96958.0 12.0
2329753.0 97074.0 12.0
2333449.0 97228.0 12.0
2342185.0 97592.0 12.0
2342905.0 97622.0 12.0
2346481.0 97771.0 12.0
2346673.0 97779.0 12.0
2347417.0 97810.0 12.0
2347609.0 97818.0 12.0
2349769.0 97908.0 12.0
2365177.0 98550.0 12.0
2370505.0 98772.0 12.0
2374537.0 98940.0 12.0
2375473.0 98979.0 12.0
2376817.0 99035.0 12.0
2379145.0 99132.0 12.0
2380681.0 99196.0 12.0
2385121.0 99381.0 12.0
2391337.0 99640.0 12.0
2395561.0 99816.0 12.0
2401993.0 100084.0 12.0
2402689.0 100113.0 12.0
2403385.0 100142.0 12.0
2409145.0 100382.0 12.0
2414161.0 100591.0 12.0
2416297.0 100680.0 12.0
2417977.0 100750.0 12.0
2424649.0 101028.0 12.0
2427649.0 101153.0 12.0
2429641.0 101236.0 12.0
2434753.0 101449.0 12.0
2435689.0 101488.0 12.0
2447857.0 101995.0 12.0
2448673.0 102029.0 12.0
2451505.0 102147.0 12.0
2455297.0 102305.0 12.0
2461945.0 102582.0 12.0
2463553.0 102649.0 12.0
2467585.0 102817.0 12.0
2470633.0 102944.0 12.0
2475193.0 103134.0 12.0
2498449.0 104103.0 12.0
2501905.0 104247.0 12.0
2516953.0 104874.0 12.0
2532217.0 105510.0 12.0
2535481.0 105646.0 12.0
2538121.0 105756.0 12.0
2580313.0 107514.0 12.0
2606929.0 108623.0 12.0
2678713.0 111614.0 12.0
2720665.0 113362.0 12.0
2775529.0 115648.0 12.0
2815633.0 117319.0 12.0
3004681.0 125196.0 12.0
