rev2
247993.0 10334.0 12.0
263401.0 10976.0 12.0
263473.0 10979.0 12.0
264553.0 11024.0 12.0
265993.0 11084.0 12.0
266545.0 11107.0 12.0
267361.0 11141.0 12.0
268129.0 11173.0 12.0
268153.0 11174.0 12.0
268417.0 11185.0 12.0
269065.0 11212.0 12.0
269113.0 11214.0 12.0
269473.0 11229.0 12.0
269665.0 11237.0 12.0
270097.0 11255.0 12.0
270817.0 11285.0 12.0
271393.0 11309.0 12.0
271945.0 11332.0 12.0
272785.0 11367.0 12.0
273001.0 11376.0 12.0
273337.0 11390.0 12.0
274057.0 11420.0 12.0
274873.0 11454.0 12.0
275497.0 11480.0 12.0
276049.0 11503.0 12.0
276145.0 11507.0 12.0
276217.0 11510.0 12.0
276457.0 11520.0 12.0
276697.0 11530.0 12.0
277297.0 11555.0 12.0
277321.0 11556.0 12.0
278425.0 11602.0 12.0
278761.0 11616.0 12.0
278953.0 11624.0 12.0
279745.0 11657.0 12.0
279769.0 11658.0 12.0
279889.0 11663.0 12.0
280153.0 11674.0 12.0
281017.0 11710.0 12.0
281065.0 11712.0 12.0
281161.0 11716.0 12.0
281473.0 11729.0 12.0
281857.0 11745.0 12.0
283105.0 11797.0 12.0
283345.0 11807.0 12.0
283441.0 11811.0 12.0
283489.0 11813.0 12.0
283585.0 11817.0 12.0
283585.0 11817.0 12.0
284041.0 11836.0 12.0
284305.0 11847.0 12.0
285073.0 11879.0 12.0
285193.0 11884.0 12.0
285985.0 11917.0 12.0
288553.0 12024.0 12.0
288937.0 12040.0 12.0
289177.0 12050.0 12.0
289441.0 12061.0 12.0
289729.0 12073.0 12.0
289825.0 12077.0 12.0
290233.0 12094.0 12.0
290281.0 12096.0 12.0
291433.0 12144.0 12.0
291793.0 12159.0 12.0
291793.0 12159.0 12.0
291961.0 12166.0 12.0
292489.0 12188.0 12.0
292537.0 12190.0 12.0
293713.0 12239.0 12.0
293761.0 12241.0 12.0
294145.0 12257.0 12.0
294481.0 12271.0 12.0
294769.0 12283.0 12.0
294961.0 12291.0 12.0
295897.0 12330.0 12.0
296065.0 12337.0 12.0
298297.0 12430.0 12.0
298657.0 12445.0 12.0
300241.0 12511.0 12.0
300913.0 12539.0 12.0
302881.0 12621.0 12.0
304129.0 12673.0 12.0
304273.0 12679.0 12.0
304273.0 12679.0 12.0
304369.0 12683.0 12.0
304537.0 12690.0 12.0
308113.0 12839.0 12.0
308809.0 12868.0 12.0
309121.0 12881.0 12.0
310513.0 12939.0 12.0
311377.0 12975.0 12.0
311689.0 12988.0 12.0
312313.0 13014.0 12.0
319441.0 13311.0 12.0
322537.0 13440.0 12.0
326785.0 13617.0 12.0
329473.0 13729.0 12.0
333361.0 13891.0 12.0
344473.0 14354.0 12.0
354553.0 14774.0 12.0
