rev4
2.02736079E8 7797699.0 13.0
2.04125429E8 7851113.0 13.0
2.04220514E8 7854799.0 13.0
2.04229396E8 7855133.0 13.0
2.04354045E8 7859929.0 13.0
2.04391806E8 7861377.0 13.0
2.04493382E8 7865285.0 13.0
2.0461697E8 7870034.0 13.0
2.05055963E8 7886925.0 13.0
2.0563544E8 7909203.0 13.0
2.05643223E8 7909501.0 13.0
2.05790208E8 7915171.0 13.0
2.06010383E8 7923635.0 13.0
2.06135814E8 7928451.0 13.0
2.0706649E8 7964253.0 13.0
2.07218632E8 7970119.0 13.0
2.07304479E8 7973416.0 13.0
2.07406868E8 7977341.0 13.0
2.07774494E8 7991484.0 13.0
2.07835088E8 7993810.0 13.0
2.08051289E8 8002129.0 13.0
2.08345229E8 8013434.0 13.0
2.08698626E8 8027018.0 13.0
2.08880116E8 8034007.0 13.0
2.09176887E8 8045426.0 13.0
2.0917917E8 8045513.0 13.0
2.09740366E8 8067092.0 13.0
2.09942383E8 8074866.0 13.0
2.10082601E8 8080248.0 13.0
2.10105447E8 8081129.0 13.0
2.10113345E8 8081432.0 13.0
2.10161491E8 8083285.0 13.0
2.10219118E8 8085503.0 13.0
2.1034139E8 8090209.0 13.0
2.10376252E8 8091556.0 13.0
2.10888891E8 8111271.0 13.0
2.10955835E8 8113859.0 13.0
2.10957539E8 8113916.0 13.0
2.11187538E8 8122761.0 13.0
2.11222365E8 8124081.0 13.0
2.11542426E8 8136414.0 13.0
2.11587749E8 8138164.0 13.0
2.11616156E8 8139258.0 13.0
2.11699984E8 8142462.0 13.0
2.12019395E8 8154759.0 13.0
2.12080363E8 8157104.0 13.0
2.121815E8 8160984.0 13.0
2.12238614E8 8163189.0 13.0
2.12383071E8 8168736.0 13.0
2.12427787E8 8170449.0 13.0
2.12434327E8 8170703.0 13.0
2.12708271E8 8181244.0 13.0
2.12737626E8 8182377.0 13.0
2.12824967E8 8185731.0 13.0
2.13347385E8 8205849.0 13.0
2.13622669E8 8216424.0 13.0
2.13679005E8 8218584.0 13.0
2.138687E8 8225889.0 13.0
2.14242841E8 8240269.0 13.0
2.14258371E8 8240871.0 13.0
2.14312988E8 8242972.0 13.0
2.14390922E8 8245968.0 13.0
2.1450868E8 8250501.0 13.0
2.14602003E8 8254093.0 13.0
2.15455009E8 8286897.0 13.0
2.15818827E8 8300896.0 13.0
2.15828843E8 8301292.0 13.0
2.16120944E8 8312501.0 13.0
2.16141518E8 8313298.0 13.0
2.1635126E8 8321372.0 13.0
2.16677636E8 8333924.0 13.0
2.16836778E8 8340039.0 13.0
2.16894679E8 8342273.0 13.0
2.17156997E8 8352360.0 13.0
2.17157295E8 8352363.0 13.0
2.17299024E8 8357819.0 13.0
2.17424259E8 8362639.0 13.0
2.17996383E8 8384636.0 13.0
2.18389886E8 8399776.0 13.0
2.18617272E8 8408513.0 13.0
2.18748803E8 8413566.0 13.0
2.19028062E8 8424336.0 13.0
2.19099685E8 8427080.0 13.0
2.19118362E8 8427815.0 13.0
2.19170447E8 8429801.0 13.0
2.1956672E8 8445039.0 13.0
2.20240827E8 8470982.0 13.0
2.20842068E8 8494092.0 13.0
2.22016379E8 8539251.0 13.0
2.22266382E8 8548870.0 13.0
2.22490298E8 8557501.0 13.0
2.2279564E8 8569229.0 13.0
2.23658657E8 8602412.0 13.0
2.25826926E8 8685825.0 13.0
2.27015656E8 8731545.0 13.0
2.28067296E8 8771999.0 13.0
2.28711878E8 8796769.0 13.0
2.28737647E8 8797772.0 13.0
2.36959382E8 9114003.0 13.0
2.41032369E8 9270671.0 13.0
