rev4
9.7969918E7 3768153.0 13.0
9.9268103E7 3818082.0 13.0
9.9687586E7 3834213.0 13.0
1.00073093E8 3849043.0 13.0
1.00711359E8 3873595.0 13.0
1.00747251E8 3874971.0 13.0
1.00775913E8 3876075.0 13.0
1.00807493E8 3877288.0 13.0
1.00993469E8 3884446.0 13.0
1.0103755E8 3886134.0 13.0
1.01085118E8 3887967.0 13.0
1.01094223E8 3888314.0 13.0
1.01221649E8 3893230.0 13.0
1.01412653E8 3900565.0 13.0
1.01463702E8 3902534.0 13.0
1.01570182E8 3906625.0 13.0
1.01603199E8 3907901.0 13.0
1.0203593E8 3924543.0 13.0
1.02223108E8 3931736.0 13.0
1.02300755E8 3934721.0 13.0
1.02384552E8 3937939.0 13.0
1.02442271E8 3940166.0 13.0
1.02642495E8 3947868.0 13.0
1.02644758E8 3947961.0 13.0
1.02718953E8 3950806.0 13.0
1.0284534E8 3955661.0 13.0
1.02858829E8 3956193.0 13.0
1.02865938E8 3956465.0 13.0
1.02868865E8 3956570.0 13.0
1.0313128E8 3966664.0 13.0
1.03294877E8 3972955.0 13.0
1.03300431E8 3973173.0 13.0
1.03431917E8 3978231.0 13.0
1.03449231E8 3978895.0 13.0
1.03455793E8 3979142.0 13.0
1.0369728E8 3988446.0 13.0
1.03810025E8 3992779.0 13.0
1.03860026E8 3994685.0 13.0
1.04048837E8 4001959.0 13.0
1.04081072E8 4003202.0 13.0
1.0412434E8 4004859.0 13.0
1.04176865E8 4006875.0 13.0
1.04293158E8 4011352.0 13.0
1.04323697E8 4012536.0 13.0
1.04337973E8 4013066.0 13.0
1.0451908E8 4020041.0 13.0
1.04549843E8 4021231.0 13.0
1.045673E8 4021910.0 13.0
1.04647735E8 4024996.0 13.0
1.04674337E8 4026012.0 13.0
1.04686566E8 4026484.0 13.0
1.04723196E8 4027890.0 13.0
1.04723739E8 4027906.0 13.0
1.04835586E8 4032220.0 13.0
1.04993302E8 4038279.0 13.0
1.05027872E8 4039617.0 13.0
1.05248315E8 4048084.0 13.0
1.05393141E8 4053662.0 13.0
1.05456555E8 4056102.0 13.0
1.05513642E8 4058298.0 13.0
1.05589857E8 4061224.0 13.0
1.05618609E8 4062340.0 13.0
1.05745562E8 4067219.0 13.0
1.05851772E8 4071304.0 13.0
1.06010531E8 4077405.0 13.0
1.06062626E8 4079415.0 13.0
1.06112956E8 4081344.0 13.0
1.06156181E8 4083009.0 13.0
1.06235201E8 4086049.0 13.0
1.06536045E8 4097618.0 13.0
1.067105E8 4104331.0 13.0
1.07178098E8 4122318.0 13.0
1.07222569E8 4124027.0 13.0
1.07320415E8 4127790.0 13.0
1.07332424E8 4128252.0 13.0
1.07485135E8 4134127.0 13.0
1.07498518E8 4134641.0 13.0
1.07502042E8 4134776.0 13.0
1.07574133E8 4137553.0 13.0
1.0770232E8 4142473.0 13.0
1.08098677E8 4157730.0 13.0
1.08200655E8 4161652.0 13.0
1.08217248E8 4162282.0 13.0
1.08364676E8 4167946.0 13.0
1.08452422E8 4171331.0 13.0
1.08459051E8 4171580.0 13.0
1.08588565E8 4176565.0 13.0
1.08709224E8 4181205.0 13.0
1.08716221E8 4181483.0 13.0
1.09487063E8 4211115.0 13.0
1.0965134E8 4217453.0 13.0
1.09693323E8 4219051.0 13.0
1.09716589E8 4219946.0 13.0
1.10833882E8 4262928.0 13.0
1.11138876E8 4274656.0 13.0
1.11900672E8 4303959.0 13.0
1.11952337E8 4305939.0 13.0
1.12924951E8 4343349.0 13.0
1.13281511E8 4357071.0 13.0
1.14904565E8 4419493.0 13.0
