rev4
5665269.0 217900.0 13.0
5678098.0 218393.0 13.0
5681751.0 218536.0 13.0
5695869.0 219077.0 13.0
5736739.0 220649.0 13.0
5752977.0 221273.0 13.0
5754551.0 221335.0 13.0
5782100.0 222394.0 13.0
5788123.0 222625.0 13.0
5793669.0 222840.0 13.0
5797955.0 223003.0 13.0
5802397.0 223174.0 13.0
5803155.0 223203.0 13.0
5813203.0 223591.0 13.0
5820602.0 223873.0 13.0
5820952.0 223888.0 13.0
5822515.0 223949.0 13.0
5822617.0 223953.0 13.0
5826973.0 224122.0 13.0
5832834.0 224344.0 13.0
5837959.0 224542.0 13.0
5838958.0 224581.0 13.0
5841252.0 224672.0 13.0
5848967.0 224965.0 13.0
5849242.0 224976.0 13.0
5850516.0 225025.0 13.0
5853774.0 225151.0 13.0
5858452.0 225329.0 13.0
5858904.0 225347.0 13.0
5871315.0 225825.0 13.0
5874106.0 225931.0 13.0
5877965.0 226083.0 13.0
5892335.0 226636.0 13.0
5893792.0 226690.0 13.0
5895835.0 226767.0 13.0
5896086.0 226779.0 13.0
5903644.0 227070.0 13.0
5923504.0 227834.0 13.0
5929506.0 228063.0 13.0
5935694.0 228301.0 13.0
5948806.0 228808.0 13.0
5949445.0 228830.0 13.0
5962321.0 229326.0 13.0
5968715.0 229573.0 13.0
5976036.0 229852.0 13.0
5977370.0 229904.0 13.0
5979977.0 230005.0 13.0
5981225.0 230053.0 13.0
5981244.0 230053.0 13.0
5981601.0 230066.0 13.0
5983737.0 230149.0 13.0
5993558.0 230528.0 13.0
5993890.0 230537.0 13.0
6003776.0 230918.0 13.0
6009904.0 231156.0 13.0
6013486.0 231291.0 13.0
6035902.0 232155.0 13.0
6040685.0 232337.0 13.0
6047338.0 232595.0 13.0
6055156.0 232900.0 13.0
6057606.0 232991.0 13.0
6069937.0 233464.0 13.0
6077527.0 233758.0 13.0
6092840.0 234348.0 13.0
6100607.0 234647.0 13.0
6104580.0 234798.0 13.0
6116852.0 235270.0 13.0
6122996.0 235507.0 13.0
6125135.0 235588.0 13.0
6125934.0 235617.0 13.0
6134492.0 235947.0 13.0
6135472.0 235985.0 13.0
6141876.0 236233.0 13.0
6157096.0 236817.0 13.0
6158564.0 236875.0 13.0
6158834.0 236884.0 13.0
6164588.0 237105.0 13.0
6165135.0 237125.0 13.0
6183275.0 237824.0 13.0
6185138.0 237893.0 13.0
6211393.0 238906.0 13.0
6215883.0 239077.0 13.0
6223055.0 239354.0 13.0
6229559.0 239604.0 13.0
6231180.0 239666.0 13.0
6241134.0 240049.0 13.0
6242912.0 240118.0 13.0
6275590.0 241373.0 13.0
6284533.0 241717.0 13.0
6286034.0 241776.0 13.0
6288556.0 241874.0 13.0
6311608.0 242760.0 13.0
6327383.0 243368.0 13.0
6457479.0 248373.0 13.0
6462472.0 248560.0 13.0
6513593.0 250526.0 13.0
6518286.0 250709.0 13.0
6518703.0 250727.0 13.0
6548752.0 251881.0 13.0
6645261.0 255591.0 13.0
