rev4
1899.0 74.0 13.0
1977.0 77.0 13.0
1977.0 77.0 13.0
2003.0 78.0 13.0
2003.0 78.0 13.0
2029.0 79.0 13.0
2029.0 79.0 13.0
2029.0 79.0 13.0
2029.0 79.0 13.0
2029.0 79.0 13.0
2055.0 80.0 13.0
2055.0 80.0 13.0
2055.0 80.0 13.0
2081.0 81.0 13.0
2081.0 81.0 13.0
2107.0 82.0 13.0
2133.0 83.0 13.0
2133.0 83.0 13.0
2133.0 83.0 13.0
2133.0 83.0 13.0
2133.0 83.0 13.0
2133.0 83.0 13.0
2133.0 83.0 13.0
2159.0 84.0 13.0
2159.0 84.0 13.0
2159.0 84.0 13.0
2159.0 84.0 13.0
2159.0 84.0 13.0
2185.0 85.0 13.0
2185.0 85.0 13.0
2185.0 85.0 13.0
2185.0 85.0 13.0
2185.0 85.0 13.0
2185.0 85.0 13.0
2185.0 85.0 13.0
2185.0 85.0 13.0
2211.0 86.0 13.0
2211.0 86.0 13.0
2211.0 86.0 13.0
2211.0 86.0 13.0
2211.0 86.0 13.0
2211.0 86.0 13.0
2237.0 87.0 13.0
2237.0 87.0 13.0
2237.0 87.0 13.0
2237.0 87.0 13.0
2263.0 88.0 13.0
2263.0 88.0 13.0
2263.0 88.0 13.0
2263.0 88.0 13.0
2289.0 89.0 13.0
2289.0 89.0 13.0
2289.0 89.0 13.0
2289.0 89.0 13.0
2315.0 90.0 13.0
2315.0 90.0 13.0
2315.0 90.0 13.0
2315.0 90.0 13.0
2315.0 90.0 13.0
2315.0 90.0 13.0
2341.0 91.0 13.0
2341.0 91.0 13.0
2341.0 91.0 13.0
2341.0 91.0 13.0
2367.0 92.0 13.0
2367.0 92.0 13.0
2367.0 92.0 13.0
2367.0 92.0 13.0
2367.0 92.0 13.0
2393.0 93.0 13.0
2393.0 93.0 13.0
2393.0 93.0 13.0
2393.0 93.0 13.0
2393.0 93.0 13.0
2393.0 93.0 13.0
2419.0 94.0 13.0
2419.0 94.0 13.0
2445.0 95.0 13.0
2445.0 95.0 13.0
2445.0 95.0 13.0
2445.0 95.0 13.0
2471.0 96.0 13.0
2471.0 96.0 13.0
2471.0 96.0 13.0
2471.0 96.0 13.0
2471.0 96.0 13.0
2497.0 97.0 13.0
2497.0 97.0 13.0
2523.0 98.0 13.0
2523.0 98.0 13.0
2549.0 99.0 13.0
2549.0 99.0 13.0
2575.0 100.0 13.0
2601.0 101.0 13.0
2601.0 101.0 13.0
2601.0 101.0 13.0
2653.0 103.0 13.0
2731.0 106.0 13.0
2861.0 111.0 13.0
3043.0 118.0 13.0
