rev4
859.0 34.0 13.0
911.0 36.0 13.0
937.0 37.0 13.0
963.0 38.0 13.0
963.0 38.0 13.0
963.0 38.0 13.0
963.0 38.0 13.0
963.0 38.0 13.0
963.0 38.0 13.0
989.0 39.0 13.0
989.0 39.0 13.0
989.0 39.0 13.0
989.0 39.0 13.0
989.0 39.0 13.0
1015.0 40.0 13.0
1015.0 40.0 13.0
1015.0 40.0 13.0
1015.0 40.0 13.0
1015.0 40.0 13.0
1015.0 40.0 13.0
1015.0 40.0 13.0
1015.0 40.0 13.0
1015.0 40.0 13.0
1015.0 40.0 13.0
1015.0 40.0 13.0
1041.0 41.0 13.0
1041.0 41.0 13.0
1041.0 41.0 13.0
1041.0 41.0 13.0
1041.0 41.0 13.0
1041.0 41.0 13.0
1067.0 42.0 13.0
1067.0 42.0 13.0
1067.0 42.0 13.0
1067.0 42.0 13.0
1067.0 42.0 13.0
1067.0 42.0 13.0
1067.0 42.0 13.0
1067.0 42.0 13.0
1067.0 42.0 13.0
1067.0 42.0 13.0
1093.0 43.0 13.0
1093.0 43.0 13.0
1093.0 43.0 13.0
1093.0 43.0 13.0
1093.0 43.0 13.0
1093.0 43.0 13.0
1093.0 43.0 13.0
1093.0 43.0 13.0
1093.0 43.0 13.0
1119.0 44.0 13.0
1119.0 44.0 13.0
1119.0 44.0 13.0
1119.0 44.0 13.0
1119.0 44.0 13.0
1119.0 44.0 13.0
1119.0 44.0 13.0
1119.0 44.0 13.0
1119.0 44.0 13.0
1119.0 44.0 13.0
1119.0 44.0 13.0
1145.0 45.0 13.0
1145.0 45.0 13.0
1145.0 45.0 13.0
1145.0 45.0 13.0
1171.0 46.0 13.0
1171.0 46.0 13.0
1171.0 46.0 13.0
1171.0 46.0 13.0
1171.0 46.0 13.0
1171.0 46.0 13.0
1171.0 46.0 13.0
1171.0 46.0 13.0
1197.0 47.0 13.0
1197.0 47.0 13.0
1197.0 47.0 13.0
1197.0 47.0 13.0
1197.0 47.0 13.0
1197.0 47.0 13.0
1197.0 47.0 13.0
1197.0 47.0 13.0
1223.0 48.0 13.0
1223.0 48.0 13.0
1223.0 48.0 13.0
1249.0 49.0 13.0
1249.0 49.0 13.0
1249.0 49.0 13.0
1249.0 49.0 13.0
1249.0 49.0 13.0
1275.0 50.0 13.0
1275.0 50.0 13.0
1275.0 50.0 13.0
1327.0 52.0 13.0
1327.0 52.0 13.0
1379.0 54.0 13.0
1379.0 54.0 13.0
1405.0 55.0 13.0
1431.0 56.0 13.0
1457.0 57.0 13.0
1483.0 58.0 13.0
