rev4
17758.0 684.0 13.0
17967.0 692.0 13.0
18097.0 697.0 13.0
18123.0 698.0 13.0
18305.0 705.0 13.0
18331.0 706.0 13.0
18383.0 708.0 13.0
18383.0 708.0 13.0
18461.0 711.0 13.0
18551.0 715.0 13.0
18617.0 717.0 13.0
18630.0 718.0 13.0
18643.0 718.0 13.0
18643.0 718.0 13.0
18695.0 720.0 13.0
18760.0 723.0 13.0
18773.0 723.0 13.0
18773.0 723.0 13.0
18773.0 723.0 13.0
18786.0 724.0 13.0
18799.0 724.0 13.0
18825.0 725.0 13.0
18877.0 727.0 13.0
18877.0 727.0 13.0
18929.0 729.0 13.0
18942.0 730.0 13.0
18980.0 731.0 13.0
18981.0 731.0 13.0
19033.0 733.0 13.0
19033.0 733.0 13.0
19059.0 734.0 13.0
19085.0 735.0 13.0
19085.0 735.0 13.0
19111.0 736.0 13.0
19189.0 739.0 13.0
19215.0 740.0 13.0
19228.0 741.0 13.0
19241.0 741.0 13.0
19292.0 743.0 13.0
19292.0 743.0 13.0
19332.0 745.0 13.0
19345.0 745.0 13.0
19371.0 746.0 13.0
19396.0 747.0 13.0
19397.0 747.0 13.0
19397.0 747.0 13.0
19423.0 748.0 13.0
19423.0 748.0 13.0
19448.0 749.0 13.0
19449.0 749.0 13.0
19449.0 749.0 13.0
19475.0 750.0 13.0
19527.0 752.0 13.0
19527.0 752.0 13.0
19553.0 753.0 13.0
19553.0 753.0 13.0
19553.0 753.0 13.0
19657.0 757.0 13.0
19683.0 758.0 13.0
19709.0 759.0 13.0
19787.0 762.0 13.0
19787.0 762.0 13.0
19812.0 763.0 13.0
19813.0 763.0 13.0
19813.0 763.0 13.0
19865.0 765.0 13.0
19917.0 767.0 13.0
19917.0 767.0 13.0
20020.0 771.0 13.0
20099.0 774.0 13.0
20099.0 774.0 13.0
20125.0 775.0 13.0
20177.0 777.0 13.0
20229.0 779.0 13.0
20229.0 779.0 13.0
20255.0 780.0 13.0
20306.0 782.0 13.0
20307.0 782.0 13.0
20307.0 782.0 13.0
20359.0 784.0 13.0
20385.0 785.0 13.0
20463.0 788.0 13.0
20489.0 789.0 13.0
20489.0 789.0 13.0
20514.0 790.0 13.0
20541.0 791.0 13.0
20593.0 793.0 13.0
20671.0 796.0 13.0
20723.0 798.0 13.0
20801.0 801.0 13.0
20853.0 803.0 13.0
20996.0 809.0 13.0
21061.0 811.0 13.0
21321.0 821.0 13.0
21321.0 821.0 13.0
21581.0 831.0 13.0
21685.0 835.0 13.0
21919.0 844.0 13.0
22595.0 870.0 13.0
22647.0 872.0 13.0
