rev4
2797374.0 107594.0 13.0
2802620.0 107796.0 13.0
2803964.0 107847.0 13.0
2812153.0 108161.0 13.0
2816118.0 108316.0 13.0
2827707.0 108762.0 13.0
2828397.0 108787.0 13.0
2831102.0 108891.0 13.0
2831271.0 108897.0 13.0
2833574.0 108986.0 13.0
2834384.0 109017.0 13.0
2837750.0 109147.0 13.0
2839370.0 109210.0 13.0
2840306.0 109245.0 13.0
2840383.0 109248.0 13.0
2843851.0 109383.0 13.0
2846909.0 109500.0 13.0
2850870.0 109651.0 13.0
2851513.0 109677.0 13.0
2854997.0 109811.0 13.0
2865641.0 110220.0 13.0
2870345.0 110400.0 13.0
2873218.0 110512.0 13.0
2878955.0 110731.0 13.0
2880850.0 110804.0 13.0
2885066.0 110967.0 13.0
2885697.0 110992.0 13.0
2886782.0 111035.0 13.0
2887896.0 111076.0 13.0
2889224.0 111127.0 13.0
2889262.0 111128.0 13.0
2891356.0 111208.0 13.0
2891760.0 111227.0 13.0
2893663.0 111297.0 13.0
2895500.0 111368.0 13.0
2896038.0 111388.0 13.0
2898853.0 111497.0 13.0
2901705.0 111608.0 13.0
2912104.0 112007.0 13.0
2916342.0 112170.0 13.0
2917953.0 112231.0 13.0
2918297.0 112246.0 13.0
2919288.0 112282.0 13.0
2920654.0 112337.0 13.0
2922547.0 112408.0 13.0
2924012.0 112466.0 13.0
2927341.0 112593.0 13.0
2934050.0 112851.0 13.0
2934629.0 112873.0 13.0
2936417.0 112941.0 13.0
2937805.0 112996.0 13.0
2938728.0 113031.0 13.0
2940754.0 113108.0 13.0
2943458.0 113213.0 13.0
2954680.0 113645.0 13.0
2954742.0 113647.0 13.0
2956239.0 113706.0 13.0
2958784.0 113802.0 13.0
2960018.0 113850.0 13.0
2965222.0 114050.0 13.0
2965456.0 114059.0 13.0
2971303.0 114284.0 13.0
2972232.0 114319.0 13.0
2975382.0 114440.0 13.0
2975566.0 114446.0 13.0
2983394.0 114749.0 13.0
2984104.0 114778.0 13.0
2986849.0 114881.0 13.0
2986868.0 114884.0 13.0
2986912.0 114883.0 13.0
2991285.0 115053.0 13.0
2994871.0 115190.0 13.0
2996408.0 115250.0 13.0
3000442.0 115404.0 13.0
3001714.0 115453.0 13.0
3001725.0 115455.0 13.0
3006541.0 115639.0 13.0
3027487.0 116444.0 13.0
3054044.0 117466.0 13.0
3055211.0 117512.0 13.0
3059671.0 117682.0 13.0
3061898.0 117769.0 13.0
3065230.0 117896.0 13.0
3066418.0 117941.0 13.0
3075409.0 118288.0 13.0
3080313.0 118478.0 13.0
3085415.0 118672.0 13.0
3088572.0 118796.0 13.0
3110814.0 119650.0 13.0
3128813.0 120342.0 13.0
3134787.0 120572.0 13.0
3140476.0 120791.0 13.0
3143811.0 120920.0 13.0
3155693.0 121377.0 13.0
3161166.0 121585.0 13.0
3177744.0 122226.0 13.0
3193855.0 122844.0 13.0
3194186.0 122856.0 13.0
3232882.0 124346.0 13.0
3386869.0 130266.0 13.0
