rev4
989.0 39.0 13.0
1145.0 45.0 13.0
1197.0 47.0 13.0
1223.0 48.0 13.0
1301.0 51.0 13.0
1301.0 51.0 13.0
1327.0 52.0 13.0
1327.0 52.0 13.0
1327.0 52.0 13.0
1353.0 53.0 13.0
1353.0 53.0 13.0
1379.0 54.0 13.0
1405.0 55.0 13.0
1405.0 55.0 13.0
1405.0 55.0 13.0
1405.0 55.0 13.0
1405.0 55.0 13.0
1431.0 56.0 13.0
1457.0 57.0 13.0
1457.0 57.0 13.0
1457.0 57.0 13.0
1483.0 58.0 13.0
1483.0 58.0 13.0
1483.0 58.0 13.0
1483.0 58.0 13.0
1483.0 58.0 13.0
1509.0 59.0 13.0
1509.0 59.0 13.0
1535.0 60.0 13.0
1535.0 60.0 13.0
1561.0 61.0 13.0
1561.0 61.0 13.0
1561.0 61.0 13.0
1561.0 61.0 13.0
1587.0 62.0 13.0
1613.0 63.0 13.0
1613.0 63.0 13.0
1613.0 63.0 13.0
1613.0 63.0 13.0
1613.0 63.0 13.0
1639.0 64.0 13.0
1639.0 64.0 13.0
1639.0 64.0 13.0
1665.0 65.0 13.0
1665.0 65.0 13.0
1691.0 66.0 13.0
1691.0 66.0 13.0
1691.0 66.0 13.0
1717.0 67.0 13.0
1717.0 67.0 13.0
1717.0 67.0 13.0
1717.0 67.0 13.0
1717.0 67.0 13.0
1743.0 68.0 13.0
1769.0 69.0 13.0
1769.0 69.0 13.0
1769.0 69.0 13.0
1769.0 69.0 13.0
1795.0 70.0 13.0
1795.0 70.0 13.0
1795.0 70.0 13.0
1795.0 70.0 13.0
1795.0 70.0 13.0
1821.0 71.0 13.0
1847.0 72.0 13.0
1873.0 73.0 13.0
1899.0 74.0 13.0
1899.0 74.0 13.0
1899.0 74.0 13.0
1899.0 74.0 13.0
1925.0 75.0 13.0
1925.0 75.0 13.0
1925.0 75.0 13.0
1925.0 75.0 13.0
1977.0 77.0 13.0
1977.0 77.0 13.0
2003.0 78.0 13.0
2003.0 78.0 13.0
2003.0 78.0 13.0
2003.0 78.0 13.0
2003.0 78.0 13.0
2003.0 78.0 13.0
2003.0 78.0 13.0
2055.0 80.0 13.0
2081.0 81.0 13.0
2107.0 82.0 13.0
2133.0 83.0 13.0
2133.0 83.0 13.0
2159.0 84.0 13.0
2185.0 85.0 13.0
2237.0 87.0 13.0
2237.0 87.0 13.0
2289.0 89.0 13.0
2315.0 90.0 13.0
2341.0 91.0 13.0
2367.0 92.0 13.0
2471.0 96.0 13.0
2497.0 97.0 13.0
2653.0 103.0 13.0
2679.0 104.0 13.0
