rev4
46515.0 1790.0 13.0
47997.0 1847.0 13.0
48436.0 1864.0 13.0
48490.0 1866.0 13.0
48709.0 1875.0 13.0
48881.0 1881.0 13.0
48881.0 1881.0 13.0
48933.0 1883.0 13.0
48998.0 1886.0 13.0
49141.0 1891.0 13.0
49219.0 1894.0 13.0
49271.0 1896.0 13.0
49453.0 1903.0 13.0
49453.0 1903.0 13.0
49791.0 1916.0 13.0
49842.0 1918.0 13.0
49895.0 1920.0 13.0
49947.0 1922.0 13.0
49973.0 1923.0 13.0
49973.0 1923.0 13.0
50337.0 1937.0 13.0
50337.0 1937.0 13.0
50518.0 1944.0 13.0
50571.0 1946.0 13.0
50752.0 1953.0 13.0
50753.0 1953.0 13.0
50857.0 1957.0 13.0
50857.0 1957.0 13.0
50960.0 1961.0 13.0
50974.0 1962.0 13.0
51039.0 1964.0 13.0
51065.0 1965.0 13.0
51169.0 1969.0 13.0
51208.0 1971.0 13.0
51351.0 1976.0 13.0
51374.0 1977.0 13.0
51442.0 1980.0 13.0
51481.0 1981.0 13.0
51637.0 1987.0 13.0
51661.0 1988.0 13.0
51740.0 1991.0 13.0
51792.0 1993.0 13.0
51844.0 1995.0 13.0
51871.0 1996.0 13.0
51884.0 1997.0 13.0
52026.0 2002.0 13.0
52027.0 2002.0 13.0
52287.0 2012.0 13.0
52313.0 2013.0 13.0
52599.0 2024.0 13.0
52599.0 2024.0 13.0
52988.0 2039.0 13.0
53080.0 2043.0 13.0
53223.0 2048.0 13.0
53275.0 2050.0 13.0
53353.0 2053.0 13.0
53405.0 2055.0 13.0
53431.0 2056.0 13.0
53431.0 2056.0 13.0
53561.0 2061.0 13.0
53612.0 2063.0 13.0
53613.0 2063.0 13.0
53873.0 2073.0 13.0
53938.0 2076.0 13.0
54029.0 2079.0 13.0
54105.0 2082.0 13.0
54263.0 2088.0 13.0
54315.0 2090.0 13.0
54419.0 2094.0 13.0
54445.0 2095.0 13.0
54731.0 2106.0 13.0
54861.0 2111.0 13.0
54965.0 2115.0 13.0
55121.0 2121.0 13.0
55433.0 2133.0 13.0
55459.0 2134.0 13.0
55511.0 2136.0 13.0
55641.0 2141.0 13.0
55978.0 2154.0 13.0
56395.0 2170.0 13.0
56525.0 2175.0 13.0
56655.0 2180.0 13.0
56746.0 2184.0 13.0
57149.0 2199.0 13.0
57929.0 2229.0 13.0
58109.0 2236.0 13.0
58215.0 2240.0 13.0
58345.0 2245.0 13.0
58709.0 2259.0 13.0
58759.0 2261.0 13.0
58787.0 2262.0 13.0
59047.0 2272.0 13.0
59255.0 2280.0 13.0
59462.0 2288.0 13.0
59463.0 2288.0 13.0
60685.0 2335.0 13.0
62271.0 2396.0 13.0
62920.0 2421.0 13.0
62998.0 2424.0 13.0
69525.0 2675.0 13.0
