rev4
1624138.0 62468.0 13.0
1641804.0 63148.0 13.0
1654398.0 63633.0 13.0
1663795.0 63995.0 13.0
1665629.0 64065.0 13.0
1672248.0 64319.0 13.0
1672980.0 64347.0 13.0
1676753.0 64492.0 13.0
1678388.0 64555.0 13.0
1682210.0 64702.0 13.0
1685958.0 64847.0 13.0
1687823.0 64919.0 13.0
1690649.0 65027.0 13.0
1691601.0 65065.0 13.0
1693206.0 65126.0 13.0
1694997.0 65194.0 13.0
1695534.0 65215.0 13.0
1696350.0 65246.0 13.0
1698253.0 65319.0 13.0
1704222.0 65550.0 13.0
1705064.0 65581.0 13.0
1707397.0 65671.0 13.0
1707918.0 65692.0 13.0
1707935.0 65692.0 13.0
1708253.0 65705.0 13.0
1708665.0 65720.0 13.0
1710602.0 65794.0 13.0
1715698.0 65991.0 13.0
1715722.0 65992.0 13.0
1715942.0 66000.0 13.0
1720149.0 66162.0 13.0
1724167.0 66316.0 13.0
1725224.0 66358.0 13.0
1725862.0 66382.0 13.0
1726310.0 66400.0 13.0
1728797.0 66495.0 13.0
1730938.0 66576.0 13.0
1734336.0 66708.0 13.0
1734584.0 66716.0 13.0
1734945.0 66730.0 13.0
1735441.0 66749.0 13.0
1739000.0 66887.0 13.0
1741786.0 66993.0 13.0
1742044.0 67005.0 13.0
1747390.0 67209.0 13.0
1750677.0 67336.0 13.0
1751353.0 67361.0 13.0
1752187.0 67394.0 13.0
1753253.0 67436.0 13.0
1754853.0 67497.0 13.0
1755473.0 67520.0 13.0
1759449.0 67674.0 13.0
1763796.0 67840.0 13.0
1764237.0 67857.0 13.0
1764784.0 67879.0 13.0
1766524.0 67945.0 13.0
1767623.0 67988.0 13.0
1768072.0 68004.0 13.0
1771631.0 68143.0 13.0
1773086.0 68197.0 13.0
1774222.0 68242.0 13.0
1774868.0 68266.0 13.0
1775950.0 68310.0 13.0
1775965.0 68308.0 13.0
1776536.0 68331.0 13.0
1776763.0 68339.0 13.0
1777578.0 68371.0 13.0
1779031.0 68427.0 13.0
1781653.0 68528.0 13.0
1787477.0 68751.0 13.0
1787608.0 68756.0 13.0
1789118.0 68814.0 13.0
1791599.0 68910.0 13.0
1792795.0 68957.0 13.0
1798527.0 69176.0 13.0
1798636.0 69180.0 13.0
1802257.0 69319.0 13.0
1807357.0 69517.0 13.0
1822215.0 70089.0 13.0
1822620.0 70103.0 13.0
1826685.0 70259.0 13.0
1828499.0 70329.0 13.0
1832422.0 70481.0 13.0
1833187.0 70509.0 13.0
1838246.0 70705.0 13.0
1852352.0 71247.0 13.0
1855416.0 71365.0 13.0
1856719.0 71415.0 13.0
1860253.0 71551.0 13.0
1861535.0 71599.0 13.0
1874422.0 72096.0 13.0
1876451.0 72175.0 13.0
1876621.0 72180.0 13.0
1888255.0 72628.0 13.0
1890257.0 72705.0 13.0
1948465.0 74945.0 13.0
1950360.0 75017.0 13.0
1971802.0 75840.0 13.0
2060254.0 79242.0 13.0
2140364.0 82324.0 13.0
