rev4
392080.0 15081.0 13.0
396551.0 15254.0 13.0
397344.0 15284.0 13.0
401049.0 15426.0 13.0
402962.0 15500.0 13.0
404674.0 15566.0 13.0
405183.0 15585.0 13.0
407654.0 15681.0 13.0
408226.0 15702.0 13.0
409877.0 15766.0 13.0
410084.0 15774.0 13.0
411957.0 15846.0 13.0
412123.0 15852.0 13.0
412244.0 15857.0 13.0
413986.0 15924.0 13.0
415688.0 15989.0 13.0
415724.0 15991.0 13.0
415739.0 15991.0 13.0
416443.0 16018.0 13.0
417039.0 16041.0 13.0
417755.0 16069.0 13.0
418119.0 16083.0 13.0
418573.0 16100.0 13.0
418794.0 16109.0 13.0
419147.0 16122.0 13.0
419547.0 16138.0 13.0
419938.0 16153.0 13.0
419989.0 16155.0 13.0
421119.0 16198.0 13.0
421486.0 16212.0 13.0
422187.0 16239.0 13.0
422365.0 16246.0 13.0
422890.0 16266.0 13.0
423721.0 16298.0 13.0
423866.0 16304.0 13.0
423955.0 16308.0 13.0
424642.0 16334.0 13.0
424736.0 16337.0 13.0
425047.0 16349.0 13.0
425088.0 16351.0 13.0
425459.0 16365.0 13.0
425617.0 16371.0 13.0
426606.0 16409.0 13.0
426686.0 16413.0 13.0
426698.0 16413.0 13.0
428322.0 16475.0 13.0
428738.0 16491.0 13.0
429062.0 16504.0 13.0
429520.0 16522.0 13.0
430832.0 16572.0 13.0
431581.0 16601.0 13.0
431906.0 16613.0 13.0
432132.0 16622.0 13.0
432441.0 16634.0 13.0
432625.0 16641.0 13.0
433796.0 16686.0 13.0
435158.0 16738.0 13.0
436643.0 16795.0 13.0
436710.0 16798.0 13.0
436799.0 16802.0 13.0
437398.0 16825.0 13.0
438034.0 16849.0 13.0
438387.0 16862.0 13.0
440101.0 16929.0 13.0
440648.0 16949.0 13.0
441517.0 16984.0 13.0
442947.0 17038.0 13.0
444574.0 17100.0 13.0
446261.0 17165.0 13.0
447097.0 17198.0 13.0
447874.0 17227.0 13.0
448677.0 17258.0 13.0
449874.0 17304.0 13.0
450710.0 17336.0 13.0
451075.0 17350.0 13.0
451279.0 17359.0 13.0
454713.0 17490.0 13.0
455893.0 17536.0 13.0
456247.0 17549.0 13.0
457756.0 17607.0 13.0
459053.0 17657.0 13.0
459107.0 17659.0 13.0
460044.0 17696.0 13.0
460056.0 17696.0 13.0
464335.0 17860.0 13.0
471146.0 18122.0 13.0
473460.0 18211.0 13.0
475306.0 18282.0 13.0
477408.0 18363.0 13.0
477411.0 18363.0 13.0
479647.0 18449.0 13.0
483286.0 18589.0 13.0
485602.0 18678.0 13.0
486353.0 18707.0 13.0
489135.0 18814.0 13.0
491577.0 18908.0 13.0
504019.0 19387.0 13.0
514273.0 19781.0 13.0
523196.0 20125.0 13.0
527514.0 20290.0 13.0
