rev4
6739643.0 259223.0 13.0
6756341.0 259867.0 13.0
6814559.0 262107.0 13.0
6826695.0 262572.0 13.0
6829147.0 262665.0 13.0
6867730.0 264152.0 13.0
6886290.0 264864.0 13.0
6918474.0 266104.0 13.0
6924977.0 266350.0 13.0
6935576.0 266759.0 13.0
6935716.0 266766.0 13.0
6947569.0 267222.0 13.0
6952737.0 267418.0 13.0
6955583.0 267527.0 13.0
6960620.0 267724.0 13.0
6961029.0 267739.0 13.0
6979136.0 268434.0 13.0
6981961.0 268544.0 13.0
6983090.0 268586.0 13.0
6985586.0 268682.0 13.0
7009365.0 269596.0 13.0
7011414.0 269676.0 13.0
7022794.0 270115.0 13.0
7047064.0 271045.0 13.0
7061787.0 271617.0 13.0
7064348.0 271710.0 13.0
7070906.0 271962.0 13.0
7074608.0 272106.0 13.0
7085136.0 272511.0 13.0
7097888.0 273002.0 13.0
7099708.0 273072.0 13.0
7107226.0 273361.0 13.0
7107907.0 273387.0 13.0
7121012.0 273892.0 13.0
7129200.0 274209.0 13.0
7131851.0 274307.0 13.0
7133789.0 274383.0 13.0
7137909.0 274541.0 13.0
7140874.0 274654.0 13.0
7154367.0 275178.0 13.0
7156299.0 275247.0 13.0
7157820.0 275307.0 13.0
7163083.0 275509.0 13.0
7164124.0 275553.0 13.0
7166060.0 275626.0 13.0
7169637.0 275760.0 13.0
7194272.0 276706.0 13.0
7197385.0 276831.0 13.0
7202530.0 277029.0 13.0
7207753.0 277230.0 13.0
7243659.0 278607.0 13.0
7246129.0 278704.0 13.0
7246823.0 278730.0 13.0
7247359.0 278750.0 13.0
7251804.0 278923.0 13.0
7253220.0 278977.0 13.0
7254009.0 279007.0 13.0
7258530.0 279178.0 13.0
7258695.0 279187.0 13.0
7263738.0 279379.0 13.0
7272728.0 279726.0 13.0
7275280.0 279825.0 13.0
7279750.0 280000.0 13.0
7281325.0 280059.0 13.0
7299223.0 280745.0 13.0
7300006.0 280776.0 13.0
7335042.0 282121.0 13.0
7342144.0 282399.0 13.0
7346766.0 282574.0 13.0
7370741.0 283499.0 13.0
7413325.0 285135.0 13.0
7420463.0 285408.0 13.0
7469633.0 287299.0 13.0
7473081.0 287432.0 13.0
7482488.0 287794.0 13.0
7489831.0 288077.0 13.0
7523754.0 289379.0 13.0
7530865.0 289655.0 13.0
7571787.0 291229.0 13.0
7575266.0 291363.0 13.0
7577174.0 291439.0 13.0
7577686.0 291454.0 13.0
7583445.0 291680.0 13.0
7598424.0 292252.0 13.0
7601726.0 292380.0 13.0
7622128.0 293166.0 13.0
7627281.0 293361.0 13.0
7646558.0 294104.0 13.0
7649639.0 294225.0 13.0
7655158.0 294435.0 13.0
7658722.0 294572.0 13.0
7665233.0 294821.0 13.0
7679371.0 295368.0 13.0
7694140.0 295931.0 13.0
7701384.0 296211.0 13.0
7702312.0 296249.0 13.0
7859172.0 302282.0 13.0
7901814.0 303920.0 13.0
8022888.0 308579.0 13.0
8257236.0 317591.0 13.0
