rev4
10999.0 424.0 13.0
11181.0 431.0 13.0
11233.0 433.0 13.0
11415.0 440.0 13.0
11545.0 445.0 13.0
11545.0 445.0 13.0
11649.0 449.0 13.0
11701.0 451.0 13.0
11727.0 452.0 13.0
11727.0 452.0 13.0
11779.0 454.0 13.0
11857.0 457.0 13.0
11883.0 458.0 13.0
11935.0 460.0 13.0
12013.0 463.0 13.0
12013.0 463.0 13.0
12013.0 463.0 13.0
12065.0 465.0 13.0
12117.0 467.0 13.0
12117.0 467.0 13.0
12143.0 468.0 13.0
12143.0 468.0 13.0
12169.0 469.0 13.0
12195.0 470.0 13.0
12221.0 471.0 13.0
12247.0 472.0 13.0
12247.0 472.0 13.0
12273.0 473.0 13.0
12299.0 474.0 13.0
12299.0 474.0 13.0
12351.0 476.0 13.0
12351.0 476.0 13.0
12455.0 480.0 13.0
12455.0 480.0 13.0
12507.0 482.0 13.0
12533.0 483.0 13.0
12611.0 486.0 13.0
12637.0 487.0 13.0
12663.0 488.0 13.0
12663.0 488.0 13.0
12767.0 492.0 13.0
12819.0 494.0 13.0
12845.0 495.0 13.0
12845.0 495.0 13.0
12845.0 495.0 13.0
12923.0 498.0 13.0
12948.0 499.0 13.0
12948.0 499.0 13.0
12949.0 499.0 13.0
12975.0 500.0 13.0
13001.0 501.0 13.0
13027.0 502.0 13.0
13105.0 505.0 13.0
13105.0 505.0 13.0
13105.0 505.0 13.0
13131.0 506.0 13.0
13157.0 507.0 13.0
13207.0 509.0 13.0
13209.0 509.0 13.0
13209.0 509.0 13.0
13235.0 510.0 13.0
13287.0 512.0 13.0
13364.0 515.0 13.0
13365.0 515.0 13.0
13443.0 518.0 13.0
13443.0 518.0 13.0
13495.0 520.0 13.0
13495.0 520.0 13.0
13599.0 524.0 13.0
13651.0 526.0 13.0
13677.0 527.0 13.0
13807.0 532.0 13.0
13937.0 537.0 13.0
13963.0 538.0 13.0
14067.0 542.0 13.0
14067.0 542.0 13.0
14093.0 543.0 13.0
14093.0 543.0 13.0
14145.0 545.0 13.0
14249.0 549.0 13.0
14353.0 553.0 13.0
14379.0 554.0 13.0
14405.0 555.0 13.0
14457.0 557.0 13.0
14457.0 557.0 13.0
14457.0 557.0 13.0
14613.0 563.0 13.0
14691.0 566.0 13.0
14717.0 567.0 13.0
14717.0 567.0 13.0
14743.0 568.0 13.0
14847.0 572.0 13.0
14951.0 576.0 13.0
14951.0 576.0 13.0
15081.0 581.0 13.0
15237.0 587.0 13.0
15445.0 595.0 13.0
15523.0 598.0 13.0
15523.0 598.0 13.0
16121.0 621.0 13.0
