rev4
3353471.0 128985.0 13.0
3379758.0 129993.0 13.0
3384573.0 130180.0 13.0
3390128.0 130392.0 13.0
3396563.0 130642.0 13.0
3398221.0 130705.0 13.0
3406468.0 131021.0 13.0
3413235.0 131280.0 13.0
3421512.0 131600.0 13.0
3422474.0 131638.0 13.0
3441527.0 132371.0 13.0
3448407.0 132634.0 13.0
3449608.0 132681.0 13.0
3451596.0 132759.0 13.0
3454254.0 132861.0 13.0
3460776.0 133109.0 13.0
3464312.0 133245.0 13.0
3465930.0 133308.0 13.0
3470438.0 133486.0 13.0
3471642.0 133528.0 13.0
3474857.0 133652.0 13.0
3479390.0 133826.0 13.0
3480850.0 133882.0 13.0
3482134.0 133931.0 13.0
3484608.0 134028.0 13.0
3484818.0 134035.0 13.0
3487344.0 134132.0 13.0
3489306.0 134208.0 13.0
3490740.0 134262.0 13.0
3490961.0 134271.0 13.0
3499105.0 134585.0 13.0
3506595.0 134872.0 13.0
3513117.0 135124.0 13.0
3513743.0 135147.0 13.0
3522326.0 135478.0 13.0
3522361.0 135480.0 13.0
3534149.0 135933.0 13.0
3534623.0 135951.0 13.0
3537518.0 136062.0 13.0
3539850.0 136151.0 13.0
3540440.0 136174.0 13.0
3544576.0 136333.0 13.0
3550337.0 136554.0 13.0
3551883.0 136615.0 13.0
3559757.0 136918.0 13.0
3560123.0 136930.0 13.0
3560849.0 136961.0 13.0
3568861.0 137270.0 13.0
3578614.0 137642.0 13.0
3578826.0 137651.0 13.0
3581293.0 137745.0 13.0
3581750.0 137764.0 13.0
3587062.0 137969.0 13.0
3591624.0 138141.0 13.0
3593887.0 138230.0 13.0
3597385.0 138366.0 13.0
3607049.0 138737.0 13.0
3611979.0 138926.0 13.0
3616943.0 139116.0 13.0
3621052.0 139278.0 13.0
3623296.0 139360.0 13.0
3629661.0 139606.0 13.0
3630036.0 139621.0 13.0
3641394.0 140057.0 13.0
3646506.0 140254.0 13.0
3666472.0 141024.0 13.0
3677175.0 141433.0 13.0
3678421.0 141482.0 13.0
3684521.0 141715.0 13.0
3685224.0 141744.0 13.0
3685619.0 141758.0 13.0
3694076.0 142084.0 13.0
3707038.0 142583.0 13.0
3708714.0 142648.0 13.0
3717174.0 142970.0 13.0
3717552.0 142986.0 13.0
3718530.0 143023.0 13.0
3723955.0 143232.0 13.0
3728266.0 143398.0 13.0
3740471.0 143871.0 13.0
3752313.0 144322.0 13.0
3764717.0 144801.0 13.0
3765828.0 144843.0 13.0
3766832.0 144881.0 13.0
3774457.0 145177.0 13.0
3782529.0 145487.0 13.0
3798380.0 146093.0 13.0
3807103.0 146430.0 13.0
3825966.0 147159.0 13.0
3865342.0 148670.0 13.0
3901330.0 150054.0 13.0
3916226.0 150627.0 13.0
3920552.0 150796.0 13.0
3927133.0 151050.0 13.0
3938864.0 151497.0 13.0
3944012.0 151696.0 13.0
3954455.0 152098.0 13.0
3978542.0 153024.0 13.0
4028040.0 154927.0 13.0
4033571.0 155141.0 13.0
