rev4
22595.0 870.0 13.0
23505.0 905.0 13.0
23531.0 906.0 13.0
23713.0 913.0 13.0
23817.0 917.0 13.0
23843.0 918.0 13.0
23947.0 922.0 13.0
24025.0 925.0 13.0
24155.0 930.0 13.0
24181.0 931.0 13.0
24337.0 937.0 13.0
24363.0 938.0 13.0
24363.0 938.0 13.0
24389.0 939.0 13.0
24389.0 939.0 13.0
24571.0 946.0 13.0
24621.0 948.0 13.0
24623.0 948.0 13.0
24649.0 949.0 13.0
24649.0 949.0 13.0
24675.0 950.0 13.0
24675.0 950.0 13.0
24753.0 953.0 13.0
24779.0 954.0 13.0
24883.0 958.0 13.0
24909.0 959.0 13.0
25195.0 970.0 13.0
25195.0 970.0 13.0
25247.0 972.0 13.0
25273.0 973.0 13.0
25299.0 974.0 13.0
25324.0 975.0 13.0
25377.0 977.0 13.0
25377.0 977.0 13.0
25377.0 977.0 13.0
25429.0 979.0 13.0
25429.0 979.0 13.0
25455.0 980.0 13.0
25481.0 981.0 13.0
25507.0 982.0 13.0
25559.0 984.0 13.0
25585.0 985.0 13.0
25611.0 986.0 13.0
25663.0 988.0 13.0
25689.0 989.0 13.0
25689.0 989.0 13.0
25793.0 993.0 13.0
25793.0 993.0 13.0
25819.0 994.0 13.0
25845.0 995.0 13.0
25949.0 999.0 13.0
26091.0 1005.0 13.0
26209.0 1009.0 13.0
26235.0 1010.0 13.0
26261.0 1011.0 13.0
26261.0 1011.0 13.0
26365.0 1015.0 13.0
26417.0 1017.0 13.0
26417.0 1017.0 13.0
26466.0 1019.0 13.0
26599.0 1024.0 13.0
26729.0 1029.0 13.0
26781.0 1031.0 13.0
26833.0 1033.0 13.0
26833.0 1033.0 13.0
26885.0 1035.0 13.0
27015.0 1040.0 13.0
27197.0 1047.0 13.0
27197.0 1047.0 13.0
27197.0 1047.0 13.0
27249.0 1049.0 13.0
27249.0 1049.0 13.0
27301.0 1051.0 13.0
27326.0 1052.0 13.0
27327.0 1052.0 13.0
27327.0 1052.0 13.0
27379.0 1054.0 13.0
27534.0 1060.0 13.0
27561.0 1061.0 13.0
27613.0 1063.0 13.0
27795.0 1070.0 13.0
27847.0 1072.0 13.0
27873.0 1073.0 13.0
27925.0 1075.0 13.0
28003.0 1078.0 13.0
28159.0 1084.0 13.0
28237.0 1087.0 13.0
28263.0 1088.0 13.0
28471.0 1096.0 13.0
28574.0 1100.0 13.0
28575.0 1100.0 13.0
28705.0 1105.0 13.0
28886.0 1112.0 13.0
29614.0 1140.0 13.0
29641.0 1141.0 13.0
29992.0 1155.0 13.0
30421.0 1171.0 13.0
30499.0 1174.0 13.0
30733.0 1183.0 13.0
35517.0 1367.0 13.0
