rev4
1526977.0 42417.0 18.0
1528021.0 42446.0 18.0
1543321.0 42871.0 18.0
1551889.0 43109.0 18.0
1552537.0 43127.0 18.0
1559699.0 43326.0 18.0
1560997.0 43362.0 18.0
1561609.0 43379.0 18.0
1561681.0 43381.0 18.0
1561861.0 43386.0 18.0
1562365.0 43400.0 18.0
1565281.0 43481.0 18.0
1565857.0 43497.0 18.0
1567621.0 43546.0 18.0
1568341.0 43566.0 18.0
1569385.0 43595.0 18.0
1569708.0 43604.0 18.0
1573633.0 43713.0 18.0
1574029.0 43724.0 18.0
1574245.0 43730.0 18.0
1574317.0 43732.0 18.0
1574569.0 43739.0 18.0
1574677.0 43742.0 18.0
1577053.0 43808.0 18.0
1577305.0 43815.0 18.0
1577341.0 43816.0 18.0
1577737.0 43827.0 18.0
1578457.0 43847.0 18.0
1579537.0 43877.0 18.0
1579537.0 43877.0 18.0
1579681.0 43881.0 18.0
1580437.0 43902.0 18.0
1580617.0 43907.0 18.0
1582165.0 43950.0 18.0
1583245.0 43980.0 18.0
1583461.0 43986.0 18.0
1584073.0 44003.0 18.0
1586701.0 44076.0 18.0
1586773.0 44078.0 18.0
1587241.0 44091.0 18.0
1587565.0 44100.0 18.0
1588897.0 44137.0 18.0
1590193.0 44173.0 18.0
1590697.0 44187.0 18.0
1590949.0 44194.0 18.0
1591273.0 44203.0 18.0
1593361.0 44261.0 18.0
1595341.0 44316.0 18.0
1597213.0 44368.0 18.0
1598005.0 44390.0 18.0
1599373.0 44428.0 18.0
1602505.0 44515.0 18.0
1603549.0 44544.0 18.0
1604089.0 44559.0 18.0
1604989.0 44584.0 18.0
1605421.0 44596.0 18.0
1605529.0 44599.0 18.0
1606141.0 44616.0 18.0
1608948.0 44694.0 18.0
1612369.0 44789.0 18.0
1613593.0 44823.0 18.0
1614313.0 44843.0 18.0
1615393.0 44873.0 18.0
1617049.0 44919.0 18.0
1618777.0 44967.0 18.0
1622413.0 45068.0 18.0
1623565.0 45100.0 18.0
1624069.0 45114.0 18.0
1624213.0 45118.0 18.0
1624681.0 45131.0 18.0
1626301.0 45176.0 18.0
1626409.0 45179.0 18.0
1626876.0 45192.0 18.0
1627849.0 45219.0 18.0
1629505.0 45265.0 18.0
1637605.0 45490.0 18.0
1638829.0 45524.0 18.0
1640125.0 45560.0 18.0
1640269.0 45564.0 18.0
1641708.0 45604.0 18.0
1642663.0 45631.0 18.0
1644193.0 45673.0 18.0
1650889.0 45859.0 18.0
1652365.0 45900.0 18.0
1652977.0 45917.0 18.0
1654993.0 45973.0 18.0
1656721.0 46021.0 18.0
1657549.0 46044.0 18.0
1658413.0 46068.0 18.0
1659421.0 46096.0 18.0
1661257.0 46147.0 18.0
1662517.0 46182.0 18.0
1674433.0 46513.0 18.0
1676592.0 46573.0 18.0
1677241.0 46591.0 18.0
1678393.0 46623.0 18.0
1684369.0 46789.0 18.0
1688869.0 46914.0 18.0
1719757.0 47772.0 18.0
1789956.0 49722.0 18.0
