rev4
5.3073321E7 1474260.0 18.0
5.3254962E7 1479306.0 18.0
5.332219E7 1481173.0 18.0
5.332507E7 1481253.0 18.0
5.3334826E7 1481524.0 18.0
5.3460235E7 1485008.0 18.0
5.3503954E7 1486222.0 18.0
5.3541358E7 1487261.0 18.0
5.3651532E7 1490322.0 18.0
5.3673118E7 1490921.0 18.0
5.3733491E7 1492598.0 18.0
5.3759192E7 1493312.0 18.0
5.3848945E7 1495805.0 18.0
5.386723E7 1496313.0 18.0
5.3879145E7 1496644.0 18.0
5.3888741E7 1496911.0 18.0
5.3889782E7 1496940.0 18.0
5.3941374E7 1498373.0 18.0
5.3980108E7 1499449.0 18.0
5.4049927E7 1501388.0 18.0
5.4149597E7 1504157.0 18.0
5.4150423E7 1504180.0 18.0
5.4216108E7 1506004.0 18.0
5.4217722E7 1506049.0 18.0
5.4281682E7 1507826.0 18.0
5.4313522E7 1508711.0 18.0
5.4319681E7 1508881.0 18.0
5.4329813E7 1509163.0 18.0
5.4366839E7 1510191.0 18.0
5.4371359E7 1510317.0 18.0
5.4380124E7 1510560.0 18.0
5.4465013E7 1512918.0 18.0
5.4559873E7 1515553.0 18.0
5.4562389E7 1515623.0 18.0
5.4593401E7 1516485.0 18.0
5.4614719E7 1517077.0 18.0
5.4647746E7 1517994.0 18.0
5.4717223E7 1519925.0 18.0
5.4730386E7 1520290.0 18.0
5.47524E7 1520901.0 18.0
5.4782495E7 1521737.0 18.0
5.4826125E7 1522950.0 18.0
5.4873342E7 1524261.0 18.0
5.488837E7 1524678.0 18.0
5.490734E7 1525206.0 18.0
5.4989152E7 1527478.0 18.0
5.5025348E7 1528483.0 18.0
5.5027116E7 1528532.0 18.0
5.5089969E7 1530278.0 18.0
5.5110275E7 1530842.0 18.0
5.5214351E7 1533733.0 18.0
5.5255967E7 1534889.0 18.0
5.5256377E7 1534901.0 18.0
5.5261764E7 1535051.0 18.0
5.5291535E7 1535877.0 18.0
5.5297509E7 1536043.0 18.0
5.5308743E7 1536356.0 18.0
5.5352267E7 1537564.0 18.0
5.5379125E7 1538310.0 18.0
5.547663E7 1541019.0 18.0
5.5520731E7 1542244.0 18.0
5.5553326E7 1543149.0 18.0
5.5590658E7 1544186.0 18.0
5.5637224E7 1545480.0 18.0
5.5638863E7 1545526.0 18.0
5.5662438E7 1546180.0 18.0
5.5695201E7 1547090.0 18.0
5.5903135E7 1552866.0 18.0
5.5921409E7 1553374.0 18.0
5.6018593E7 1556073.0 18.0
5.6052648E7 1557019.0 18.0
5.6081447E7 1557820.0 18.0
5.6094369E7 1558178.0 18.0
5.6129776E7 1559162.0 18.0
5.6145313E7 1559594.0 18.0
5.6187865E7 1560775.0 18.0
5.6246635E7 1562408.0 18.0
5.6306251E7 1564064.0 18.0
5.6388598E7 1566351.0 18.0
5.6394034E7 1566502.0 18.0
5.6473542E7 1568711.0 18.0
5.6512438E7 1569791.0 18.0
5.6535044E7 1570419.0 18.0
5.6644017E7 1573446.0 18.0
5.6747663E7 1576325.0 18.0
5.6865312E7 1579593.0 18.0
5.7091896E7 1585887.0 18.0
5.7163716E7 1587882.0 18.0
5.7200686E7 1588909.0 18.0
5.7254E7 1590391.0 18.0
5.7273948E7 1590944.0 18.0
5.736315E7 1593422.0 18.0
5.7413017E7 1594808.0 18.0
5.7562397E7 1598957.0 18.0
5.7829677E7 1606381.0 18.0
5.8132473E7 1614792.0 18.0
5.9185527E7 1644045.0 18.0
5.9785197E7 1660701.0 18.0
5.991912E7 1664421.0 18.0
6.1989929E7 1721944.0 18.0
