rev4
1.2836449E7 356569.0 18.0
1.2928789E7 359134.0 18.0
1.2929975E7 359167.0 18.0
1.2942415E7 359513.0 18.0
1.2975877E7 360442.0 18.0
1.2980448E7 360569.0 18.0
1.3021741E7 361716.0 18.0
1.3035997E7 362112.0 18.0
1.3045644E7 362380.0 18.0
1.3084199E7 363451.0 18.0
1.3117428E7 364374.0 18.0
1.3130315E7 364732.0 18.0
1.3135607E7 364879.0 18.0
1.3137336E7 364927.0 18.0
1.3139029E7 364974.0 18.0
1.3154941E7 365416.0 18.0
1.3161672E7 365603.0 18.0
1.3165596E7 365712.0 18.0
1.3213836E7 367052.0 18.0
1.3223413E7 367318.0 18.0
1.3226905E7 367415.0 18.0
1.3230631E7 367519.0 18.0
1.3231333E7 367538.0 18.0
1.3234463E7 367625.0 18.0
1.3245083E7 367920.0 18.0
1.3247171E7 367978.0 18.0
1.3255704E7 368215.0 18.0
1.3273057E7 368697.0 18.0
1.328778E7 369106.0 18.0
1.3300813E7 369468.0 18.0
1.3303945E7 369555.0 18.0
1.3307581E7 369656.0 18.0
1.3312837E7 369802.0 18.0
1.3312837E7 369802.0 18.0
1.3325975E7 370167.0 18.0
1.3326408E7 370179.0 18.0
1.3330567E7 370295.0 18.0
1.3334365E7 370400.0 18.0
1.3339584E7 370545.0 18.0
1.3345668E7 370714.0 18.0
1.3375296E7 371537.0 18.0
1.3383829E7 371774.0 18.0
1.3388545E7 371905.0 18.0
1.3400532E7 372238.0 18.0
1.3401937E7 372277.0 18.0
1.3403269E7 372314.0 18.0
1.3405824E7 372385.0 18.0
1.3431241E7 373091.0 18.0
1.3454892E7 373748.0 18.0
1.3457089E7 373809.0 18.0
1.3460293E7 373898.0 18.0
1.3470408E7 374179.0 18.0
1.3484484E7 374570.0 18.0
1.3489596E7 374712.0 18.0
1.349496E7 374861.0 18.0
1.3496365E7 374900.0 18.0
1.3500577E7 375017.0 18.0
1.3504932E7 375138.0 18.0
1.3509217E7 375257.0 18.0
1.3536577E7 376017.0 18.0
1.3556467E7 376570.0 18.0
1.3568905E7 376915.0 18.0
1.3570452E7 376958.0 18.0
1.3586112E7 377393.0 18.0
1.3592446E7 377569.0 18.0
1.3595509E7 377654.0 18.0
1.3600331E7 377788.0 18.0
1.3627332E7 378538.0 18.0
1.3634353E7 378733.0 18.0
1.3642561E7 378961.0 18.0
1.3672873E7 379803.0 18.0
1.3678885E7 379970.0 18.0
1.3684986E7 380140.0 18.0
1.3706713E7 380743.0 18.0
1.37142E7 380951.0 18.0
1.3719996E7 381112.0 18.0
1.3753494E7 382043.0 18.0
1.3802976E7 383417.0 18.0
1.3810375E7 383623.0 18.0
1.3813417E7 383707.0 18.0
1.3818205E7 383840.0 18.0
1.3823965E7 384000.0 18.0
1.3854529E7 384849.0 18.0
1.3876093E7 385448.0 18.0
1.3887001E7 385751.0 18.0
1.3894993E7 385973.0 18.0
1.3905289E7 386259.0 18.0
1.3926349E7 386844.0 18.0
1.3928973E7 386917.0 18.0
1.4030927E7 389749.0 18.0
1.4064229E7 390674.0 18.0
1.4097888E7 391609.0 18.0
1.4100192E7 391673.0 18.0
1.4118409E7 392179.0 18.0
1.412568E7 392381.0 18.0
1.4133777E7 392606.0 18.0
1.4352301E7 398676.0 18.0
1.4525065E7 403475.0 18.0
1.4915917E7 414332.0 18.0
1.5169283E7 421370.0 18.0
