rev4
1.07373023E8 2982585.0 18.0
1.07527853E8 2986887.0 18.0
1.07874592E8 2996518.0 18.0
1.08170492E8 3004737.0 18.0
1.08204939E8 3005694.0 18.0
1.08226492E8 3006293.0 18.0
1.08284471E8 3007903.0 18.0
1.08302562E8 3008406.0 18.0
1.08637142E8 3017700.0 18.0
1.08672046E8 3018669.0 18.0
1.09003933E8 3027888.0 18.0
1.09077021E8 3029919.0 18.0
1.09077549E8 3029933.0 18.0
1.09146952E8 3031861.0 18.0
1.09181951E8 3032833.0 18.0
1.09198015E8 3033280.0 18.0
1.09286278E8 3035732.0 18.0
1.09572315E8 3043677.0 18.0
1.09610333E8 3044733.0 18.0
1.0962912E8 3045255.0 18.0
1.09666234E8 3046286.0 18.0
1.0980268E8 3050076.0 18.0
1.09829282E8 3050815.0 18.0
1.09978339E8 3054955.0 18.0
1.10000299E8 3055565.0 18.0
1.10088448E8 3058014.0 18.0
1.10090893E8 3058082.0 18.0
1.10205574E8 3061267.0 18.0
1.10267366E8 3062984.0 18.0
1.10267902E8 3062999.0 18.0
1.10285364E8 3063484.0 18.0
1.10319748E8 3064439.0 18.0
1.10330458E8 3064736.0 18.0
1.10389387E8 3066373.0 18.0
1.10427332E8 3067428.0 18.0
1.1045019E8 3068062.0 18.0
1.10451276E8 3068092.0 18.0
1.10498651E8 3069408.0 18.0
1.10642216E8 3073396.0 18.0
1.10748665E8 3076353.0 18.0
1.10781554E8 3077268.0 18.0
1.10784688E8 3077354.0 18.0
1.10825442E8 3078486.0 18.0
1.10845242E8 3079036.0 18.0
1.10866727E8 3079633.0 18.0
1.10881903E8 3080055.0 18.0
1.10916141E8 3081005.0 18.0
1.10930792E8 3081412.0 18.0
1.10966612E8 3082407.0 18.0
1.11030854E8 3084192.0 18.0
1.11043473E8 3084543.0 18.0
1.1111144E8 3086431.0 18.0
1.11388923E8 3094138.0 18.0
1.11395232E8 3094313.0 18.0
1.11568966E8 3099139.0 18.0
1.11737623E8 3103824.0 18.0
1.11783847E8 3105108.0 18.0
1.11835363E8 3106539.0 18.0
1.11924967E8 3109028.0 18.0
1.11978717E8 3110521.0 18.0
1.12015419E8 3111541.0 18.0
1.12161665E8 3115603.0 18.0
1.12211866E8 3116998.0 18.0
1.12227045E8 3117420.0 18.0
1.12314415E8 3119846.0 18.0
1.12370216E8 3121397.0 18.0
1.12407444E8 3122430.0 18.0
1.125948E8 3127635.0 18.0
1.12597304E8 3127704.0 18.0
1.12705139E8 3130700.0 18.0
1.12741663E8 3131714.0 18.0
1.128324E8 3134235.0 18.0
1.13135161E8 3142645.0 18.0
1.13206284E8 3144621.0 18.0
1.13413385E8 3150373.0 18.0
1.13418629E8 3150520.0 18.0
1.13480671E8 3152242.0 18.0
1.13535969E8 3153778.0 18.0
1.13563199E8 3154535.0 18.0
1.13620841E8 3156136.0 18.0
1.13694296E8 3158176.0 18.0
1.14622948E8 3183972.0 18.0
1.14897882E8 3191609.0 18.0
1.1490138E8 3191708.0 18.0
1.15030851E8 3195303.0 18.0
1.15199437E8 3199986.0 18.0
1.15487223E8 3207980.0 18.0
1.15593927E8 3210944.0 18.0
1.15641046E8 3212253.0 18.0
1.1568466E8 3213464.0 18.0
1.15981085E8 3221698.0 18.0
1.16557356E8 3237706.0 18.0
1.16695832E8 3241552.0 18.0
1.16721552E8 3242267.0 18.0
1.16956686E8 3248798.0 18.0
1.17142414E8 3253958.0 18.0
1.17341224E8 3259480.0 18.0
1.18030461E8 3278625.0 18.0
1.1929598E8 3313779.0 18.0
1.22760192E8 3410007.0 18.0
