rev4
505.0 15.0 18.0
541.0 16.0 18.0
541.0 16.0 18.0
541.0 16.0 18.0
577.0 17.0 18.0
577.0 17.0 18.0
577.0 17.0 18.0
577.0 17.0 18.0
577.0 17.0 18.0
577.0 17.0 18.0
577.0 17.0 18.0
613.0 18.0 18.0
613.0 18.0 18.0
613.0 18.0 18.0
613.0 18.0 18.0
613.0 18.0 18.0
613.0 18.0 18.0
613.0 18.0 18.0
613.0 18.0 18.0
613.0 18.0 18.0
613.0 18.0 18.0
613.0 18.0 18.0
613.0 18.0 18.0
613.0 18.0 18.0
613.0 18.0 18.0
613.0 18.0 18.0
649.0 19.0 18.0
649.0 19.0 18.0
649.0 19.0 18.0
649.0 19.0 18.0
649.0 19.0 18.0
649.0 19.0 18.0
649.0 19.0 18.0
649.0 19.0 18.0
649.0 19.0 18.0
649.0 19.0 18.0
649.0 19.0 18.0
649.0 19.0 18.0
685.0 20.0 18.0
685.0 20.0 18.0
685.0 20.0 18.0
685.0 20.0 18.0
685.0 20.0 18.0
685.0 20.0 18.0
685.0 20.0 18.0
685.0 20.0 18.0
685.0 20.0 18.0
685.0 20.0 18.0
685.0 20.0 18.0
685.0 20.0 18.0
685.0 20.0 18.0
721.0 21.0 18.0
721.0 21.0 18.0
721.0 21.0 18.0
721.0 21.0 18.0
721.0 21.0 18.0
721.0 21.0 18.0
721.0 21.0 18.0
721.0 21.0 18.0
721.0 21.0 18.0
721.0 21.0 18.0
721.0 21.0 18.0
721.0 21.0 18.0
721.0 21.0 18.0
757.0 22.0 18.0
757.0 22.0 18.0
757.0 22.0 18.0
757.0 22.0 18.0
757.0 22.0 18.0
757.0 22.0 18.0
757.0 22.0 18.0
757.0 22.0 18.0
757.0 22.0 18.0
757.0 22.0 18.0
757.0 22.0 18.0
757.0 22.0 18.0
793.0 23.0 18.0
793.0 23.0 18.0
793.0 23.0 18.0
793.0 23.0 18.0
793.0 23.0 18.0
793.0 23.0 18.0
793.0 23.0 18.0
793.0 23.0 18.0
793.0 23.0 18.0
793.0 23.0 18.0
793.0 23.0 18.0
829.0 24.0 18.0
829.0 24.0 18.0
865.0 25.0 18.0
865.0 25.0 18.0
865.0 25.0 18.0
865.0 25.0 18.0
865.0 25.0 18.0
901.0 26.0 18.0
901.0 26.0 18.0
973.0 28.0 18.0
1045.0 30.0 18.0
1045.0 30.0 18.0
1117.0 32.0 18.0
