rev4
10045.0 280.0 18.0
10261.0 286.0 18.0
10261.0 286.0 18.0
10477.0 292.0 18.0
10477.0 292.0 18.0
10549.0 294.0 18.0
10549.0 294.0 18.0
10549.0 294.0 18.0
10729.0 299.0 18.0
10729.0 299.0 18.0
10765.0 300.0 18.0
10765.0 300.0 18.0
10765.0 300.0 18.0
10765.0 300.0 18.0
10801.0 301.0 18.0
10801.0 301.0 18.0
10837.0 302.0 18.0
10837.0 302.0 18.0
10837.0 302.0 18.0
10873.0 303.0 18.0
10909.0 304.0 18.0
10909.0 304.0 18.0
10909.0 304.0 18.0
10945.0 305.0 18.0
10945.0 305.0 18.0
10945.0 305.0 18.0
10981.0 306.0 18.0
10981.0 306.0 18.0
10981.0 306.0 18.0
10981.0 306.0 18.0
10981.0 306.0 18.0
11017.0 307.0 18.0
11053.0 308.0 18.0
11053.0 308.0 18.0
11053.0 308.0 18.0
11053.0 308.0 18.0
11053.0 308.0 18.0
11089.0 309.0 18.0
11125.0 310.0 18.0
11125.0 310.0 18.0
11125.0 310.0 18.0
11125.0 310.0 18.0
11161.0 311.0 18.0
11161.0 311.0 18.0
11197.0 312.0 18.0
11197.0 312.0 18.0
11233.0 313.0 18.0
11233.0 313.0 18.0
11233.0 313.0 18.0
11233.0 313.0 18.0
11233.0 313.0 18.0
11269.0 314.0 18.0
11269.0 314.0 18.0
11305.0 315.0 18.0
11341.0 316.0 18.0
11341.0 316.0 18.0
11377.0 317.0 18.0
11377.0 317.0 18.0
11377.0 317.0 18.0
11377.0 317.0 18.0
11413.0 318.0 18.0
11413.0 318.0 18.0
11449.0 319.0 18.0
11449.0 319.0 18.0
11449.0 319.0 18.0
11449.0 319.0 18.0
11485.0 320.0 18.0
11521.0 321.0 18.0
11521.0 321.0 18.0
11557.0 322.0 18.0
11557.0 322.0 18.0
11593.0 323.0 18.0
11593.0 323.0 18.0
11593.0 323.0 18.0
11629.0 324.0 18.0
11629.0 324.0 18.0
11629.0 324.0 18.0
11665.0 325.0 18.0
11665.0 325.0 18.0
11701.0 326.0 18.0
11773.0 328.0 18.0
11773.0 328.0 18.0
11845.0 330.0 18.0
11917.0 332.0 18.0
11917.0 332.0 18.0
11989.0 334.0 18.0
11989.0 334.0 18.0
11989.0 334.0 18.0
12025.0 335.0 18.0
12025.0 335.0 18.0
12061.0 336.0 18.0
12097.0 337.0 18.0
12097.0 337.0 18.0
12133.0 338.0 18.0
12205.0 340.0 18.0
12241.0 341.0 18.0
12313.0 343.0 18.0
12349.0 344.0 18.0
12493.0 348.0 18.0
13501.0 376.0 18.0
