rev4
6368041.0 176891.0 18.0
6392917.0 177582.0 18.0
6401449.0 177819.0 18.0
6409369.0 178039.0 18.0
6410197.0 178062.0 18.0
6414733.0 178188.0 18.0
6416496.0 178237.0 18.0
6430825.0 178635.0 18.0
6433885.0 178720.0 18.0
6435109.0 178754.0 18.0
6435145.0 178755.0 18.0
6435505.0 178765.0 18.0
6438997.0 178862.0 18.0
6445188.0 179034.0 18.0
6450624.0 179185.0 18.0
6461281.0 179481.0 18.0
6462973.0 179528.0 18.0
6473017.0 179807.0 18.0
6474709.0 179854.0 18.0
6474745.0 179855.0 18.0
6479821.0 179996.0 18.0
6481189.0 180034.0 18.0
6482916.0 180082.0 18.0
6487669.0 180214.0 18.0
6489793.0 180273.0 18.0
6492673.0 180353.0 18.0
6500953.0 180583.0 18.0
6505741.0 180716.0 18.0
6507324.0 180760.0 18.0
6508260.0 180786.0 18.0
6510384.0 180845.0 18.0
6511175.0 180867.0 18.0
6522229.0 181174.0 18.0
6524533.0 181238.0 18.0
6532075.0 181448.0 18.0
6532273.0 181453.0 18.0
6537205.0 181590.0 18.0
6539617.0 181657.0 18.0
6541453.0 181708.0 18.0
6543109.0 181754.0 18.0
6544333.0 181788.0 18.0
6553296.0 182037.0 18.0
6559345.0 182205.0 18.0
6560929.0 182249.0 18.0
6565015.0 182363.0 18.0
6571585.0 182545.0 18.0
6576697.0 182687.0 18.0
6578425.0 182735.0 18.0
6592139.0 183116.0 18.0
6596712.0 183243.0 18.0
6598837.0 183302.0 18.0
6603588.0 183434.0 18.0
6603912.0 183443.0 18.0
6605713.0 183493.0 18.0
6611545.0 183655.0 18.0
6611941.0 183666.0 18.0
6628753.0 184133.0 18.0
6632172.0 184228.0 18.0
6632280.0 184231.0 18.0
6634509.0 184293.0 18.0
6654673.0 184853.0 18.0
6655285.0 184870.0 18.0
6655897.0 184887.0 18.0
6656832.0 184913.0 18.0
6665147.0 185144.0 18.0
6669289.0 185259.0 18.0
6676201.0 185451.0 18.0
6688513.0 185793.0 18.0
6692238.0 185897.0 18.0
6700933.0 186138.0 18.0
6701652.0 186158.0 18.0
6710905.0 186415.0 18.0
6722173.0 186728.0 18.0
6723685.0 186770.0 18.0
6723719.0 186771.0 18.0
6729227.0 186924.0 18.0
6733224.0 187035.0 18.0
6736861.0 187136.0 18.0
6747049.0 187419.0 18.0
6748669.0 187464.0 18.0
6756552.0 187683.0 18.0
6784704.0 188465.0 18.0
6789889.0 188609.0 18.0
6800292.0 188898.0 18.0
6838201.0 189951.0 18.0
6840109.0 190004.0 18.0
6862897.0 190637.0 18.0
6883380.0 191206.0 18.0
6899257.0 191647.0 18.0
6910525.0 191960.0 18.0
6911353.0 191983.0 18.0
6937740.0 192716.0 18.0
6938083.0 192726.0 18.0
6949800.0 193051.0 18.0
6969277.0 193592.0 18.0
7031521.0 195321.0 18.0
7035553.0 195433.0 18.0
7097868.0 197164.0 18.0
7177969.0 199389.0 18.0
7809445.0 216930.0 18.0
