rev4
21601.0 601.0 18.0
21601.0 601.0 18.0
21601.0 601.0 18.0
21889.0 609.0 18.0
21925.0 610.0 18.0
21925.0 610.0 18.0
21997.0 612.0 18.0
22033.0 613.0 18.0
22069.0 614.0 18.0
22069.0 614.0 18.0
22069.0 614.0 18.0
22105.0 615.0 18.0
22105.0 615.0 18.0
22105.0 615.0 18.0
22105.0 615.0 18.0
22177.0 617.0 18.0
22177.0 617.0 18.0
22285.0 620.0 18.0
22321.0 621.0 18.0
22393.0 623.0 18.0
22429.0 624.0 18.0
22465.0 625.0 18.0
22537.0 627.0 18.0
22537.0 627.0 18.0
22537.0 627.0 18.0
22537.0 627.0 18.0
22537.0 627.0 18.0
22573.0 628.0 18.0
22645.0 630.0 18.0
22645.0 630.0 18.0
22681.0 631.0 18.0
22681.0 631.0 18.0
22717.0 632.0 18.0
22717.0 632.0 18.0
22717.0 632.0 18.0
22717.0 632.0 18.0
22753.0 633.0 18.0
22789.0 634.0 18.0
22789.0 634.0 18.0
22789.0 634.0 18.0
22789.0 634.0 18.0
22825.0 635.0 18.0
22861.0 636.0 18.0
22861.0 636.0 18.0
22897.0 637.0 18.0
22969.0 639.0 18.0
23005.0 640.0 18.0
23005.0 640.0 18.0
23077.0 642.0 18.0
23077.0 642.0 18.0
23077.0 642.0 18.0
23113.0 643.0 18.0
23113.0 643.0 18.0
23113.0 643.0 18.0
23149.0 644.0 18.0
23149.0 644.0 18.0
23149.0 644.0 18.0
23149.0 644.0 18.0
23185.0 645.0 18.0
23185.0 645.0 18.0
23185.0 645.0 18.0
23185.0 645.0 18.0
23185.0 645.0 18.0
23185.0 645.0 18.0
23257.0 647.0 18.0
23257.0 647.0 18.0
23293.0 648.0 18.0
23293.0 648.0 18.0
23293.0 648.0 18.0
23293.0 648.0 18.0
23365.0 650.0 18.0
23473.0 653.0 18.0
23473.0 653.0 18.0
23509.0 654.0 18.0
23509.0 654.0 18.0
23545.0 655.0 18.0
23617.0 657.0 18.0
23617.0 657.0 18.0
23653.0 658.0 18.0
23797.0 662.0 18.0
23833.0 663.0 18.0
23905.0 665.0 18.0
23941.0 666.0 18.0
23941.0 666.0 18.0
23977.0 667.0 18.0
23977.0 667.0 18.0
24013.0 668.0 18.0
24013.0 668.0 18.0
24049.0 669.0 18.0
24121.0 671.0 18.0
24157.0 672.0 18.0
24157.0 672.0 18.0
24229.0 674.0 18.0
24517.0 682.0 18.0
24625.0 685.0 18.0
24661.0 686.0 18.0
24841.0 691.0 18.0
24913.0 693.0 18.0
24949.0 694.0 18.0
25345.0 705.0 18.0
