rev4
2.6007408E7 722429.0 18.0
2.601457E7 722628.0 18.0
2.6048302E7 723565.0 18.0
2.6058529E7 723849.0 18.0
2.6134777E7 725967.0 18.0
2.6241966E7 728945.0 18.0
2.6267634E7 729658.0 18.0
2.6283888E7 730109.0 18.0
2.6307792E7 730773.0 18.0
2.6333191E7 731479.0 18.0
2.6335801E7 731551.0 18.0
2.6367805E7 732441.0 18.0
2.6391403E7 733096.0 18.0
2.6429995E7 734168.0 18.0
2.6462805E7 735079.0 18.0
2.6524073E7 736781.0 18.0
2.6551405E7 737540.0 18.0
2.6566489E7 737959.0 18.0
2.6591903E7 738665.0 18.0
2.6612243E7 739230.0 18.0
2.6632079E7 739781.0 18.0
2.6637514E7 739932.0 18.0
2.6686369E7 741289.0 18.0
2.6687088E7 741309.0 18.0
2.6702497E7 741737.0 18.0
2.673198E7 742556.0 18.0
2.6765783E7 743495.0 18.0
2.6767837E7 743552.0 18.0
2.6780921E7 743916.0 18.0
2.6789039E7 744141.0 18.0
2.6795394E7 744318.0 18.0
2.6828495E7 745237.0 18.0
2.6852203E7 745896.0 18.0
2.6866153E7 746284.0 18.0
2.6871765E7 746439.0 18.0
2.6877814E7 746607.0 18.0
2.6880857E7 746692.0 18.0
2.6918457E7 747736.0 18.0
2.6949528E7 748599.0 18.0
2.6985565E7 749600.0 18.0
2.6985633E7 749602.0 18.0
2.7004086E7 750115.0 18.0
2.7036252E7 751008.0 18.0
2.7072539E7 752016.0 18.0
2.7078444E7 752180.0 18.0
2.7104617E7 752907.0 18.0
2.7117431E7 753263.0 18.0
2.7146302E7 754066.0 18.0
2.7203109E7 755643.0 18.0
2.7209809E7 755829.0 18.0
2.7210489E7 755848.0 18.0
2.7214451E7 755958.0 18.0
2.725848E7 757181.0 18.0
2.7287243E7 757980.0 18.0
2.7296676E7 758242.0 18.0
2.7309058E7 758586.0 18.0
2.7316783E7 758801.0 18.0
2.7351612E7 759768.0 18.0
2.7385848E7 760719.0 18.0
2.7437759E7 762161.0 18.0
2.7556309E7 765454.0 18.0
2.7569575E7 765823.0 18.0
2.7594E7 766501.0 18.0
2.761263E7 767019.0 18.0
2.7616499E7 767126.0 18.0
2.7623484E7 767320.0 18.0
2.7627804E7 767440.0 18.0
2.7658583E7 768295.0 18.0
2.7667259E7 768536.0 18.0
2.7667333E7 768538.0 18.0
2.7667873E7 768553.0 18.0
2.7672767E7 768689.0 18.0
2.7709453E7 769708.0 18.0
2.7716004E7 769890.0 18.0
2.7750129E7 770838.0 18.0
2.7818601E7 772740.0 18.0
2.7826416E7 772957.0 18.0
2.7863531E7 773988.0 18.0
2.7874189E7 774284.0 18.0
2.791103E7 775308.0 18.0
2.7911521E7 775321.0 18.0
2.7942769E7 776189.0 18.0
2.798316E7 777311.0 18.0
2.8012895E7 778137.0 18.0
2.8074993E7 779862.0 18.0
2.8127196E7 781312.0 18.0
2.8130056E7 781392.0 18.0
2.8258844E7 784969.0 18.0
2.8278862E7 785525.0 18.0
2.8321489E7 786709.0 18.0
2.8341431E7 787263.0 18.0
2.8456272E7 790453.0 18.0
2.8462787E7 790634.0 18.0
2.8465255E7 790703.0 18.0
2.8722923E7 797860.0 18.0
2.8800359E7 800011.0 18.0
2.8991701E7 805326.0 18.0
2.913498E7 809306.0 18.0
2.978388E7 827331.0 18.0
2.9867329E7 829649.0 18.0
