rev4
1081.0 31.0 18.0
1117.0 32.0 18.0
1117.0 32.0 18.0
1153.0 33.0 18.0
1153.0 33.0 18.0
1153.0 33.0 18.0
1153.0 33.0 18.0
1189.0 34.0 18.0
1189.0 34.0 18.0
1189.0 34.0 18.0
1189.0 34.0 18.0
1189.0 34.0 18.0
1225.0 35.0 18.0
1225.0 35.0 18.0
1225.0 35.0 18.0
1261.0 36.0 18.0
1261.0 36.0 18.0
1261.0 36.0 18.0
1297.0 37.0 18.0
1297.0 37.0 18.0
1297.0 37.0 18.0
1297.0 37.0 18.0
1297.0 37.0 18.0
1297.0 37.0 18.0
1297.0 37.0 18.0
1297.0 37.0 18.0
1297.0 37.0 18.0
1297.0 37.0 18.0
1297.0 37.0 18.0
1333.0 38.0 18.0
1333.0 38.0 18.0
1333.0 38.0 18.0
1333.0 38.0 18.0
1333.0 38.0 18.0
1333.0 38.0 18.0
1333.0 38.0 18.0
1333.0 38.0 18.0
1333.0 38.0 18.0
1369.0 39.0 18.0
1369.0 39.0 18.0
1369.0 39.0 18.0
1369.0 39.0 18.0
1369.0 39.0 18.0
1369.0 39.0 18.0
1369.0 39.0 18.0
1369.0 39.0 18.0
1369.0 39.0 18.0
1369.0 39.0 18.0
1369.0 39.0 18.0
1369.0 39.0 18.0
1405.0 40.0 18.0
1405.0 40.0 18.0
1405.0 40.0 18.0
1405.0 40.0 18.0
1405.0 40.0 18.0
1405.0 40.0 18.0
1405.0 40.0 18.0
1405.0 40.0 18.0
1405.0 40.0 18.0
1405.0 40.0 18.0
1441.0 41.0 18.0
1441.0 41.0 18.0
1441.0 41.0 18.0
1441.0 41.0 18.0
1441.0 41.0 18.0
1441.0 41.0 18.0
1441.0 41.0 18.0
1441.0 41.0 18.0
1441.0 41.0 18.0
1441.0 41.0 18.0
1477.0 42.0 18.0
1477.0 42.0 18.0
1477.0 42.0 18.0
1477.0 42.0 18.0
1477.0 42.0 18.0
1477.0 42.0 18.0
1477.0 42.0 18.0
1513.0 43.0 18.0
1513.0 43.0 18.0
1513.0 43.0 18.0
1513.0 43.0 18.0
1513.0 43.0 18.0
1513.0 43.0 18.0
1513.0 43.0 18.0
1549.0 44.0 18.0
1549.0 44.0 18.0
1549.0 44.0 18.0
1549.0 44.0 18.0
1549.0 44.0 18.0
1549.0 44.0 18.0
1585.0 45.0 18.0
1585.0 45.0 18.0
1585.0 45.0 18.0
1585.0 45.0 18.0
1621.0 46.0 18.0
1657.0 47.0 18.0
1657.0 47.0 18.0
1657.0 47.0 18.0
1657.0 47.0 18.0
1657.0 47.0 18.0
