rev4
759673.0 21103.0 18.0
762445.0 21180.0 18.0
763165.0 21200.0 18.0
764209.0 21229.0 18.0
764677.0 21242.0 18.0
764749.0 21244.0 18.0
765361.0 21261.0 18.0
765613.0 21268.0 18.0
767197.0 21312.0 18.0
768457.0 21347.0 18.0
770977.0 21417.0 18.0
771517.0 21432.0 18.0
771733.0 21438.0 18.0
772273.0 21453.0 18.0
772273.0 21453.0 18.0
772705.0 21465.0 18.0
774505.0 21515.0 18.0
774685.0 21520.0 18.0
775081.0 21531.0 18.0
775765.0 21550.0 18.0
776881.0 21581.0 18.0
776953.0 21583.0 18.0
777745.0 21605.0 18.0
778717.0 21632.0 18.0
779329.0 21649.0 18.0
779437.0 21652.0 18.0
780625.0 21685.0 18.0
780805.0 21690.0 18.0
781452.0 21708.0 18.0
783685.0 21770.0 18.0
785161.0 21811.0 18.0
785197.0 21812.0 18.0
785305.0 21815.0 18.0
785665.0 21825.0 18.0
786277.0 21842.0 18.0
786277.0 21842.0 18.0
786385.0 21845.0 18.0
786925.0 21860.0 18.0
786997.0 21862.0 18.0
787465.0 21875.0 18.0
787465.0 21875.0 18.0
787537.0 21877.0 18.0
787897.0 21887.0 18.0
788077.0 21892.0 18.0
788257.0 21897.0 18.0
789085.0 21920.0 18.0
789193.0 21923.0 18.0
790993.0 21973.0 18.0
790993.0 21973.0 18.0
791389.0 21984.0 18.0
791533.0 21988.0 18.0
791893.0 21998.0 18.0
792253.0 22008.0 18.0
792973.0 22028.0 18.0
793081.0 22031.0 18.0
793369.0 22039.0 18.0
793369.0 22039.0 18.0
794377.0 22067.0 18.0
794845.0 22080.0 18.0
795241.0 22091.0 18.0
795493.0 22098.0 18.0
796285.0 22120.0 18.0
796321.0 22121.0 18.0
797293.0 22148.0 18.0
798877.0 22192.0 18.0
798877.0 22192.0 18.0
799093.0 22198.0 18.0
800821.0 22246.0 18.0
801505.0 22265.0 18.0
802945.0 22305.0 18.0
804493.0 22348.0 18.0
805033.0 22363.0 18.0
805069.0 22364.0 18.0
805213.0 22368.0 18.0
805645.0 22380.0 18.0
805897.0 22387.0 18.0
807409.0 22429.0 18.0
807517.0 22432.0 18.0
808453.0 22458.0 18.0
809497.0 22487.0 18.0
809497.0 22487.0 18.0
809533.0 22488.0 18.0
810109.0 22504.0 18.0
811297.0 22537.0 18.0
812593.0 22573.0 18.0
812737.0 22577.0 18.0
812880.0 22581.0 18.0
814393.0 22623.0 18.0
818389.0 22734.0 18.0
818461.0 22736.0 18.0
818497.0 22737.0 18.0
818533.0 22738.0 18.0
819829.0 22774.0 18.0
821161.0 22811.0 18.0
821521.0 22821.0 18.0
825229.0 22924.0 18.0
827101.0 22976.0 18.0
827209.0 22979.0 18.0
833509.0 23154.0 18.0
836461.0 23236.0 18.0
