rev4
3895057.0 108197.0 18.0
3938077.0 109392.0 18.0
3954457.0 109847.0 18.0
3956401.0 109901.0 18.0
3962808.0 110079.0 18.0
3975337.0 110427.0 18.0
3983077.0 110642.0 18.0
3989665.0 110825.0 18.0
3990421.0 110846.0 18.0
3993517.0 110932.0 18.0
4001329.0 111149.0 18.0
4008205.0 111340.0 18.0
4021776.0 111717.0 18.0
4029445.0 111930.0 18.0
4034629.0 112074.0 18.0
4034737.0 112077.0 18.0
4035853.0 112108.0 18.0
4040281.0 112231.0 18.0
4042153.0 112283.0 18.0
4051999.0 112557.0 18.0
4052557.0 112572.0 18.0
4056588.0 112684.0 18.0
4057057.0 112697.0 18.0
4059793.0 112773.0 18.0
4073185.0 113145.0 18.0
4074553.0 113183.0 18.0
4076677.0 113242.0 18.0
4084129.0 113449.0 18.0
4090393.0 113623.0 18.0
4090825.0 113635.0 18.0
4092769.0 113689.0 18.0
4093309.0 113704.0 18.0
4102453.0 113958.0 18.0
4106305.0 114065.0 18.0
4107097.0 114087.0 18.0
4112209.0 114229.0 18.0
4112641.0 114241.0 18.0
4116961.0 114361.0 18.0
4120309.0 114454.0 18.0
4120381.0 114456.0 18.0
4124845.0 114580.0 18.0
4126825.0 114635.0 18.0
4128301.0 114676.0 18.0
4131433.0 114763.0 18.0
4133700.0 114826.0 18.0
4141224.0 115035.0 18.0
4146481.0 115181.0 18.0
4150081.0 115281.0 18.0
4150261.0 115286.0 18.0
4150512.0 115293.0 18.0
4151323.0 115316.0 18.0
4151701.0 115326.0 18.0
4157137.0 115477.0 18.0
4164913.0 115693.0 18.0
4165453.0 115708.0 18.0
4175353.0 115983.0 18.0
4178232.0 116063.0 18.0
4178377.0 116067.0 18.0
4183957.0 116222.0 18.0
4184496.0 116237.0 18.0
4197601.0 116601.0 18.0
4198249.0 116619.0 18.0
4218121.0 117171.0 18.0
4225213.0 117368.0 18.0
4226185.0 117395.0 18.0
4228453.0 117458.0 18.0
4237309.0 117704.0 18.0
4246633.0 117963.0 18.0
4247245.0 117980.0 18.0
4253257.0 118147.0 18.0
4253365.0 118150.0 18.0
4255669.0 118214.0 18.0
4265497.0 118487.0 18.0
4266037.0 118502.0 18.0
4284181.0 119006.0 18.0
4285513.0 119043.0 18.0
4290229.0 119174.0 18.0
4292353.0 119233.0 18.0
4294585.0 119295.0 18.0
4311649.0 119769.0 18.0
4313305.0 119815.0 18.0
4336165.0 120450.0 18.0
4350709.0 120854.0 18.0
4356502.0 121015.0 18.0
4387753.0 121883.0 18.0
4399417.0 122207.0 18.0
4399489.0 122209.0 18.0
4407013.0 122418.0 18.0
4411512.0 122543.0 18.0
4411621.0 122546.0 18.0
4416337.0 122677.0 18.0
4444921.0 123471.0 18.0
4461805.0 123940.0 18.0
4484881.0 124581.0 18.0
4517893.0 125498.0 18.0
4542013.0 126168.0 18.0
4543345.0 126205.0 18.0
4608613.0 128018.0 18.0
4643389.0 128984.0 18.0
4731193.0 131423.0 18.0
