rev4
27757.0 772.0 18.0
28297.0 787.0 18.0
28369.0 789.0 18.0
28369.0 789.0 18.0
28693.0 798.0 18.0
28801.0 801.0 18.0
29269.0 814.0 18.0
29305.0 815.0 18.0
29485.0 820.0 18.0
29521.0 821.0 18.0
29521.0 821.0 18.0
29557.0 822.0 18.0
29557.0 822.0 18.0
29593.0 823.0 18.0
29629.0 824.0 18.0
29665.0 825.0 18.0
29989.0 834.0 18.0
30025.0 835.0 18.0
30133.0 838.0 18.0
30169.0 839.0 18.0
30205.0 840.0 18.0
30313.0 843.0 18.0
30349.0 844.0 18.0
30385.0 845.0 18.0
30421.0 846.0 18.0
30421.0 846.0 18.0
30493.0 848.0 18.0
30529.0 849.0 18.0
30565.0 850.0 18.0
30601.0 851.0 18.0
30673.0 853.0 18.0
30709.0 854.0 18.0
30745.0 855.0 18.0
30745.0 855.0 18.0
30853.0 858.0 18.0
30925.0 860.0 18.0
30925.0 860.0 18.0
31213.0 868.0 18.0
31213.0 868.0 18.0
31213.0 868.0 18.0
31249.0 869.0 18.0
31285.0 870.0 18.0
31321.0 871.0 18.0
31321.0 871.0 18.0
31357.0 872.0 18.0
31357.0 872.0 18.0
31429.0 874.0 18.0
31609.0 879.0 18.0
31645.0 880.0 18.0
31789.0 884.0 18.0
31789.0 884.0 18.0
31969.0 889.0 18.0
32005.0 890.0 18.0
32041.0 891.0 18.0
32077.0 892.0 18.0
32185.0 895.0 18.0
32185.0 895.0 18.0
32185.0 895.0 18.0
32221.0 896.0 18.0
32221.0 896.0 18.0
32257.0 897.0 18.0
32293.0 898.0 18.0
32437.0 902.0 18.0
32509.0 904.0 18.0
32509.0 904.0 18.0
32545.0 905.0 18.0
32545.0 905.0 18.0
32617.0 907.0 18.0
32617.0 907.0 18.0
32689.0 909.0 18.0
32761.0 911.0 18.0
32797.0 912.0 18.0
32869.0 914.0 18.0
32941.0 916.0 18.0
32977.0 917.0 18.0
32977.0 917.0 18.0
33013.0 918.0 18.0
33157.0 922.0 18.0
33373.0 928.0 18.0
33445.0 930.0 18.0
33517.0 932.0 18.0
33517.0 932.0 18.0
33553.0 933.0 18.0
33625.0 935.0 18.0
33805.0 940.0 18.0
33877.0 942.0 18.0
33949.0 944.0 18.0
33949.0 944.0 18.0
34129.0 949.0 18.0
34165.0 950.0 18.0
34489.0 959.0 18.0
34849.0 969.0 18.0
35209.0 979.0 18.0
35209.0 979.0 18.0
35461.0 986.0 18.0
35533.0 988.0 18.0
35569.0 989.0 18.0
35749.0 994.0 18.0
36001.0 1001.0 18.0
37909.0 1054.0 18.0
