rev4
1225.0 35.0 18.0
1477.0 42.0 18.0
1585.0 45.0 18.0
1585.0 45.0 18.0
1621.0 46.0 18.0
1621.0 46.0 18.0
1693.0 48.0 18.0
1693.0 48.0 18.0
1729.0 49.0 18.0
1729.0 49.0 18.0
1765.0 50.0 18.0
1765.0 50.0 18.0
1765.0 50.0 18.0
1801.0 51.0 18.0
1837.0 52.0 18.0
1837.0 52.0 18.0
1837.0 52.0 18.0
1837.0 52.0 18.0
1837.0 52.0 18.0
1837.0 52.0 18.0
1837.0 52.0 18.0
1837.0 52.0 18.0
1837.0 52.0 18.0
1837.0 52.0 18.0
1873.0 53.0 18.0
1873.0 53.0 18.0
1873.0 53.0 18.0
1909.0 54.0 18.0
1909.0 54.0 18.0
1909.0 54.0 18.0
1945.0 55.0 18.0
1945.0 55.0 18.0
1945.0 55.0 18.0
1981.0 56.0 18.0
1981.0 56.0 18.0
1981.0 56.0 18.0
1981.0 56.0 18.0
1981.0 56.0 18.0
2017.0 57.0 18.0
2017.0 57.0 18.0
2017.0 57.0 18.0
2017.0 57.0 18.0
2017.0 57.0 18.0
2017.0 57.0 18.0
2053.0 58.0 18.0
2053.0 58.0 18.0
2053.0 58.0 18.0
2053.0 58.0 18.0
2053.0 58.0 18.0
2089.0 59.0 18.0
2125.0 60.0 18.0
2125.0 60.0 18.0
2125.0 60.0 18.0
2161.0 61.0 18.0
2161.0 61.0 18.0
2161.0 61.0 18.0
2233.0 63.0 18.0
2233.0 63.0 18.0
2233.0 63.0 18.0
2233.0 63.0 18.0
2233.0 63.0 18.0
2269.0 64.0 18.0
2269.0 64.0 18.0
2269.0 64.0 18.0
2305.0 65.0 18.0
2305.0 65.0 18.0
2305.0 65.0 18.0
2305.0 65.0 18.0
2305.0 65.0 18.0
2305.0 65.0 18.0
2341.0 66.0 18.0
2341.0 66.0 18.0
2341.0 66.0 18.0
2377.0 67.0 18.0
2377.0 67.0 18.0
2413.0 68.0 18.0
2485.0 70.0 18.0
2485.0 70.0 18.0
2557.0 72.0 18.0
2557.0 72.0 18.0
2557.0 72.0 18.0
2557.0 72.0 18.0
2593.0 73.0 18.0
2629.0 74.0 18.0
2665.0 75.0 18.0
2665.0 75.0 18.0
2701.0 76.0 18.0
2701.0 76.0 18.0
2773.0 78.0 18.0
2809.0 79.0 18.0
2809.0 79.0 18.0
2809.0 79.0 18.0
2881.0 81.0 18.0
2881.0 81.0 18.0
2917.0 82.0 18.0
2989.0 84.0 18.0
2989.0 84.0 18.0
3025.0 85.0 18.0
3205.0 90.0 18.0
3349.0 94.0 18.0
