rev4
13789.0 384.0 18.0
13861.0 386.0 18.0
13969.0 389.0 18.0
14041.0 391.0 18.0
14077.0 392.0 18.0
14185.0 395.0 18.0
14257.0 397.0 18.0
14257.0 397.0 18.0
14329.0 399.0 18.0
14401.0 401.0 18.0
14581.0 406.0 18.0
14689.0 409.0 18.0
14689.0 409.0 18.0
14689.0 409.0 18.0
14761.0 411.0 18.0
14833.0 413.0 18.0
14833.0 413.0 18.0
14905.0 415.0 18.0
14977.0 417.0 18.0
15085.0 420.0 18.0
15121.0 421.0 18.0
15157.0 422.0 18.0
15157.0 422.0 18.0
15157.0 422.0 18.0
15193.0 423.0 18.0
15265.0 425.0 18.0
15373.0 428.0 18.0
15409.0 429.0 18.0
15409.0 429.0 18.0
15445.0 430.0 18.0
15481.0 431.0 18.0
15517.0 432.0 18.0
15517.0 432.0 18.0
15553.0 433.0 18.0
15589.0 434.0 18.0
15589.0 434.0 18.0
15625.0 435.0 18.0
15661.0 436.0 18.0
15697.0 437.0 18.0
15733.0 438.0 18.0
15769.0 439.0 18.0
15769.0 439.0 18.0
15769.0 439.0 18.0
15805.0 440.0 18.0
15805.0 440.0 18.0
15805.0 440.0 18.0
15805.0 440.0 18.0
15841.0 441.0 18.0
15877.0 442.0 18.0
15877.0 442.0 18.0
15949.0 444.0 18.0
15949.0 444.0 18.0
15949.0 444.0 18.0
15985.0 445.0 18.0
16021.0 446.0 18.0
16021.0 446.0 18.0
16093.0 448.0 18.0
16201.0 451.0 18.0
16201.0 451.0 18.0
16309.0 454.0 18.0
16309.0 454.0 18.0
16345.0 455.0 18.0
16345.0 455.0 18.0
16489.0 459.0 18.0
16525.0 460.0 18.0
16597.0 462.0 18.0
16669.0 464.0 18.0
16705.0 465.0 18.0
16921.0 471.0 18.0
16921.0 471.0 18.0
16957.0 472.0 18.0
16957.0 472.0 18.0
16993.0 473.0 18.0
17065.0 475.0 18.0
17101.0 476.0 18.0
17137.0 477.0 18.0
17137.0 477.0 18.0
17137.0 477.0 18.0
17173.0 478.0 18.0
17281.0 481.0 18.0
17281.0 481.0 18.0
17353.0 483.0 18.0
17389.0 484.0 18.0
17425.0 485.0 18.0
17425.0 485.0 18.0
17569.0 489.0 18.0
17677.0 492.0 18.0
17785.0 495.0 18.0
17893.0 498.0 18.0
17965.0 500.0 18.0
18037.0 502.0 18.0
18073.0 503.0 18.0
18073.0 503.0 18.0
18469.0 514.0 18.0
18541.0 516.0 18.0
18649.0 519.0 18.0
18685.0 520.0 18.0
18757.0 522.0 18.0
19117.0 532.0 18.0
19549.0 544.0 18.0
