rev4
3277.0 92.0 18.0
3313.0 93.0 18.0
3349.0 94.0 18.0
3349.0 94.0 18.0
3349.0 94.0 18.0
3349.0 94.0 18.0
3421.0 96.0 18.0
3457.0 97.0 18.0
3457.0 97.0 18.0
3493.0 98.0 18.0
3493.0 98.0 18.0
3493.0 98.0 18.0
3493.0 98.0 18.0
3529.0 99.0 18.0
3529.0 99.0 18.0
3601.0 101.0 18.0
3637.0 102.0 18.0
3637.0 102.0 18.0
3637.0 102.0 18.0
3637.0 102.0 18.0
3673.0 103.0 18.0
3709.0 104.0 18.0
3709.0 104.0 18.0
3745.0 105.0 18.0
3745.0 105.0 18.0
3745.0 105.0 18.0
3781.0 106.0 18.0
3781.0 106.0 18.0
3781.0 106.0 18.0
3781.0 106.0 18.0
3781.0 106.0 18.0
3817.0 107.0 18.0
3817.0 107.0 18.0
3817.0 107.0 18.0
3817.0 107.0 18.0
3889.0 109.0 18.0
3889.0 109.0 18.0
3925.0 110.0 18.0
3925.0 110.0 18.0
3925.0 110.0 18.0
3925.0 110.0 18.0
3925.0 110.0 18.0
3961.0 111.0 18.0
3961.0 111.0 18.0
3961.0 111.0 18.0
3961.0 111.0 18.0
3997.0 112.0 18.0
3997.0 112.0 18.0
4033.0 113.0 18.0
4033.0 113.0 18.0
4069.0 114.0 18.0
4069.0 114.0 18.0
4069.0 114.0 18.0
4069.0 114.0 18.0
4105.0 115.0 18.0
4141.0 116.0 18.0
4141.0 116.0 18.0
4141.0 116.0 18.0
4177.0 117.0 18.0
4177.0 117.0 18.0
4213.0 118.0 18.0
4213.0 118.0 18.0
4213.0 118.0 18.0
4213.0 118.0 18.0
4213.0 118.0 18.0
4213.0 118.0 18.0
4249.0 119.0 18.0
4249.0 119.0 18.0
4249.0 119.0 18.0
4249.0 119.0 18.0
4285.0 120.0 18.0
4285.0 120.0 18.0
4321.0 121.0 18.0
4357.0 122.0 18.0
4357.0 122.0 18.0
4393.0 123.0 18.0
4429.0 124.0 18.0
4429.0 124.0 18.0
4501.0 126.0 18.0
4501.0 126.0 18.0
4501.0 126.0 18.0
4537.0 127.0 18.0
4537.0 127.0 18.0
4609.0 129.0 18.0
4681.0 131.0 18.0
4681.0 131.0 18.0
4681.0 131.0 18.0
4753.0 133.0 18.0
4753.0 133.0 18.0
4753.0 133.0 18.0
4789.0 134.0 18.0
4789.0 134.0 18.0
4825.0 135.0 18.0
4825.0 135.0 18.0
5041.0 141.0 18.0
5149.0 144.0 18.0
5149.0 144.0 18.0
5185.0 145.0 18.0
5257.0 147.0 18.0
5581.0 156.0 18.0
