rev4
237241.0 6591.0 18.0
238609.0 6629.0 18.0
238969.0 6639.0 18.0
239113.0 6643.0 18.0
239185.0 6645.0 18.0
240661.0 6686.0 18.0
242101.0 6726.0 18.0
242785.0 6745.0 18.0
244009.0 6779.0 18.0
244513.0 6793.0 18.0
244513.0 6793.0 18.0
245881.0 6831.0 18.0
246277.0 6842.0 18.0
246673.0 6853.0 18.0
246853.0 6858.0 18.0
246889.0 6859.0 18.0
246961.0 6861.0 18.0
247069.0 6864.0 18.0
247141.0 6866.0 18.0
247177.0 6867.0 18.0
247645.0 6880.0 18.0
247789.0 6884.0 18.0
247861.0 6886.0 18.0
247897.0 6887.0 18.0
248041.0 6891.0 18.0
248077.0 6892.0 18.0
248185.0 6895.0 18.0
248581.0 6906.0 18.0
248581.0 6906.0 18.0
248581.0 6906.0 18.0
249013.0 6918.0 18.0
249193.0 6923.0 18.0
250093.0 6948.0 18.0
250561.0 6961.0 18.0
250813.0 6968.0 18.0
250993.0 6973.0 18.0
251425.0 6985.0 18.0
251641.0 6991.0 18.0
251641.0 6991.0 18.0
251713.0 6993.0 18.0
252325.0 7010.0 18.0
253153.0 7033.0 18.0
253225.0 7035.0 18.0
253297.0 7037.0 18.0
253333.0 7038.0 18.0
253585.0 7045.0 18.0
253585.0 7045.0 18.0
253909.0 7054.0 18.0
253981.0 7056.0 18.0
254413.0 7068.0 18.0
254593.0 7073.0 18.0
254917.0 7082.0 18.0
255133.0 7088.0 18.0
255169.0 7089.0 18.0
255457.0 7097.0 18.0
256069.0 7114.0 18.0
256463.0 7125.0 18.0
256501.0 7126.0 18.0
256969.0 7139.0 18.0
257041.0 7141.0 18.0
257077.0 7142.0 18.0
257077.0 7142.0 18.0
257185.0 7145.0 18.0
257905.0 7165.0 18.0
258121.0 7171.0 18.0
258193.0 7173.0 18.0
258661.0 7186.0 18.0
258841.0 7191.0 18.0
258949.0 7194.0 18.0
258985.0 7195.0 18.0
259309.0 7204.0 18.0
259921.0 7221.0 18.0
260965.0 7250.0 18.0
261253.0 7258.0 18.0
262117.0 7282.0 18.0
262333.0 7288.0 18.0
262873.0 7303.0 18.0
263341.0 7316.0 18.0
263521.0 7321.0 18.0
265177.0 7367.0 18.0
265465.0 7375.0 18.0
266473.0 7403.0 18.0
266797.0 7412.0 18.0
266797.0 7412.0 18.0
267445.0 7430.0 18.0
267553.0 7433.0 18.0
268885.0 7470.0 18.0
268993.0 7473.0 18.0
272017.0 7557.0 18.0
272089.0 7559.0 18.0
274429.0 7624.0 18.0
274465.0 7625.0 18.0
275941.0 7666.0 18.0
277057.0 7697.0 18.0
277165.0 7700.0 18.0
278389.0 7734.0 18.0
280837.0 7802.0 18.0
284257.0 7897.0 18.0
291781.0 8106.0 18.0
301789.0 8384.0 18.0
