rev2
228865.0 7153.0 16.0
233089.0 7285.0 16.0
234017.0 7314.0 16.0
234817.0 7339.0 16.0
235009.0 7345.0 16.0
235105.0 7348.0 16.0
235585.0 7363.0 16.0
235969.0 7375.0 16.0
236833.0 7402.0 16.0
237121.0 7411.0 16.0
237377.0 7419.0 16.0
237697.0 7429.0 16.0
238049.0 7440.0 16.0
238529.0 7455.0 16.0
238785.0 7463.0 16.0
238817.0 7464.0 16.0
239105.0 7473.0 16.0
239873.0 7497.0 16.0
240513.0 7517.0 16.0
240673.0 7522.0 16.0
240801.0 7526.0 16.0
241313.0 7542.0 16.0
241473.0 7547.0 16.0
242209.0 7570.0 16.0
242273.0 7572.0 16.0
242721.0 7586.0 16.0
243553.0 7612.0 16.0
243617.0 7614.0 16.0
243777.0 7619.0 16.0
243969.0 7625.0 16.0
243969.0 7625.0 16.0
244129.0 7630.0 16.0
244353.0 7637.0 16.0
244609.0 7645.0 16.0
244609.0 7645.0 16.0
245153.0 7662.0 16.0
245153.0 7662.0 16.0
245153.0 7662.0 16.0
245441.0 7671.0 16.0
245441.0 7671.0 16.0
245537.0 7674.0 16.0
245889.0 7685.0 16.0
247201.0 7726.0 16.0
247681.0 7741.0 16.0
247713.0 7742.0 16.0
247809.0 7745.0 16.0
248097.0 7754.0 16.0
248289.0 7760.0 16.0
248545.0 7768.0 16.0
249121.0 7786.0 16.0
249313.0 7792.0 16.0
249473.0 7797.0 16.0
249505.0 7798.0 16.0
249505.0 7798.0 16.0
249601.0 7801.0 16.0
249953.0 7812.0 16.0
250145.0 7818.0 16.0
250177.0 7819.0 16.0
250529.0 7830.0 16.0
250753.0 7837.0 16.0
250913.0 7842.0 16.0
251265.0 7853.0 16.0
251361.0 7856.0 16.0
251425.0 7858.0 16.0
251617.0 7864.0 16.0
251905.0 7873.0 16.0
252033.0 7877.0 16.0
252065.0 7878.0 16.0
252193.0 7882.0 16.0
252961.0 7906.0 16.0
253089.0 7910.0 16.0
253249.0 7915.0 16.0
253441.0 7921.0 16.0
254401.0 7951.0 16.0
254593.0 7957.0 16.0
255073.0 7972.0 16.0
255201.0 7976.0 16.0
255521.0 7986.0 16.0
256065.0 8003.0 16.0
256321.0 8011.0 16.0
256897.0 8029.0 16.0
256993.0 8032.0 16.0
257313.0 8042.0 16.0
258369.0 8075.0 16.0
258721.0 8086.0 16.0
259009.0 8095.0 16.0
260289.0 8135.0 16.0
260289.0 8135.0 16.0
260993.0 8157.0 16.0
262593.0 8207.0 16.0
265473.0 8297.0 16.0
265473.0 8297.0 16.0
267553.0 8362.0 16.0
268289.0 8385.0 16.0
268513.0 8392.0 16.0
269473.0 8422.0 16.0
272449.0 8515.0 16.0
275329.0 8605.0 16.0
281409.0 8795.0 16.0
288065.0 9003.0 16.0
