rev2
3.3938401E7 1060576.0 16.0
3.4209633E7 1069052.0 16.0
3.4414049E7 1075440.0 16.0
3.4531553E7 1079112.0 16.0
3.4614465E7 1081703.0 16.0
3.4638465E7 1082453.0 16.0
3.4661921E7 1083186.0 16.0
3.4680545E7 1083768.0 16.0
3.4698689E7 1084335.0 16.0
3.4717825E7 1084933.0 16.0
3.4762337E7 1086324.0 16.0
3.4785281E7 1087041.0 16.0
3.4809921E7 1087811.0 16.0
3.4811937E7 1087874.0 16.0
3.4894273E7 1090447.0 16.0
3.4975457E7 1092984.0 16.0
3.5098433E7 1096827.0 16.0
3.5121473E7 1097547.0 16.0
3.5172801E7 1099151.0 16.0
3.5175553E7 1099237.0 16.0
3.5218305E7 1100573.0 16.0
3.5225025E7 1100783.0 16.0
3.5230305E7 1100948.0 16.0
3.5304993E7 1103282.0 16.0
3.5328001E7 1104001.0 16.0
3.5333985E7 1104188.0 16.0
3.5350433E7 1104702.0 16.0
3.5360513E7 1105017.0 16.0
3.5372705E7 1105398.0 16.0
3.5379361E7 1105606.0 16.0
3.5400321E7 1106261.0 16.0
3.5424321E7 1107011.0 16.0
3.5424705E7 1107023.0 16.0
3.5424769E7 1107025.0 16.0
3.5429345E7 1107168.0 16.0
3.5431169E7 1107225.0 16.0
3.5446593E7 1107707.0 16.0
3.5479553E7 1108737.0 16.0
3.5528673E7 1110272.0 16.0
3.5531201E7 1110351.0 16.0
3.5536225E7 1110508.0 16.0
3.5568769E7 1111525.0 16.0
3.5630017E7 1113439.0 16.0
3.5641345E7 1113793.0 16.0
3.5710593E7 1115957.0 16.0
3.5714753E7 1116087.0 16.0
3.5756001E7 1117376.0 16.0
3.5790145E7 1118443.0 16.0
3.5799713E7 1118742.0 16.0
3.5905665E7 1122053.0 16.0
3.5916385E7 1122388.0 16.0
3.5925697E7 1122679.0 16.0
3.5953953E7 1123562.0 16.0
3.5960129E7 1123755.0 16.0
3.5966369E7 1123950.0 16.0
3.5971745E7 1124118.0 16.0
3.6000033E7 1125002.0 16.0
3.6023265E7 1125728.0 16.0
3.6052417E7 1126639.0 16.0
3.6065569E7 1127050.0 16.0
3.6082625E7 1127583.0 16.0
3.6191105E7 1130973.0 16.0
3.6191937E7 1130999.0 16.0
3.6196801E7 1131151.0 16.0
3.6201377E7 1131294.0 16.0
3.6236993E7 1132407.0 16.0
3.6255073E7 1132972.0 16.0
3.6261409E7 1133170.0 16.0
3.6263841E7 1133246.0 16.0
3.6303169E7 1134475.0 16.0
3.6329889E7 1135310.0 16.0
3.6364449E7 1136390.0 16.0
3.6373505E7 1136673.0 16.0
3.6413345E7 1137918.0 16.0
3.6421569E7 1138175.0 16.0
3.6470977E7 1139719.0 16.0
3.6522593E7 1141332.0 16.0
3.6635553E7 1144862.0 16.0
3.6685697E7 1146429.0 16.0
3.6715329E7 1147355.0 16.0
3.6832961E7 1151031.0 16.0
3.6840865E7 1151278.0 16.0
3.6891585E7 1152863.0 16.0
3.6989057E7 1155909.0 16.0
3.6995777E7 1156119.0 16.0
3.7046945E7 1157718.0 16.0
3.7073857E7 1158559.0 16.0
3.7078113E7 1158692.0 16.0
3.7100769E7 1159400.0 16.0
3.7105601E7 1159551.0 16.0
3.7225729E7 1163305.0 16.0
3.7278977E7 1164969.0 16.0
3.7290497E7 1165329.0 16.0
3.7427265E7 1169603.0 16.0
3.7551457E7 1173484.0 16.0
3.7578273E7 1174322.0 16.0
3.7705441E7 1178296.0 16.0
3.7963553E7 1186362.0 16.0
3.8283489E7 1196360.0 16.0
4.0561793E7 1267557.0 16.0
