rev2
965121.0 30161.0 16.0
974657.0 30459.0 16.0
979425.0 30608.0 16.0
982465.0 30703.0 16.0
985121.0 30786.0 16.0
985249.0 30790.0 16.0
986561.0 30831.0 16.0
986945.0 30843.0 16.0
990593.0 30957.0 16.0
991233.0 30977.0 16.0
992897.0 31029.0 16.0
994177.0 31069.0 16.0
994241.0 31071.0 16.0
994593.0 31082.0 16.0
996385.0 31138.0 16.0
998305.0 31198.0 16.0
998529.0 31205.0 16.0
999457.0 31234.0 16.0
1000001.0 31251.0 16.0
1000289.0 31260.0 16.0
1001697.0 31304.0 16.0
1001921.0 31311.0 16.0
1002113.0 31317.0 16.0
1003905.0 31373.0 16.0
1005921.0 31436.0 16.0
1006145.0 31443.0 16.0
1007393.0 31482.0 16.0
1008449.0 31515.0 16.0
1008609.0 31520.0 16.0
1008929.0 31530.0 16.0
1010017.0 31564.0 16.0
1012193.0 31632.0 16.0
1012385.0 31638.0 16.0
1013185.0 31663.0 16.0
1013729.0 31680.0 16.0
1014049.0 31690.0 16.0
1015777.0 31744.0 16.0
1016257.0 31759.0 16.0
1017889.0 31810.0 16.0
1018081.0 31816.0 16.0
1019969.0 31875.0 16.0
1020897.0 31904.0 16.0
1021025.0 31908.0 16.0
1022497.0 31954.0 16.0
1023617.0 31989.0 16.0
1023681.0 31991.0 16.0
1024961.0 32031.0 16.0
1025345.0 32043.0 16.0
1025633.0 32052.0 16.0
1026849.0 32090.0 16.0
1027233.0 32102.0 16.0
1027489.0 32110.0 16.0
1028801.0 32151.0 16.0
1030465.0 32203.0 16.0
1030625.0 32208.0 16.0
1030689.0 32210.0 16.0
1030913.0 32217.0 16.0
1032865.0 32278.0 16.0
1033057.0 32284.0 16.0
1034817.0 32339.0 16.0
1036129.0 32380.0 16.0
1036513.0 32392.0 16.0
1036705.0 32398.0 16.0
1037825.0 32433.0 16.0
1038209.0 32445.0 16.0
1039329.0 32480.0 16.0
1039521.0 32486.0 16.0
1039649.0 32490.0 16.0
1040993.0 32532.0 16.0
1043809.0 32620.0 16.0
1044001.0 32626.0 16.0
1045473.0 32672.0 16.0
1047425.0 32733.0 16.0
1048737.0 32774.0 16.0
1048737.0 32774.0 16.0
1051233.0 32852.0 16.0
1051425.0 32858.0 16.0
1053057.0 32909.0 16.0
1053345.0 32918.0 16.0
1053537.0 32924.0 16.0
1055137.0 32974.0 16.0
1057089.0 33035.0 16.0
1062561.0 33206.0 16.0
1065697.0 33304.0 16.0
1072737.0 33524.0 16.0
1076993.0 33657.0 16.0
1077281.0 33666.0 16.0
1080193.0 33757.0 16.0
1081857.0 33809.0 16.0
1086177.0 33944.0 16.0
1088289.0 34010.0 16.0
1090817.0 34089.0 16.0
1101953.0 34437.0 16.0
1107969.0 34625.0 16.0
1108641.0 34646.0 16.0
1110977.0 34719.0 16.0
1111713.0 34742.0 16.0
1112065.0 34753.0 16.0
1121153.0 35037.0 16.0
1170785.0 36588.0 16.0
