rev2
13025.0 408.0 16.0
13249.0 415.0 16.0
13249.0 415.0 16.0
13281.0 416.0 16.0
13473.0 422.0 16.0
13473.0 422.0 16.0
13473.0 422.0 16.0
13537.0 424.0 16.0
13537.0 424.0 16.0
13537.0 424.0 16.0
13569.0 425.0 16.0
13601.0 426.0 16.0
13665.0 428.0 16.0
13665.0 428.0 16.0
13697.0 429.0 16.0
13697.0 429.0 16.0
13729.0 430.0 16.0
13729.0 430.0 16.0
13793.0 432.0 16.0
13825.0 433.0 16.0
13825.0 433.0 16.0
13825.0 433.0 16.0
13889.0 435.0 16.0
13889.0 435.0 16.0
13889.0 435.0 16.0
13921.0 436.0 16.0
13953.0 437.0 16.0
13953.0 437.0 16.0
13953.0 437.0 16.0
13985.0 438.0 16.0
14017.0 439.0 16.0
14145.0 443.0 16.0
14145.0 443.0 16.0
14145.0 443.0 16.0
14177.0 444.0 16.0
14177.0 444.0 16.0
14209.0 445.0 16.0
14209.0 445.0 16.0
14241.0 446.0 16.0
14241.0 446.0 16.0
14241.0 446.0 16.0
14305.0 448.0 16.0
14305.0 448.0 16.0
14337.0 449.0 16.0
14369.0 450.0 16.0
14369.0 450.0 16.0
14401.0 451.0 16.0
14401.0 451.0 16.0
14401.0 451.0 16.0
14433.0 452.0 16.0
14465.0 453.0 16.0
14497.0 454.0 16.0
14497.0 454.0 16.0
14497.0 454.0 16.0
14561.0 456.0 16.0
14561.0 456.0 16.0
14561.0 456.0 16.0
14593.0 457.0 16.0
14593.0 457.0 16.0
14625.0 458.0 16.0
14625.0 458.0 16.0
14657.0 459.0 16.0
14657.0 459.0 16.0
14689.0 460.0 16.0
14721.0 461.0 16.0
14721.0 461.0 16.0
14753.0 462.0 16.0
14753.0 462.0 16.0
14785.0 463.0 16.0
14785.0 463.0 16.0
14849.0 465.0 16.0
14849.0 465.0 16.0
14881.0 466.0 16.0
14881.0 466.0 16.0
14881.0 466.0 16.0
14913.0 467.0 16.0
15009.0 470.0 16.0
15009.0 470.0 16.0
15041.0 471.0 16.0
15073.0 472.0 16.0
15137.0 474.0 16.0
15201.0 476.0 16.0
15233.0 477.0 16.0
15265.0 478.0 16.0
15265.0 478.0 16.0
15297.0 479.0 16.0
15329.0 480.0 16.0
15329.0 480.0 16.0
15457.0 484.0 16.0
15521.0 486.0 16.0
15713.0 492.0 16.0
15777.0 494.0 16.0
15777.0 494.0 16.0
15841.0 496.0 16.0
16289.0 510.0 16.0
16385.0 513.0 16.0
16385.0 513.0 16.0
16385.0 513.0 16.0
16449.0 515.0 16.0
16897.0 529.0 16.0
