rev2
1.42750305E8 4460948.0 16.0
1.42784577E8 4462019.0 16.0
1.43080321E8 4471261.0 16.0
1.43246401E8 4476451.0 16.0
1.43294593E8 4477957.0 16.0
1.43658529E8 4489330.0 16.0
1.43710401E8 4490951.0 16.0
1.43763649E8 4492615.0 16.0
1.44223105E8 4506973.0 16.0
1.44232481E8 4507266.0 16.0
1.44234657E8 4507334.0 16.0
1.44288321E8 4509011.0 16.0
1.44318561E8 4509956.0 16.0
1.44331745E8 4510368.0 16.0
1.44458241E8 4514321.0 16.0
1.44568993E8 4517782.0 16.0
1.44686177E8 4521444.0 16.0
1.44829089E8 4525910.0 16.0
1.45009089E8 4531535.0 16.0
1.45214497E8 4537954.0 16.0
1.45215329E8 4537980.0 16.0
1.45356481E8 4542391.0 16.0
1.45385377E8 4543294.0 16.0
1.45490081E8 4546566.0 16.0
1.45524289E8 4547635.0 16.0
1.45554049E8 4548565.0 16.0
1.45578625E8 4549333.0 16.0
1.45582465E8 4549453.0 16.0
1.45608865E8 4550278.0 16.0
1.45650337E8 4551574.0 16.0
1.45680929E8 4552530.0 16.0
1.45746881E8 4554591.0 16.0
1.45822945E8 4556968.0 16.0
1.45833601E8 4557301.0 16.0
1.45895233E8 4559227.0 16.0
1.46015425E8 4562983.0 16.0
1.46396065E8 4574878.0 16.0
1.46398113E8 4574942.0 16.0
1.46436545E8 4576143.0 16.0
1.46549697E8 4579679.0 16.0
1.46675329E8 4583605.0 16.0
1.46789089E8 4587160.0 16.0
1.46878593E8 4589957.0 16.0
1.46897729E8 4590555.0 16.0
1.46941825E8 4591933.0 16.0
1.46960353E8 4592512.0 16.0
1.46975617E8 4592989.0 16.0
1.47092929E8 4596655.0 16.0
1.47098081E8 4596816.0 16.0
1.47109377E8 4597169.0 16.0
1.47187681E8 4599616.0 16.0
1.47341825E8 4604433.0 16.0
1.47554369E8 4611075.0 16.0
1.47588577E8 4612144.0 16.0
1.47617505E8 4613048.0 16.0
1.47626401E8 4613326.0 16.0
1.47627041E8 4613346.0 16.0
1.47635585E8 4613613.0 16.0
1.47694337E8 4615449.0 16.0
1.47926433E8 4622702.0 16.0
1.47962337E8 4623824.0 16.0
1.48047937E8 4626499.0 16.0
1.48056705E8 4626773.0 16.0
1.48161537E8 4630049.0 16.0
1.48214881E8 4631716.0 16.0
1.48526817E8 4641464.0 16.0
1.48809377E8 4650294.0 16.0
1.49024321E8 4657011.0 16.0
1.49088225E8 4659008.0 16.0
1.49171521E8 4661611.0 16.0
1.49172353E8 4661637.0 16.0
1.49602689E8 4675085.0 16.0
1.49616129E8 4675505.0 16.0
1.49817633E8 4681802.0 16.0
1.50167137E8 4692724.0 16.0
1.50189281E8 4693416.0 16.0
1.50285633E8 4696427.0 16.0
1.50399649E8 4699990.0 16.0
1.50498913E8 4703092.0 16.0
1.50688993E8 4709032.0 16.0
1.50731745E8 4710368.0 16.0
1.50980225E8 4718133.0 16.0
1.51032161E8 4719756.0 16.0
1.51065985E8 4720813.0 16.0
1.51206785E8 4725213.0 16.0
1.51764545E8 4742643.0 16.0
1.51931969E8 4747875.0 16.0
1.52020385E8 4750638.0 16.0
1.52315361E8 4759856.0 16.0
1.52507329E8 4765855.0 16.0
1.52720705E8 4772523.0 16.0
1.52944705E8 4779523.0 16.0
1.53056737E8 4783024.0 16.0
1.53422209E8 4794445.0 16.0
1.54970177E8 4842819.0 16.0
1.55558145E8 4861193.0 16.0
1.58370529E8 4949080.0 16.0
1.58679841E8 4958746.0 16.0
1.63566561E8 5111456.0 16.0
1.64353793E8 5136057.0 16.0
