rev2
4037537.0 126174.0 16.0
4071937.0 127249.0 16.0
4075585.0 127363.0 16.0
4077345.0 127418.0 16.0
4079265.0 127478.0 16.0
4086497.0 127704.0 16.0
4097313.0 128042.0 16.0
4103873.0 128247.0 16.0
4110209.0 128445.0 16.0
4124737.0 128899.0 16.0
4130593.0 129082.0 16.0
4131265.0 129103.0 16.0
4137281.0 129291.0 16.0
4139777.0 129369.0 16.0
4140353.0 129387.0 16.0
4143713.0 129492.0 16.0
4147585.0 129613.0 16.0
4150177.0 129694.0 16.0
4150465.0 129703.0 16.0
4152193.0 129757.0 16.0
4153793.0 129807.0 16.0
4156641.0 129896.0 16.0
4158081.0 129941.0 16.0
4158913.0 129967.0 16.0
4174369.0 130450.0 16.0
4179585.0 130613.0 16.0
4183361.0 130731.0 16.0
4189857.0 130934.0 16.0
4190689.0 130960.0 16.0
4192545.0 131018.0 16.0
4194721.0 131086.0 16.0
4198657.0 131209.0 16.0
4198913.0 131217.0 16.0
4214241.0 131696.0 16.0
4219745.0 131868.0 16.0
4223137.0 131974.0 16.0
4223585.0 131988.0 16.0
4232353.0 132262.0 16.0
4234049.0 132315.0 16.0
4235041.0 132346.0 16.0
4235809.0 132370.0 16.0
4236353.0 132387.0 16.0
4240129.0 132505.0 16.0
4249025.0 132783.0 16.0
4251393.0 132857.0 16.0
4252577.0 132894.0 16.0
4254273.0 132947.0 16.0
4255521.0 132986.0 16.0
4259393.0 133107.0 16.0
4265057.0 133284.0 16.0
4268513.0 133392.0 16.0
4272705.0 133523.0 16.0
4274881.0 133591.0 16.0
4275809.0 133620.0 16.0
4277441.0 133671.0 16.0
4277857.0 133684.0 16.0
4280193.0 133757.0 16.0
4280545.0 133768.0 16.0
4280609.0 133770.0 16.0
4281441.0 133796.0 16.0
4286145.0 133943.0 16.0
4296065.0 134253.0 16.0
4299329.0 134355.0 16.0
4299521.0 134361.0 16.0
4307521.0 134611.0 16.0
4310273.0 134697.0 16.0
4313345.0 134793.0 16.0
4318209.0 134945.0 16.0
4322561.0 135081.0 16.0
4322689.0 135085.0 16.0
4325217.0 135164.0 16.0
4326401.0 135201.0 16.0
4328929.0 135280.0 16.0
4336513.0 135517.0 16.0
4337345.0 135543.0 16.0
4348321.0 135886.0 16.0
4348353.0 135887.0 16.0
4349377.0 135919.0 16.0
4350977.0 135969.0 16.0
4351137.0 135974.0 16.0
4356801.0 136151.0 16.0
4358657.0 136209.0 16.0
4374145.0 136693.0 16.0
4375745.0 136743.0 16.0
4382145.0 136943.0 16.0
4386849.0 137090.0 16.0
4425793.0 138307.0 16.0
4446913.0 138967.0 16.0
4453409.0 139170.0 16.0
4458593.0 139332.0 16.0
4461089.0 139410.0 16.0
4492001.0 140376.0 16.0
4503841.0 140746.0 16.0
4521889.0 141310.0 16.0
4527489.0 141485.0 16.0
4553185.0 142288.0 16.0
4553889.0 142310.0 16.0
4611809.0 144120.0 16.0
4838017.0 151189.0 16.0
4865185.0 152038.0 16.0
