rev2
7.0017377E7 2188044.0 16.0
7.0098529E7 2190580.0 16.0
7.0125377E7 2191419.0 16.0
7.0547841E7 2204621.0 16.0
7.0686913E7 2208967.0 16.0
7.0692897E7 2209154.0 16.0
7.0725889E7 2210185.0 16.0
7.0754753E7 2211087.0 16.0
7.0979905E7 2218123.0 16.0
7.1242785E7 2226338.0 16.0
7.1320161E7 2228756.0 16.0
7.1321441E7 2228796.0 16.0
7.1332161E7 2229131.0 16.0
7.1343809E7 2229495.0 16.0
7.1348705E7 2229648.0 16.0
7.1372641E7 2230396.0 16.0
7.1513665E7 2234803.0 16.0
7.1564993E7 2236407.0 16.0
7.1582401E7 2236951.0 16.0
7.1597089E7 2237410.0 16.0
7.1620193E7 2238132.0 16.0
7.1629249E7 2238415.0 16.0
7.1691233E7 2240352.0 16.0
7.1777793E7 2243057.0 16.0
7.1840705E7 2245023.0 16.0
7.1899073E7 2246847.0 16.0
7.1977377E7 2249294.0 16.0
7.1984801E7 2249526.0 16.0
7.1990529E7 2249705.0 16.0
7.2003841E7 2250121.0 16.0
7.2011201E7 2250351.0 16.0
7.2073665E7 2252303.0 16.0
7.2113249E7 2253540.0 16.0
7.2129473E7 2254047.0 16.0
7.2138113E7 2254317.0 16.0
7.2139329E7 2254355.0 16.0
7.2183841E7 2255746.0 16.0
7.2203745E7 2256368.0 16.0
7.2223713E7 2256992.0 16.0
7.2231265E7 2257228.0 16.0
7.2314465E7 2259828.0 16.0
7.2415553E7 2262987.0 16.0
7.2497697E7 2265554.0 16.0
7.2498017E7 2265564.0 16.0
7.2512449E7 2266015.0 16.0
7.2527137E7 2266474.0 16.0
7.2600833E7 2268777.0 16.0
7.2607393E7 2268982.0 16.0
7.2703713E7 2271992.0 16.0
7.2764257E7 2273884.0 16.0
7.2861121E7 2276911.0 16.0
7.2872417E7 2277264.0 16.0
7.2873665E7 2277303.0 16.0
7.2994209E7 2281070.0 16.0
7.3024001E7 2282001.0 16.0
7.3029025E7 2282158.0 16.0
7.3080225E7 2283758.0 16.0
7.3084769E7 2283900.0 16.0
7.3174433E7 2286702.0 16.0
7.3225569E7 2288300.0 16.0
7.3261793E7 2289432.0 16.0
7.3283777E7 2290119.0 16.0
7.3300257E7 2290634.0 16.0
7.3366081E7 2292691.0 16.0
7.3403105E7 2293848.0 16.0
7.3571009E7 2299095.0 16.0
7.3627105E7 2300848.0 16.0
7.3665697E7 2302054.0 16.0
7.3702785E7 2303213.0 16.0
7.3820897E7 2306904.0 16.0
7.3823489E7 2306985.0 16.0
7.3939265E7 2310603.0 16.0
7.3957761E7 2311181.0 16.0
7.4079201E7 2314976.0 16.0
7.4175649E7 2317990.0 16.0
7.4265601E7 2320801.0 16.0
7.4327841E7 2322746.0 16.0
7.4331969E7 2322875.0 16.0
7.4376897E7 2324279.0 16.0
7.4417217E7 2325539.0 16.0
7.4797825E7 2337433.0 16.0
7.4800129E7 2337505.0 16.0
7.4880161E7 2340006.0 16.0
7.4927265E7 2341478.0 16.0
7.5094049E7 2346690.0 16.0
7.5121857E7 2347559.0 16.0
7.5163585E7 2348863.0 16.0
7.5187553E7 2349612.0 16.0
7.5482625E7 2358833.0 16.0
7.6048289E7 2376510.0 16.0
7.6159649E7 2379990.0 16.0
7.6240993E7 2382532.0 16.0
7.6373921E7 2386686.0 16.0
7.6375009E7 2386720.0 16.0
7.6825473E7 2400797.0 16.0
7.7149505E7 2410923.0 16.0
7.7362689E7 2417585.0 16.0
7.9098721E7 2471836.0 16.0
7.9465985E7 2483313.0 16.0
8.0299617E7 2509364.0 16.0
