rev4
84161.0 2631.0 16.0
84545.0 2643.0 16.0
84977.0 2657.0 16.0
85105.0 2661.0 16.0
85345.0 2668.0 16.0
85505.0 2673.0 16.0
85601.0 2676.0 16.0
85697.0 2679.0 16.0
85825.0 2683.0 16.0
85825.0 2683.0 16.0
86081.0 2691.0 16.0
86305.0 2698.0 16.0
86529.0 2705.0 16.0
86593.0 2707.0 16.0
86593.0 2707.0 16.0
86689.0 2710.0 16.0
86721.0 2711.0 16.0
86817.0 2714.0 16.0
86817.0 2714.0 16.0
87009.0 2720.0 16.0
87137.0 2724.0 16.0
87169.0 2725.0 16.0
87233.0 2727.0 16.0
87297.0 2729.0 16.0
87297.0 2729.0 16.0
87393.0 2732.0 16.0
87521.0 2736.0 16.0
87553.0 2737.0 16.0
87617.0 2739.0 16.0
87681.0 2741.0 16.0
87713.0 2742.0 16.0
87745.0 2743.0 16.0
87873.0 2747.0 16.0
87905.0 2748.0 16.0
88033.0 2752.0 16.0
88065.0 2753.0 16.0
88065.0 2753.0 16.0
88097.0 2754.0 16.0
88161.0 2756.0 16.0
88385.0 2763.0 16.0
88417.0 2764.0 16.0
88449.0 2765.0 16.0
88449.0 2765.0 16.0
88513.0 2767.0 16.0
88513.0 2767.0 16.0
88513.0 2767.0 16.0
88545.0 2768.0 16.0
88833.0 2777.0 16.0
88897.0 2779.0 16.0
88929.0 2780.0 16.0
88929.0 2780.0 16.0
88961.0 2781.0 16.0
88993.0 2782.0 16.0
89089.0 2785.0 16.0
89473.0 2797.0 16.0
89537.0 2799.0 16.0
89537.0 2799.0 16.0
89633.0 2802.0 16.0
89633.0 2802.0 16.0
89761.0 2806.0 16.0
89761.0 2806.0 16.0
89825.0 2808.0 16.0
89857.0 2809.0 16.0
90049.0 2815.0 16.0
90177.0 2819.0 16.0
90305.0 2823.0 16.0
90497.0 2829.0 16.0
90593.0 2832.0 16.0
90625.0 2833.0 16.0
90657.0 2834.0 16.0
90657.0 2834.0 16.0
90785.0 2838.0 16.0
90785.0 2838.0 16.0
90881.0 2841.0 16.0
90945.0 2843.0 16.0
91137.0 2849.0 16.0
91553.0 2862.0 16.0
91585.0 2863.0 16.0
92161.0 2881.0 16.0
92321.0 2886.0 16.0
92417.0 2889.0 16.0
92417.0 2889.0 16.0
92513.0 2892.0 16.0
92641.0 2896.0 16.0
92737.0 2899.0 16.0
93121.0 2911.0 16.0
93121.0 2911.0 16.0
93217.0 2914.0 16.0
93281.0 2916.0 16.0
93505.0 2923.0 16.0
93729.0 2930.0 16.0
94593.0 2957.0 16.0
94753.0 2962.0 16.0
95169.0 2975.0 16.0
95553.0 2987.0 16.0
95649.0 2990.0 16.0
95681.0 2991.0 16.0
96513.0 3017.0 16.0
97473.0 3047.0 16.0
98753.0 3087.0 16.0
