rev2
609.0 20.0 16.0
609.0 20.0 16.0
641.0 21.0 16.0
641.0 21.0 16.0
641.0 21.0 16.0
641.0 21.0 16.0
673.0 22.0 16.0
673.0 22.0 16.0
673.0 22.0 16.0
705.0 23.0 16.0
705.0 23.0 16.0
705.0 23.0 16.0
705.0 23.0 16.0
705.0 23.0 16.0
737.0 24.0 16.0
737.0 24.0 16.0
737.0 24.0 16.0
737.0 24.0 16.0
737.0 24.0 16.0
737.0 24.0 16.0
737.0 24.0 16.0
769.0 25.0 16.0
769.0 25.0 16.0
769.0 25.0 16.0
769.0 25.0 16.0
769.0 25.0 16.0
769.0 25.0 16.0
769.0 25.0 16.0
769.0 25.0 16.0
769.0 25.0 16.0
801.0 26.0 16.0
801.0 26.0 16.0
801.0 26.0 16.0
801.0 26.0 16.0
801.0 26.0 16.0
801.0 26.0 16.0
801.0 26.0 16.0
801.0 26.0 16.0
801.0 26.0 16.0
801.0 26.0 16.0
833.0 27.0 16.0
833.0 27.0 16.0
833.0 27.0 16.0
833.0 27.0 16.0
833.0 27.0 16.0
833.0 27.0 16.0
833.0 27.0 16.0
865.0 28.0 16.0
865.0 28.0 16.0
865.0 28.0 16.0
865.0 28.0 16.0
865.0 28.0 16.0
865.0 28.0 16.0
865.0 28.0 16.0
865.0 28.0 16.0
865.0 28.0 16.0
865.0 28.0 16.0
897.0 29.0 16.0
897.0 29.0 16.0
897.0 29.0 16.0
897.0 29.0 16.0
897.0 29.0 16.0
897.0 29.0 16.0
897.0 29.0 16.0
897.0 29.0 16.0
897.0 29.0 16.0
897.0 29.0 16.0
929.0 30.0 16.0
929.0 30.0 16.0
929.0 30.0 16.0
929.0 30.0 16.0
961.0 31.0 16.0
961.0 31.0 16.0
961.0 31.0 16.0
961.0 31.0 16.0
993.0 32.0 16.0
993.0 32.0 16.0
993.0 32.0 16.0
993.0 32.0 16.0
993.0 32.0 16.0
993.0 32.0 16.0
1025.0 33.0 16.0
1025.0 33.0 16.0
1025.0 33.0 16.0
1025.0 33.0 16.0
1025.0 33.0 16.0
1025.0 33.0 16.0
1057.0 34.0 16.0
1057.0 34.0 16.0
1057.0 34.0 16.0
1057.0 34.0 16.0
1089.0 35.0 16.0
1089.0 35.0 16.0
1121.0 36.0 16.0
1153.0 37.0 16.0
1185.0 38.0 16.0
1185.0 38.0 16.0
1185.0 38.0 16.0
1249.0 40.0 16.0
1281.0 41.0 16.0
