rev2
483329.0 15105.0 16.0
485025.0 15158.0 16.0
486913.0 15217.0 16.0
487105.0 15223.0 16.0
487201.0 15226.0 16.0
487681.0 15241.0 16.0
488865.0 15278.0 16.0
489761.0 15306.0 16.0
489889.0 15310.0 16.0
491105.0 15348.0 16.0
491425.0 15358.0 16.0
491457.0 15359.0 16.0
491681.0 15366.0 16.0
491777.0 15369.0 16.0
492225.0 15383.0 16.0
492577.0 15394.0 16.0
492641.0 15396.0 16.0
492673.0 15397.0 16.0
492897.0 15404.0 16.0
493313.0 15417.0 16.0
493985.0 15438.0 16.0
494113.0 15442.0 16.0
494113.0 15442.0 16.0
494689.0 15460.0 16.0
496097.0 15504.0 16.0
496193.0 15507.0 16.0
496481.0 15516.0 16.0
496769.0 15525.0 16.0
497793.0 15557.0 16.0
498241.0 15571.0 16.0
498337.0 15574.0 16.0
498497.0 15579.0 16.0
498977.0 15594.0 16.0
499297.0 15604.0 16.0
499937.0 15624.0 16.0
500577.0 15644.0 16.0
500641.0 15646.0 16.0
500865.0 15653.0 16.0
501153.0 15662.0 16.0
501921.0 15686.0 16.0
501985.0 15688.0 16.0
502465.0 15703.0 16.0
502657.0 15709.0 16.0
502785.0 15713.0 16.0
503233.0 15727.0 16.0
503585.0 15738.0 16.0
504001.0 15751.0 16.0
504353.0 15762.0 16.0
504417.0 15764.0 16.0
504705.0 15773.0 16.0
504897.0 15779.0 16.0
505153.0 15787.0 16.0
505281.0 15791.0 16.0
505761.0 15806.0 16.0
506433.0 15827.0 16.0
506625.0 15833.0 16.0
507329.0 15855.0 16.0
507329.0 15855.0 16.0
507745.0 15868.0 16.0
508161.0 15881.0 16.0
508225.0 15883.0 16.0
509825.0 15933.0 16.0
510017.0 15939.0 16.0
510721.0 15961.0 16.0
511073.0 15972.0 16.0
512065.0 16003.0 16.0
512065.0 16003.0 16.0
512353.0 16012.0 16.0
513601.0 16051.0 16.0
513761.0 16056.0 16.0
514177.0 16069.0 16.0
514273.0 16072.0 16.0
515009.0 16095.0 16.0
515201.0 16101.0 16.0
515329.0 16105.0 16.0
517281.0 16166.0 16.0
517537.0 16174.0 16.0
518337.0 16199.0 16.0
518689.0 16210.0 16.0
521377.0 16294.0 16.0
521697.0 16304.0 16.0
522817.0 16339.0 16.0
522881.0 16341.0 16.0
523393.0 16357.0 16.0
524065.0 16378.0 16.0
525249.0 16415.0 16.0
525729.0 16430.0 16.0
526369.0 16450.0 16.0
526561.0 16456.0 16.0
527553.0 16487.0 16.0
530081.0 16566.0 16.0
531041.0 16596.0 16.0
533889.0 16685.0 16.0
534401.0 16701.0 16.0
535425.0 16733.0 16.0
535969.0 16750.0 16.0
538273.0 16822.0 16.0
547265.0 17103.0 16.0
549153.0 17162.0 16.0
561473.0 17547.0 16.0
