rev2
8233953.0 257312.0 16.0
8303553.0 259487.0 16.0
8345281.0 260791.0 16.0
8350721.0 260961.0 16.0
8358689.0 261210.0 16.0
8358881.0 261216.0 16.0
8365217.0 261414.0 16.0
8382465.0 261953.0 16.0
8409025.0 262783.0 16.0
8423105.0 263223.0 16.0
8423105.0 263223.0 16.0
8432129.0 263505.0 16.0
8446177.0 263944.0 16.0
8449729.0 264055.0 16.0
8460097.0 264379.0 16.0
8461601.0 264426.0 16.0
8481121.0 265036.0 16.0
8481441.0 265046.0 16.0
8483617.0 265114.0 16.0
8483713.0 265117.0 16.0
8486913.0 265217.0 16.0
8495681.0 265491.0 16.0
8497377.0 265544.0 16.0
8497409.0 265545.0 16.0
8505633.0 265802.0 16.0
8506849.0 265840.0 16.0
8506977.0 265844.0 16.0
8510721.0 265961.0 16.0
8515137.0 266099.0 16.0
8515745.0 266118.0 16.0
8522497.0 266329.0 16.0
8534625.0 266708.0 16.0
8550529.0 267205.0 16.0
8561697.0 267554.0 16.0
8563073.0 267597.0 16.0
8571137.0 267849.0 16.0
8571873.0 267872.0 16.0
8577025.0 268033.0 16.0
8584289.0 268260.0 16.0
8592129.0 268505.0 16.0
8596609.0 268645.0 16.0
8597793.0 268682.0 16.0
8598785.0 268713.0 16.0
8636065.0 269878.0 16.0
8636193.0 269882.0 16.0
8646497.0 270204.0 16.0
8653729.0 270430.0 16.0
8656225.0 270508.0 16.0
8658273.0 270572.0 16.0
8663649.0 270740.0 16.0
8667265.0 270853.0 16.0
8681057.0 271284.0 16.0
8684033.0 271377.0 16.0
8689185.0 271538.0 16.0
8690689.0 271585.0 16.0
8698785.0 271838.0 16.0
8701793.0 271932.0 16.0
8704225.0 272008.0 16.0
8718049.0 272440.0 16.0
8727553.0 272737.0 16.0
8750145.0 273443.0 16.0
8750593.0 273457.0 16.0
8756769.0 273650.0 16.0
8760609.0 273770.0 16.0
8764897.0 273904.0 16.0
8771713.0 274117.0 16.0
8779649.0 274365.0 16.0
8780033.0 274377.0 16.0
8791425.0 274733.0 16.0
8794689.0 274835.0 16.0
8806561.0 275206.0 16.0
8807201.0 275226.0 16.0
8810145.0 275318.0 16.0
8812001.0 275376.0 16.0
8817601.0 275551.0 16.0
8818721.0 275586.0 16.0
8825505.0 275798.0 16.0
8831073.0 275972.0 16.0
8835585.0 276113.0 16.0
8839297.0 276229.0 16.0
8841793.0 276307.0 16.0
8862305.0 276948.0 16.0
8863073.0 276972.0 16.0
8869473.0 277172.0 16.0
8882241.0 277571.0 16.0
8894689.0 277960.0 16.0
8904321.0 278261.0 16.0
8931873.0 279122.0 16.0
8933153.0 279162.0 16.0
8969025.0 280283.0 16.0
8979905.0 280623.0 16.0
9020449.0 281890.0 16.0
9022561.0 281956.0 16.0
9118305.0 284948.0 16.0
9177505.0 286798.0 16.0
9225409.0 288295.0 16.0
9310593.0 290957.0 16.0
9345281.0 292041.0 16.0
9384737.0 293274.0 16.0
9577249.0 299290.0 16.0
