rev2
97.0 4.0 16.0
129.0 5.0 16.0
129.0 5.0 16.0
161.0 6.0 16.0
161.0 6.0 16.0
161.0 6.0 16.0
161.0 6.0 16.0
161.0 6.0 16.0
161.0 6.0 16.0
161.0 6.0 16.0
161.0 6.0 16.0
161.0 6.0 16.0
193.0 7.0 16.0
193.0 7.0 16.0
193.0 7.0 16.0
193.0 7.0 16.0
193.0 7.0 16.0
193.0 7.0 16.0
193.0 7.0 16.0
193.0 7.0 16.0
193.0 7.0 16.0
193.0 7.0 16.0
193.0 7.0 16.0
193.0 7.0 16.0
193.0 7.0 16.0
225.0 8.0 16.0
225.0 8.0 16.0
225.0 8.0 16.0
225.0 8.0 16.0
225.0 8.0 16.0
225.0 8.0 16.0
225.0 8.0 16.0
225.0 8.0 16.0
257.0 9.0 16.0
257.0 9.0 16.0
257.0 9.0 16.0
257.0 9.0 16.0
257.0 9.0 16.0
257.0 9.0 16.0
257.0 9.0 16.0
257.0 9.0 16.0
257.0 9.0 16.0
257.0 9.0 16.0
257.0 9.0 16.0
257.0 9.0 16.0
257.0 9.0 16.0
257.0 9.0 16.0
257.0 9.0 16.0
257.0 9.0 16.0
289.0 10.0 16.0
289.0 10.0 16.0
289.0 10.0 16.0
289.0 10.0 16.0
289.0 10.0 16.0
289.0 10.0 16.0
289.0 10.0 16.0
289.0 10.0 16.0
289.0 10.0 16.0
289.0 10.0 16.0
289.0 10.0 16.0
289.0 10.0 16.0
289.0 10.0 16.0
289.0 10.0 16.0
289.0 10.0 16.0
289.0 10.0 16.0
289.0 10.0 16.0
289.0 10.0 16.0
321.0 11.0 16.0
321.0 11.0 16.0
321.0 11.0 16.0
321.0 11.0 16.0
321.0 11.0 16.0
321.0 11.0 16.0
321.0 11.0 16.0
321.0 11.0 16.0
321.0 11.0 16.0
353.0 12.0 16.0
353.0 12.0 16.0
353.0 12.0 16.0
353.0 12.0 16.0
353.0 12.0 16.0
353.0 12.0 16.0
353.0 12.0 16.0
385.0 13.0 16.0
385.0 13.0 16.0
385.0 13.0 16.0
417.0 14.0 16.0
417.0 14.0 16.0
417.0 14.0 16.0
417.0 14.0 16.0
449.0 15.0 16.0
449.0 15.0 16.0
449.0 15.0 16.0
481.0 16.0 16.0
481.0 16.0 16.0
513.0 17.0 16.0
513.0 17.0 16.0
577.0 19.0 16.0
609.0 20.0 16.0
641.0 21.0 16.0
