rev2
25761.0 806.0 16.0
26369.0 825.0 16.0
26881.0 841.0 16.0
27009.0 845.0 16.0
27137.0 849.0 16.0
27169.0 850.0 16.0
27521.0 861.0 16.0
27617.0 864.0 16.0
27681.0 866.0 16.0
27713.0 867.0 16.0
27809.0 870.0 16.0
27841.0 871.0 16.0
27873.0 872.0 16.0
27873.0 872.0 16.0
27905.0 873.0 16.0
27937.0 874.0 16.0
27969.0 875.0 16.0
28033.0 877.0 16.0
28033.0 877.0 16.0
28097.0 879.0 16.0
28289.0 885.0 16.0
28353.0 887.0 16.0
28353.0 887.0 16.0
28385.0 888.0 16.0
28385.0 888.0 16.0
28385.0 888.0 16.0
28481.0 891.0 16.0
28481.0 891.0 16.0
28481.0 891.0 16.0
28513.0 892.0 16.0
28545.0 893.0 16.0
28545.0 893.0 16.0
28577.0 894.0 16.0
28641.0 896.0 16.0
28705.0 898.0 16.0
28705.0 898.0 16.0
28705.0 898.0 16.0
28737.0 899.0 16.0
28769.0 900.0 16.0
28801.0 901.0 16.0
28833.0 902.0 16.0
28833.0 902.0 16.0
28897.0 904.0 16.0
28929.0 905.0 16.0
28961.0 906.0 16.0
28961.0 906.0 16.0
28961.0 906.0 16.0
28961.0 906.0 16.0
29025.0 908.0 16.0
29025.0 908.0 16.0
29025.0 908.0 16.0
29057.0 909.0 16.0
29057.0 909.0 16.0
29057.0 909.0 16.0
29121.0 911.0 16.0
29153.0 912.0 16.0
29185.0 913.0 16.0
29217.0 914.0 16.0
29281.0 916.0 16.0
29313.0 917.0 16.0
29345.0 918.0 16.0
29377.0 919.0 16.0
29441.0 921.0 16.0
29473.0 922.0 16.0
29505.0 923.0 16.0
29505.0 923.0 16.0
29537.0 924.0 16.0
29569.0 925.0 16.0
29633.0 927.0 16.0
29633.0 927.0 16.0
29665.0 928.0 16.0
29793.0 932.0 16.0
29825.0 933.0 16.0
29825.0 933.0 16.0
29825.0 933.0 16.0
29889.0 935.0 16.0
29953.0 937.0 16.0
30017.0 939.0 16.0
30209.0 945.0 16.0
30241.0 946.0 16.0
30273.0 947.0 16.0
30305.0 948.0 16.0
30369.0 950.0 16.0
30401.0 951.0 16.0
30433.0 952.0 16.0
30497.0 954.0 16.0
30657.0 959.0 16.0
30753.0 962.0 16.0
30945.0 968.0 16.0
31041.0 971.0 16.0
31201.0 976.0 16.0
31425.0 983.0 16.0
31521.0 986.0 16.0
31617.0 989.0 16.0
31809.0 995.0 16.0
31841.0 996.0 16.0
31937.0 999.0 16.0
32129.0 1005.0 16.0
32449.0 1015.0 16.0
34145.0 1068.0 16.0
