rev2
54049.0 1690.0 16.0
55073.0 1722.0 16.0
55841.0 1746.0 16.0
55841.0 1746.0 16.0
55873.0 1747.0 16.0
56385.0 1763.0 16.0
56545.0 1768.0 16.0
56609.0 1770.0 16.0
56705.0 1773.0 16.0
56769.0 1775.0 16.0
56801.0 1776.0 16.0
56801.0 1776.0 16.0
56801.0 1776.0 16.0
56929.0 1780.0 16.0
57153.0 1787.0 16.0
57313.0 1792.0 16.0
57473.0 1797.0 16.0
57537.0 1799.0 16.0
57601.0 1801.0 16.0
57857.0 1809.0 16.0
57921.0 1811.0 16.0
57985.0 1813.0 16.0
58145.0 1818.0 16.0
58177.0 1819.0 16.0
58209.0 1820.0 16.0
58241.0 1821.0 16.0
58273.0 1822.0 16.0
58369.0 1825.0 16.0
58689.0 1835.0 16.0
58721.0 1836.0 16.0
58721.0 1836.0 16.0
58721.0 1836.0 16.0
58753.0 1837.0 16.0
58785.0 1838.0 16.0
58881.0 1841.0 16.0
59137.0 1849.0 16.0
59137.0 1849.0 16.0
59201.0 1851.0 16.0
59233.0 1852.0 16.0
59361.0 1856.0 16.0
59425.0 1858.0 16.0
59425.0 1858.0 16.0
59521.0 1861.0 16.0
59553.0 1862.0 16.0
59617.0 1864.0 16.0
59809.0 1870.0 16.0
59841.0 1871.0 16.0
60001.0 1876.0 16.0
60001.0 1876.0 16.0
60193.0 1882.0 16.0
60257.0 1884.0 16.0
60321.0 1886.0 16.0
60321.0 1886.0 16.0
60321.0 1886.0 16.0
60321.0 1886.0 16.0
60513.0 1892.0 16.0
60545.0 1893.0 16.0
60641.0 1896.0 16.0
60641.0 1896.0 16.0
60673.0 1897.0 16.0
60801.0 1901.0 16.0
60961.0 1906.0 16.0
60993.0 1907.0 16.0
61025.0 1908.0 16.0
61057.0 1909.0 16.0
61089.0 1910.0 16.0
61121.0 1911.0 16.0
61153.0 1912.0 16.0
61153.0 1912.0 16.0
61185.0 1913.0 16.0
61249.0 1915.0 16.0
61249.0 1915.0 16.0
61281.0 1916.0 16.0
61313.0 1917.0 16.0
61313.0 1917.0 16.0
61377.0 1919.0 16.0
61377.0 1919.0 16.0
61409.0 1920.0 16.0
61441.0 1921.0 16.0
61569.0 1925.0 16.0
61825.0 1933.0 16.0
61921.0 1936.0 16.0
62017.0 1939.0 16.0
62401.0 1951.0 16.0
62561.0 1956.0 16.0
62593.0 1957.0 16.0
62625.0 1958.0 16.0
62689.0 1960.0 16.0
62689.0 1960.0 16.0
62721.0 1961.0 16.0
63041.0 1971.0 16.0
63457.0 1984.0 16.0
63841.0 1996.0 16.0
63841.0 1996.0 16.0
64129.0 2005.0 16.0
64833.0 2027.0 16.0
65025.0 2033.0 16.0
66241.0 2071.0 16.0
66305.0 2073.0 16.0
69313.0 2167.0 16.0
