rev2
1992737.0 62274.0 16.0
1995233.0 62352.0 16.0
1999009.0 62470.0 16.0
2002081.0 62566.0 16.0
2003841.0 62621.0 16.0
2004385.0 62638.0 16.0
2007137.0 62724.0 16.0
2008641.0 62771.0 16.0
2011137.0 62849.0 16.0
2014209.0 62945.0 16.0
2016673.0 63022.0 16.0
2016929.0 63030.0 16.0
2029441.0 63421.0 16.0
2029569.0 63425.0 16.0
2031457.0 63484.0 16.0
2031489.0 63485.0 16.0
2033665.0 63553.0 16.0
2034849.0 63590.0 16.0
2043745.0 63868.0 16.0
2044321.0 63886.0 16.0
2048513.0 64017.0 16.0
2049057.0 64034.0 16.0
2049985.0 64063.0 16.0
2050145.0 64068.0 16.0
2051009.0 64095.0 16.0
2052289.0 64135.0 16.0
2052289.0 64135.0 16.0
2052353.0 64137.0 16.0
2052897.0 64154.0 16.0
2056001.0 64251.0 16.0
2057377.0 64294.0 16.0
2058657.0 64334.0 16.0
2059521.0 64361.0 16.0
2062881.0 64466.0 16.0
2063073.0 64472.0 16.0
2064417.0 64514.0 16.0
2067009.0 64595.0 16.0
2067297.0 64604.0 16.0
2068065.0 64628.0 16.0
2069089.0 64660.0 16.0
2069537.0 64674.0 16.0
2071265.0 64728.0 16.0
2071969.0 64750.0 16.0
2075073.0 64847.0 16.0
2075777.0 64869.0 16.0
2077505.0 64923.0 16.0
2077825.0 64933.0 16.0
2078305.0 64948.0 16.0
2078433.0 64952.0 16.0
2079905.0 64998.0 16.0
2080161.0 65006.0 16.0
2082305.0 65073.0 16.0
2083361.0 65106.0 16.0
2084577.0 65144.0 16.0
2087361.0 65231.0 16.0
2088193.0 65257.0 16.0
2091361.0 65356.0 16.0
2092961.0 65406.0 16.0
2093409.0 65420.0 16.0
2094913.0 65467.0 16.0
2097441.0 65546.0 16.0
2102689.0 65710.0 16.0
2102977.0 65719.0 16.0
2105281.0 65791.0 16.0
2106625.0 65833.0 16.0
2112929.0 66030.0 16.0
2122753.0 66337.0 16.0
2123521.0 66361.0 16.0
2126849.0 66465.0 16.0
2127329.0 66480.0 16.0
2129153.0 66537.0 16.0
2133121.0 66661.0 16.0
2134209.0 66695.0 16.0
2134401.0 66701.0 16.0
2139521.0 66861.0 16.0
2139777.0 66869.0 16.0
2143617.0 66989.0 16.0
2144737.0 67024.0 16.0
2149857.0 67184.0 16.0
2158465.0 67453.0 16.0
2160257.0 67509.0 16.0
2161505.0 67548.0 16.0
2165025.0 67658.0 16.0
2165985.0 67688.0 16.0
2166529.0 67705.0 16.0
2168673.0 67772.0 16.0
2169473.0 67797.0 16.0
2169569.0 67800.0 16.0
2202977.0 68844.0 16.0
2203777.0 68869.0 16.0
2205313.0 68917.0 16.0
2209729.0 69055.0 16.0
2223201.0 69476.0 16.0
2228609.0 69645.0 16.0
2232769.0 69775.0 16.0
2234273.0 69822.0 16.0
2244385.0 70138.0 16.0
2285889.0 71435.0 16.0
2309249.0 72165.0 16.0
2404961.0 75156.0 16.0
