rev2
6209.0 195.0 16.0
6273.0 197.0 16.0
6305.0 198.0 16.0
6337.0 199.0 16.0
6369.0 200.0 16.0
6369.0 200.0 16.0
6369.0 200.0 16.0
6369.0 200.0 16.0
6401.0 201.0 16.0
6433.0 202.0 16.0
6529.0 205.0 16.0
6561.0 206.0 16.0
6593.0 207.0 16.0
6593.0 207.0 16.0
6625.0 208.0 16.0
6657.0 209.0 16.0
6657.0 209.0 16.0
6657.0 209.0 16.0
6657.0 209.0 16.0
6657.0 209.0 16.0
6657.0 209.0 16.0
6689.0 210.0 16.0
6689.0 210.0 16.0
6689.0 210.0 16.0
6721.0 211.0 16.0
6721.0 211.0 16.0
6753.0 212.0 16.0
6753.0 212.0 16.0
6817.0 214.0 16.0
6817.0 214.0 16.0
6817.0 214.0 16.0
6817.0 214.0 16.0
6817.0 214.0 16.0
6849.0 215.0 16.0
6849.0 215.0 16.0
6913.0 217.0 16.0
6913.0 217.0 16.0
6913.0 217.0 16.0
6913.0 217.0 16.0
6945.0 218.0 16.0
6945.0 218.0 16.0
6945.0 218.0 16.0
6977.0 219.0 16.0
6977.0 219.0 16.0
6977.0 219.0 16.0
7009.0 220.0 16.0
7009.0 220.0 16.0
7009.0 220.0 16.0
7073.0 222.0 16.0
7073.0 222.0 16.0
7105.0 223.0 16.0
7105.0 223.0 16.0
7105.0 223.0 16.0
7105.0 223.0 16.0
7105.0 223.0 16.0
7137.0 224.0 16.0
7137.0 224.0 16.0
7137.0 224.0 16.0
7137.0 224.0 16.0
7201.0 226.0 16.0
7233.0 227.0 16.0
7233.0 227.0 16.0
7233.0 227.0 16.0
7265.0 228.0 16.0
7265.0 228.0 16.0
7265.0 228.0 16.0
7265.0 228.0 16.0
7265.0 228.0 16.0
7297.0 229.0 16.0
7297.0 229.0 16.0
7297.0 229.0 16.0
7297.0 229.0 16.0
7329.0 230.0 16.0
7329.0 230.0 16.0
7361.0 231.0 16.0
7361.0 231.0 16.0
7393.0 232.0 16.0
7425.0 233.0 16.0
7457.0 234.0 16.0
7457.0 234.0 16.0
7489.0 235.0 16.0
7521.0 236.0 16.0
7521.0 236.0 16.0
7553.0 237.0 16.0
7553.0 237.0 16.0
7553.0 237.0 16.0
7585.0 238.0 16.0
7585.0 238.0 16.0
7617.0 239.0 16.0
7649.0 240.0 16.0
7649.0 240.0 16.0
7681.0 241.0 16.0
7713.0 242.0 16.0
7809.0 245.0 16.0
7809.0 245.0 16.0
7841.0 246.0 16.0
7905.0 248.0 16.0
8033.0 252.0 16.0
8033.0 252.0 16.0
8513.0 267.0 16.0
