rev4
1.2181165E7 380663.0 16.0
1.229496E7 384219.0 16.0
1.2312907E7 384780.0 16.0
1.2319486E7 384985.0 16.0
1.2352126E7 386005.0 16.0
1.235699E7 386158.0 16.0
1.2418288E7 388073.0 16.0
1.2442429E7 388827.0 16.0
1.2479255E7 389978.0 16.0
1.2516464E7 391141.0 16.0
1.2526126E7 391443.0 16.0
1.2527723E7 391493.0 16.0
1.2555038E7 392347.0 16.0
1.2563501E7 392612.0 16.0
1.2573958E7 392938.0 16.0
1.2583181E7 393226.0 16.0
1.2591229E7 393478.0 16.0
1.2596205E7 393633.0 16.0
1.2620909E7 394405.0 16.0
1.2626545E7 394581.0 16.0
1.2636172E7 394882.0 16.0
1.2643148E7 395101.0 16.0
1.2646559E7 395206.0 16.0
1.2647038E7 395222.0 16.0
1.2674268E7 396073.0 16.0
1.2676444E7 396141.0 16.0
1.2695087E7 396723.0 16.0
1.2706113E7 397067.0 16.0
1.27271E7 397723.0 16.0
1.2732049E7 397878.0 16.0
1.2734271E7 397947.0 16.0
1.2735886E7 397998.0 16.0
1.2737055E7 398035.0 16.0
1.2744973E7 398282.0 16.0
1.2746813E7 398339.0 16.0
1.2755742E7 398618.0 16.0
1.2777552E7 399301.0 16.0
1.2793533E7 399800.0 16.0
1.2795197E7 399851.0 16.0
1.2803917E7 400124.0 16.0
1.2805662E7 400178.0 16.0
1.2811886E7 400373.0 16.0
1.2815392E7 400482.0 16.0
1.2825148E7 400787.0 16.0
1.2830908E7 400967.0 16.0
1.2841306E7 401292.0 16.0
1.2850956E7 401594.0 16.0
1.2867021E7 402096.0 16.0
1.2868974E7 402157.0 16.0
1.2875247E7 402353.0 16.0
1.2896508E7 403017.0 16.0
1.2900174E7 403133.0 16.0
1.2917134E7 403662.0 16.0
1.29175E7 403673.0 16.0
1.2917822E7 403683.0 16.0
1.2927245E7 403978.0 16.0
1.2927791E7 403995.0 16.0
1.2928096E7 404004.0 16.0
1.2928909E7 404030.0 16.0
1.2950493E7 404704.0 16.0
1.2954459E7 404828.0 16.0
1.2963806E7 405120.0 16.0
1.296728E7 405229.0 16.0
1.2974495E7 405454.0 16.0
1.2992088E7 406005.0 16.0
1.302633E7 407075.0 16.0
1.3034957E7 407346.0 16.0
1.3043838E7 407622.0 16.0
1.3047725E7 407743.0 16.0
1.3057728E7 408056.0 16.0
1.3069982E7 408438.0 16.0
1.3086825E7 408966.0 16.0
1.3087103E7 408973.0 16.0
1.3103899E7 409498.0 16.0
1.3106121E7 409568.0 16.0
1.3127166E7 410226.0 16.0
1.3136762E7 410525.0 16.0
1.315408E7 411066.0 16.0
1.3156976E7 411157.0 16.0
1.3157098E7 411161.0 16.0
1.318564E7 412053.0 16.0
1.3189311E7 412167.0 16.0
1.3199934E7 412499.0 16.0
1.3256973E7 414283.0 16.0
1.3325406E7 416421.0 16.0
1.3357151E7 417412.0 16.0
1.3359453E7 417484.0 16.0
1.3403356E7 418858.0 16.0
1.3413372E7 419170.0 16.0
1.3435708E7 419868.0 16.0
1.3464219E7 420758.0 16.0
1.3552171E7 423507.0 16.0
1.3578623E7 424333.0 16.0
1.3602207E7 425071.0 16.0
1.3608348E7 425262.0 16.0
1.3699067E7 428097.0 16.0
1.38024E7 431327.0 16.0
1.3819421E7 431858.0 16.0
1.3877981E7 433688.0 16.0
1.3917407E7 434920.0 16.0
