rev4
2145.0 68.0 16.0
2209.0 70.0 16.0
2209.0 70.0 16.0
2241.0 71.0 16.0
2241.0 71.0 16.0
2273.0 72.0 16.0
2273.0 72.0 16.0
2273.0 72.0 16.0
2273.0 72.0 16.0
2305.0 73.0 16.0
2305.0 73.0 16.0
2305.0 73.0 16.0
2337.0 74.0 16.0
2337.0 74.0 16.0
2337.0 74.0 16.0
2369.0 75.0 16.0
2401.0 76.0 16.0
2401.0 76.0 16.0
2401.0 76.0 16.0
2433.0 77.0 16.0
2433.0 77.0 16.0
2433.0 77.0 16.0
2433.0 77.0 16.0
2433.0 77.0 16.0
2433.0 77.0 16.0
2433.0 77.0 16.0
2433.0 77.0 16.0
2465.0 78.0 16.0
2465.0 78.0 16.0
2465.0 78.0 16.0
2465.0 78.0 16.0
2465.0 78.0 16.0
2465.0 78.0 16.0
2465.0 78.0 16.0
2465.0 78.0 16.0
2497.0 79.0 16.0
2497.0 79.0 16.0
2497.0 79.0 16.0
2497.0 79.0 16.0
2497.0 79.0 16.0
2497.0 79.0 16.0
2529.0 80.0 16.0
2529.0 80.0 16.0
2529.0 80.0 16.0
2529.0 80.0 16.0
2529.0 80.0 16.0
2529.0 80.0 16.0
2529.0 80.0 16.0
2529.0 80.0 16.0
2529.0 80.0 16.0
2529.0 80.0 16.0
2529.0 80.0 16.0
2561.0 81.0 16.0
2561.0 81.0 16.0
2561.0 81.0 16.0
2561.0 81.0 16.0
2561.0 81.0 16.0
2593.0 82.0 16.0
2593.0 82.0 16.0
2593.0 82.0 16.0
2593.0 82.0 16.0
2593.0 82.0 16.0
2593.0 82.0 16.0
2593.0 82.0 16.0
2625.0 83.0 16.0
2625.0 83.0 16.0
2625.0 83.0 16.0
2625.0 83.0 16.0
2625.0 83.0 16.0
2625.0 83.0 16.0
2625.0 83.0 16.0
2625.0 83.0 16.0
2625.0 83.0 16.0
2657.0 84.0 16.0
2657.0 84.0 16.0
2657.0 84.0 16.0
2657.0 84.0 16.0
2657.0 84.0 16.0
2657.0 84.0 16.0
2657.0 84.0 16.0
2721.0 86.0 16.0
2721.0 86.0 16.0
2721.0 86.0 16.0
2753.0 87.0 16.0
2753.0 87.0 16.0
2785.0 88.0 16.0
2785.0 88.0 16.0
2785.0 88.0 16.0
2785.0 88.0 16.0
2785.0 88.0 16.0
2785.0 88.0 16.0
2817.0 89.0 16.0
2849.0 90.0 16.0
2881.0 91.0 16.0
2881.0 91.0 16.0
2913.0 92.0 16.0
2913.0 92.0 16.0
2945.0 93.0 16.0
3073.0 97.0 16.0
3073.0 97.0 16.0
