rev2
1313.0 42.0 16.0
1345.0 43.0 16.0
1377.0 44.0 16.0
1409.0 45.0 16.0
1409.0 45.0 16.0
1473.0 47.0 16.0
1473.0 47.0 16.0
1473.0 47.0 16.0
1473.0 47.0 16.0
1505.0 48.0 16.0
1505.0 48.0 16.0
1505.0 48.0 16.0
1505.0 48.0 16.0
1569.0 50.0 16.0
1569.0 50.0 16.0
1569.0 50.0 16.0
1569.0 50.0 16.0
1601.0 51.0 16.0
1601.0 51.0 16.0
1601.0 51.0 16.0
1601.0 51.0 16.0
1601.0 51.0 16.0
1601.0 51.0 16.0
1601.0 51.0 16.0
1601.0 51.0 16.0
1633.0 52.0 16.0
1633.0 52.0 16.0
1633.0 52.0 16.0
1633.0 52.0 16.0
1633.0 52.0 16.0
1633.0 52.0 16.0
1665.0 53.0 16.0
1665.0 53.0 16.0
1665.0 53.0 16.0
1665.0 53.0 16.0
1665.0 53.0 16.0
1665.0 53.0 16.0
1665.0 53.0 16.0
1665.0 53.0 16.0
1665.0 53.0 16.0
1697.0 54.0 16.0
1697.0 54.0 16.0
1697.0 54.0 16.0
1697.0 54.0 16.0
1697.0 54.0 16.0
1697.0 54.0 16.0
1697.0 54.0 16.0
1697.0 54.0 16.0
1697.0 54.0 16.0
1729.0 55.0 16.0
1729.0 55.0 16.0
1729.0 55.0 16.0
1729.0 55.0 16.0
1729.0 55.0 16.0
1729.0 55.0 16.0
1729.0 55.0 16.0
1729.0 55.0 16.0
1761.0 56.0 16.0
1761.0 56.0 16.0
1761.0 56.0 16.0
1761.0 56.0 16.0
1761.0 56.0 16.0
1793.0 57.0 16.0
1793.0 57.0 16.0
1793.0 57.0 16.0
1793.0 57.0 16.0
1793.0 57.0 16.0
1825.0 58.0 16.0
1825.0 58.0 16.0
1825.0 58.0 16.0
1825.0 58.0 16.0
1825.0 58.0 16.0
1825.0 58.0 16.0
1857.0 59.0 16.0
1857.0 59.0 16.0
1889.0 60.0 16.0
1889.0 60.0 16.0
1889.0 60.0 16.0
1889.0 60.0 16.0
1921.0 61.0 16.0
1921.0 61.0 16.0
1921.0 61.0 16.0
1921.0 61.0 16.0
1953.0 62.0 16.0
1953.0 62.0 16.0
1953.0 62.0 16.0
1953.0 62.0 16.0
1953.0 62.0 16.0
1985.0 63.0 16.0
2017.0 64.0 16.0
2017.0 64.0 16.0
2049.0 65.0 16.0
2049.0 65.0 16.0
2049.0 65.0 16.0
2081.0 66.0 16.0
2145.0 68.0 16.0
2177.0 69.0 16.0
2241.0 71.0 16.0
2273.0 72.0 16.0
2337.0 74.0 16.0
