rev2
2.87711681E8 8990991.0 16.0
2.89850817E8 9057839.0 16.0
2.90436609E8 9076145.0 16.0
2.91132129E8 9097880.0 16.0
2.91626049E8 9113315.0 16.0
2.92083553E8 9127612.0 16.0
2.93459777E8 9170619.0 16.0
2.93589473E8 9174672.0 16.0
2.94126817E8 9191464.0 16.0
2.94138049E8 9191815.0 16.0
2.94168929E8 9192780.0 16.0
2.94455425E8 9201733.0 16.0
2.94631265E8 9207228.0 16.0
2.95020353E8 9219387.0 16.0
2.95030721E8 9219711.0 16.0
2.95370657E8 9230334.0 16.0
2.95479041E8 9233721.0 16.0
2.95581601E8 9236926.0 16.0
2.95672065E8 9239753.0 16.0
2.96188545E8 9255893.0 16.0
2.96290305E8 9259073.0 16.0
2.96309153E8 9259662.0 16.0
2.96393473E8 9262297.0 16.0
2.96439073E8 9263722.0 16.0
2.96671873E8 9270997.0 16.0
2.96920353E8 9278762.0 16.0
2.97218305E8 9288073.0 16.0
2.97282977E8 9290094.0 16.0
2.97349313E8 9292167.0 16.0
2.97355585E8 9292363.0 16.0
2.97887873E8 9308997.0 16.0
2.98088097E8 9315254.0 16.0
2.98281697E8 9321304.0 16.0
2.98405921E8 9325186.0 16.0
2.98560481E8 9330016.0 16.0
2.98619969E8 9331875.0 16.0
2.98848801E8 9339026.0 16.0
2.99915297E8 9372354.0 16.0
3.00154369E8 9379825.0 16.0
3.00300257E8 9384384.0 16.0
3.00304609E8 9384520.0 16.0
3.00311329E8 9384730.0 16.0
3.00442241E8 9388821.0 16.0
3.00481953E8 9390062.0 16.0
3.00507713E8 9390867.0 16.0
3.00541249E8 9391915.0 16.0
3.00620513E8 9394392.0 16.0
3.00719553E8 9397487.0 16.0
3.01020833E8 9406902.0 16.0
3.01144449E8 9410765.0 16.0
3.01378465E8 9418078.0 16.0
3.01584897E8 9424529.0 16.0
3.01611649E8 9425365.0 16.0
3.01772577E8 9430394.0 16.0
3.01799937E8 9431249.0 16.0
3.01854337E8 9432949.0 16.0
3.01889537E8 9434049.0 16.0
3.01914369E8 9434825.0 16.0
3.01944737E8 9435774.0 16.0
3.02405441E8 9450171.0 16.0
3.02800705E8 9462523.0 16.0
3.02908097E8 9465879.0 16.0
3.02917793E8 9466182.0 16.0
3.02972513E8 9467892.0 16.0
3.03321153E8 9478787.0 16.0
3.03654177E8 9489194.0 16.0
3.03917025E8 9497408.0 16.0
3.04156929E8 9504905.0 16.0
3.04218977E8 9506844.0 16.0
3.04460577E8 9514394.0 16.0
3.04757889E8 9523685.0 16.0
3.04778145E8 9524318.0 16.0
3.05093665E8 9534178.0 16.0
3.05383361E8 9543231.0 16.0
3.05561697E8 9548804.0 16.0
3.05630369E8 9550950.0 16.0
3.05808257E8 9556509.0 16.0
3.06047233E8 9563977.0 16.0
3.06839521E8 9588736.0 16.0
3.06928513E8 9591517.0 16.0
3.07819969E8 9619375.0 16.0
3.09423841E8 9669496.0 16.0
3.09753409E8 9679795.0 16.0
3.09771937E8 9680374.0 16.0
3.09972385E8 9686638.0 16.0
3.10236257E8 9694884.0 16.0
3.10983937E8 9718249.0 16.0
3.11755361E8 9742356.0 16.0
3.13291297E8 9790354.0 16.0
3.13386753E8 9793337.0 16.0
3.14180513E8 9818142.0 16.0
3.14697857E8 9834309.0 16.0
3.16832001E8 9901001.0 16.0
3.16955553E8 9904862.0 16.0
3.17288001E8 9915251.0 16.0
3.18672289E8 9958510.0 16.0
3.20103233E8 1.0003227E7 16.0
3.20416705E8 1.0013023E7 16.0
3.21257953E8 1.0039312E7 16.0
3.26815745E8 1.0212993E7 16.0
