rev2
34817.0 1089.0 16.0
35297.0 1104.0 16.0
35489.0 1110.0 16.0
35649.0 1115.0 16.0
35809.0 1120.0 16.0
35809.0 1120.0 16.0
36161.0 1131.0 16.0
36257.0 1134.0 16.0
36513.0 1142.0 16.0
36577.0 1144.0 16.0
36641.0 1146.0 16.0
36641.0 1146.0 16.0
36897.0 1154.0 16.0
36897.0 1154.0 16.0
36961.0 1156.0 16.0
36961.0 1156.0 16.0
37025.0 1158.0 16.0
37249.0 1165.0 16.0
37249.0 1165.0 16.0
37313.0 1167.0 16.0
37409.0 1170.0 16.0
37409.0 1170.0 16.0
37473.0 1172.0 16.0
37569.0 1175.0 16.0
37601.0 1176.0 16.0
37633.0 1177.0 16.0
37697.0 1179.0 16.0
37889.0 1185.0 16.0
37921.0 1186.0 16.0
37921.0 1186.0 16.0
37985.0 1188.0 16.0
38081.0 1191.0 16.0
38113.0 1192.0 16.0
38145.0 1193.0 16.0
38145.0 1193.0 16.0
38145.0 1193.0 16.0
38177.0 1194.0 16.0
38273.0 1197.0 16.0
38369.0 1200.0 16.0
38369.0 1200.0 16.0
38433.0 1202.0 16.0
38497.0 1204.0 16.0
38593.0 1207.0 16.0
38625.0 1208.0 16.0
38689.0 1210.0 16.0
38753.0 1212.0 16.0
38881.0 1216.0 16.0
38913.0 1217.0 16.0
38913.0 1217.0 16.0
39297.0 1229.0 16.0
39457.0 1234.0 16.0
39617.0 1239.0 16.0
39649.0 1240.0 16.0
39681.0 1241.0 16.0
39777.0 1244.0 16.0
39777.0 1244.0 16.0
39809.0 1245.0 16.0
39809.0 1245.0 16.0
39937.0 1249.0 16.0
39937.0 1249.0 16.0
39969.0 1250.0 16.0
40033.0 1252.0 16.0
40033.0 1252.0 16.0
40097.0 1254.0 16.0
40129.0 1255.0 16.0
40161.0 1256.0 16.0
40161.0 1256.0 16.0
40161.0 1256.0 16.0
40321.0 1261.0 16.0
40385.0 1263.0 16.0
40481.0 1266.0 16.0
40513.0 1267.0 16.0
40673.0 1272.0 16.0
40705.0 1273.0 16.0
40769.0 1275.0 16.0
40993.0 1282.0 16.0
41153.0 1287.0 16.0
41185.0 1288.0 16.0
41217.0 1289.0 16.0
41281.0 1291.0 16.0
41281.0 1291.0 16.0
41377.0 1294.0 16.0
41473.0 1297.0 16.0
41505.0 1298.0 16.0
41825.0 1308.0 16.0
42401.0 1326.0 16.0
42401.0 1326.0 16.0
42401.0 1326.0 16.0
42561.0 1331.0 16.0
42881.0 1341.0 16.0
42881.0 1341.0 16.0
43041.0 1346.0 16.0
43521.0 1361.0 16.0
43521.0 1361.0 16.0
43777.0 1369.0 16.0
43809.0 1370.0 16.0
44065.0 1378.0 16.0
46337.0 1449.0 16.0
46497.0 1454.0 16.0
50433.0 1577.0 16.0
