rev2
4928737.0 154024.0 16.0
5008001.0 156501.0 16.0
5027489.0 157110.0 16.0
5053441.0 157921.0 16.0
5060289.0 158135.0 16.0
5066081.0 158316.0 16.0
5071585.0 158488.0 16.0
5075105.0 158598.0 16.0
5096129.0 159255.0 16.0
5097377.0 159294.0 16.0
5103969.0 159500.0 16.0
5110433.0 159702.0 16.0
5115713.0 159867.0 16.0
5122753.0 160087.0 16.0
5150209.0 160945.0 16.0
5152225.0 161008.0 16.0
5176385.0 161763.0 16.0
5176769.0 161775.0 16.0
5178049.0 161815.0 16.0
5183265.0 161978.0 16.0
5184673.0 162022.0 16.0
5189697.0 162179.0 16.0
5193249.0 162290.0 16.0
5196609.0 162395.0 16.0
5201377.0 162544.0 16.0
5202817.0 162589.0 16.0
5203521.0 162611.0 16.0
5204001.0 162626.0 16.0
5207649.0 162740.0 16.0
5210369.0 162825.0 16.0
5211617.0 162864.0 16.0
5218689.0 163085.0 16.0
5225345.0 163293.0 16.0
5226593.0 163332.0 16.0
5227809.0 163370.0 16.0
5232033.0 163502.0 16.0
5235585.0 163613.0 16.0
5251649.0 164115.0 16.0
5261121.0 164411.0 16.0
5270625.0 164708.0 16.0
5270657.0 164709.0 16.0
5275425.0 164858.0 16.0
5282913.0 165092.0 16.0
5292193.0 165382.0 16.0
5298561.0 165581.0 16.0
5305825.0 165808.0 16.0
5307169.0 165850.0 16.0
5307489.0 165860.0 16.0
5309985.0 165938.0 16.0
5312865.0 166028.0 16.0
5319137.0 166224.0 16.0
5324833.0 166402.0 16.0
5326113.0 166442.0 16.0
5336289.0 166760.0 16.0
5346145.0 167068.0 16.0
5346657.0 167084.0 16.0
5366049.0 167690.0 16.0
5368225.0 167758.0 16.0
5371937.0 167874.0 16.0
5376449.0 168015.0 16.0
5377537.0 168049.0 16.0
5380225.0 168133.0 16.0
5396769.0 168650.0 16.0
5397121.0 168661.0 16.0
5408833.0 169027.0 16.0
5411841.0 169121.0 16.0
5418753.0 169337.0 16.0
5434625.0 169833.0 16.0
5442337.0 170074.0 16.0
5444289.0 170135.0 16.0
5446913.0 170217.0 16.0
5449889.0 170310.0 16.0
5456929.0 170530.0 16.0
5467425.0 170858.0 16.0
5473121.0 171036.0 16.0
5473377.0 171044.0 16.0
5477825.0 171183.0 16.0
5520705.0 172523.0 16.0
5526529.0 172705.0 16.0
5534049.0 172940.0 16.0
5535329.0 172980.0 16.0
5550625.0 173458.0 16.0
5556257.0 173634.0 16.0
5568897.0 174029.0 16.0
5571905.0 174123.0 16.0
5582561.0 174456.0 16.0
5586849.0 174590.0 16.0
5593633.0 174802.0 16.0
5606913.0 175217.0 16.0
5626785.0 175838.0 16.0
5703329.0 178230.0 16.0
5717345.0 178668.0 16.0
5741697.0 179429.0 16.0
5833665.0 182303.0 16.0
5839393.0 182482.0 16.0
5941921.0 185686.0 16.0
5977089.0 186785.0 16.0
6053569.0 189175.0 16.0
6066145.0 189568.0 16.0
6253825.0 195433.0 16.0
