rev2
3681.0 116.0 16.0
3841.0 121.0 16.0
3873.0 122.0 16.0
3905.0 123.0 16.0
3937.0 124.0 16.0
3969.0 125.0 16.0
4065.0 128.0 16.0
4065.0 128.0 16.0
4065.0 128.0 16.0
4129.0 130.0 16.0
4161.0 131.0 16.0
4193.0 132.0 16.0
4257.0 134.0 16.0
4353.0 137.0 16.0
4353.0 137.0 16.0
4385.0 138.0 16.0
4449.0 140.0 16.0
4449.0 140.0 16.0
4481.0 141.0 16.0
4513.0 142.0 16.0
4545.0 143.0 16.0
4545.0 143.0 16.0
4545.0 143.0 16.0
4577.0 144.0 16.0
4609.0 145.0 16.0
4609.0 145.0 16.0
4609.0 145.0 16.0
4641.0 146.0 16.0
4641.0 146.0 16.0
4641.0 146.0 16.0
4641.0 146.0 16.0
4673.0 147.0 16.0
4673.0 147.0 16.0
4705.0 148.0 16.0
4705.0 148.0 16.0
4705.0 148.0 16.0
4769.0 150.0 16.0
4769.0 150.0 16.0
4769.0 150.0 16.0
4769.0 150.0 16.0
4897.0 154.0 16.0
4993.0 157.0 16.0
4993.0 157.0 16.0
5025.0 158.0 16.0
5025.0 158.0 16.0
5025.0 158.0 16.0
5025.0 158.0 16.0
5057.0 159.0 16.0
5089.0 160.0 16.0
5089.0 160.0 16.0
5121.0 161.0 16.0
5121.0 161.0 16.0
5121.0 161.0 16.0
5121.0 161.0 16.0
5121.0 161.0 16.0
5121.0 161.0 16.0
5153.0 162.0 16.0
5153.0 162.0 16.0
5153.0 162.0 16.0
5153.0 162.0 16.0
5185.0 163.0 16.0
5185.0 163.0 16.0
5185.0 163.0 16.0
5185.0 163.0 16.0
5217.0 164.0 16.0
5217.0 164.0 16.0
5217.0 164.0 16.0
5249.0 165.0 16.0
5281.0 166.0 16.0
5281.0 166.0 16.0
5281.0 166.0 16.0
5281.0 166.0 16.0
5281.0 166.0 16.0
5313.0 167.0 16.0
5345.0 168.0 16.0
5345.0 168.0 16.0
5377.0 169.0 16.0
5409.0 170.0 16.0
5473.0 172.0 16.0
5473.0 172.0 16.0
5473.0 172.0 16.0
5505.0 173.0 16.0
5537.0 174.0 16.0
5537.0 174.0 16.0
5569.0 175.0 16.0
5601.0 176.0 16.0
5633.0 177.0 16.0
5665.0 178.0 16.0
5665.0 178.0 16.0
5761.0 181.0 16.0
5761.0 181.0 16.0
5793.0 182.0 16.0
5825.0 183.0 16.0
5857.0 184.0 16.0
5953.0 187.0 16.0
5953.0 187.0 16.0
6113.0 192.0 16.0
6241.0 196.0 16.0
6337.0 199.0 16.0
6561.0 206.0 16.0
