rev4
446913.0 13967.0 16.0
448897.0 14029.0 16.0
449601.0 14051.0 16.0
452993.0 14157.0 16.0
453696.0 14179.0 16.0
453889.0 14185.0 16.0
454753.0 14212.0 16.0
455904.0 14248.0 16.0
456769.0 14275.0 16.0
456928.0 14280.0 16.0
458305.0 14323.0 16.0
459296.0 14354.0 16.0
459489.0 14360.0 16.0
459777.0 14369.0 16.0
461377.0 14419.0 16.0
461857.0 14434.0 16.0
462081.0 14441.0 16.0
462273.0 14447.0 16.0
462689.0 14460.0 16.0
464129.0 14505.0 16.0
464289.0 14510.0 16.0
464833.0 14527.0 16.0
465249.0 14540.0 16.0
466433.0 14577.0 16.0
469279.0 14666.0 16.0
470049.0 14690.0 16.0
470113.0 14692.0 16.0
470433.0 14702.0 16.0
470593.0 14707.0 16.0
470625.0 14708.0 16.0
471873.0 14747.0 16.0
472033.0 14752.0 16.0
472064.0 14753.0 16.0
472673.0 14772.0 16.0
472769.0 14775.0 16.0
472833.0 14777.0 16.0
474305.0 14823.0 16.0
474849.0 14840.0 16.0
475137.0 14849.0 16.0
475201.0 14851.0 16.0
475425.0 14858.0 16.0
475937.0 14874.0 16.0
476464.0 14891.0 16.0
476481.0 14891.0 16.0
476513.0 14892.0 16.0
476865.0 14903.0 16.0
477665.0 14928.0 16.0
477793.0 14932.0 16.0
477793.0 14932.0 16.0
477857.0 14934.0 16.0
477953.0 14937.0 16.0
478513.0 14955.0 16.0
480865.0 15028.0 16.0
481089.0 15035.0 16.0
481313.0 15042.0 16.0
481759.0 15056.0 16.0
482048.0 15065.0 16.0
482785.0 15088.0 16.0
482849.0 15090.0 16.0
483521.0 15111.0 16.0
484961.0 15156.0 16.0
485087.0 15160.0 16.0
485121.0 15161.0 16.0
485345.0 15168.0 16.0
487041.0 15221.0 16.0
487361.0 15231.0 16.0
489793.0 15307.0 16.0
489857.0 15309.0 16.0
490465.0 15328.0 16.0
490977.0 15344.0 16.0
491872.0 15372.0 16.0
493281.0 15416.0 16.0
495905.0 15498.0 16.0
496097.0 15504.0 16.0
496129.0 15505.0 16.0
496321.0 15511.0 16.0
496897.0 15529.0 16.0
497633.0 15552.0 16.0
497889.0 15560.0 16.0
500897.0 15654.0 16.0
501361.0 15669.0 16.0
503361.0 15731.0 16.0
504001.0 15751.0 16.0
504001.0 15751.0 16.0
504065.0 15753.0 16.0
507777.0 15869.0 16.0
511841.0 15996.0 16.0
511905.0 15998.0 16.0
512289.0 16010.0 16.0
512289.0 16010.0 16.0
514592.0 16082.0 16.0
519009.0 16220.0 16.0
522145.0 16318.0 16.0
525217.0 16414.0 16.0
554497.0 17329.0 16.0
556287.0 17385.0 16.0
556577.0 17394.0 16.0
557823.0 17433.0 16.0
569473.0 17797.0 16.0
585665.0 18303.0 16.0
