rev2
293761.0 9181.0 16.0
296737.0 9274.0 16.0
297505.0 9298.0 16.0
299425.0 9358.0 16.0
299489.0 9360.0 16.0
299649.0 9365.0 16.0
301601.0 9426.0 16.0
302561.0 9456.0 16.0
302849.0 9465.0 16.0
302881.0 9466.0 16.0
304033.0 9502.0 16.0
304417.0 9514.0 16.0
304545.0 9518.0 16.0
304801.0 9526.0 16.0
305537.0 9549.0 16.0
305793.0 9557.0 16.0
306209.0 9570.0 16.0
306977.0 9594.0 16.0
307393.0 9607.0 16.0
308193.0 9632.0 16.0
308321.0 9636.0 16.0
308609.0 9645.0 16.0
308801.0 9651.0 16.0
309153.0 9662.0 16.0
309313.0 9667.0 16.0
310177.0 9694.0 16.0
310625.0 9708.0 16.0
310753.0 9712.0 16.0
310945.0 9718.0 16.0
310977.0 9719.0 16.0
311617.0 9739.0 16.0
311841.0 9746.0 16.0
312705.0 9773.0 16.0
312897.0 9779.0 16.0
313121.0 9786.0 16.0
313121.0 9786.0 16.0
313473.0 9797.0 16.0
313473.0 9797.0 16.0
313633.0 9802.0 16.0
315041.0 9846.0 16.0
315105.0 9848.0 16.0
315457.0 9859.0 16.0
315713.0 9867.0 16.0
316161.0 9881.0 16.0
316481.0 9891.0 16.0
316705.0 9898.0 16.0
317217.0 9914.0 16.0
317409.0 9920.0 16.0
317697.0 9929.0 16.0
318497.0 9954.0 16.0
318593.0 9957.0 16.0
319041.0 9971.0 16.0
319169.0 9975.0 16.0
319617.0 9989.0 16.0
320353.0 10012.0 16.0
321025.0 10033.0 16.0
321953.0 10062.0 16.0
323393.0 10107.0 16.0
323841.0 10121.0 16.0
324545.0 10143.0 16.0
324961.0 10156.0 16.0
325793.0 10182.0 16.0
326209.0 10195.0 16.0
326561.0 10206.0 16.0
327745.0 10243.0 16.0
327809.0 10245.0 16.0
328161.0 10256.0 16.0
328833.0 10277.0 16.0
329889.0 10310.0 16.0
330945.0 10343.0 16.0
331617.0 10364.0 16.0
332705.0 10398.0 16.0
333345.0 10418.0 16.0
333441.0 10421.0 16.0
334305.0 10448.0 16.0
335137.0 10474.0 16.0
335425.0 10483.0 16.0
335521.0 10486.0 16.0
335905.0 10498.0 16.0
337473.0 10547.0 16.0
337537.0 10549.0 16.0
337633.0 10552.0 16.0
338529.0 10580.0 16.0
339137.0 10599.0 16.0
339297.0 10604.0 16.0
342529.0 10705.0 16.0
342529.0 10705.0 16.0
344705.0 10773.0 16.0
347457.0 10859.0 16.0
348033.0 10877.0 16.0
349569.0 10925.0 16.0
349729.0 10930.0 16.0
349889.0 10935.0 16.0
353249.0 11040.0 16.0
360417.0 11264.0 16.0
361761.0 11306.0 16.0
368097.0 11504.0 16.0
387745.0 12118.0 16.0
397697.0 12429.0 16.0
402305.0 12573.0 16.0
