rev2
69825.0 2183.0 16.0
71809.0 2245.0 16.0
71873.0 2247.0 16.0
71937.0 2249.0 16.0
72353.0 2262.0 16.0
72705.0 2273.0 16.0
72897.0 2279.0 16.0
73249.0 2290.0 16.0
73441.0 2296.0 16.0
73505.0 2298.0 16.0
73633.0 2302.0 16.0
73697.0 2304.0 16.0
73761.0 2306.0 16.0
73857.0 2309.0 16.0
74049.0 2315.0 16.0
74049.0 2315.0 16.0
74049.0 2315.0 16.0
74305.0 2323.0 16.0
74369.0 2325.0 16.0
74401.0 2326.0 16.0
74433.0 2327.0 16.0
74465.0 2328.0 16.0
74625.0 2333.0 16.0
74657.0 2334.0 16.0
75009.0 2345.0 16.0
75361.0 2356.0 16.0
75361.0 2356.0 16.0
75393.0 2357.0 16.0
75745.0 2368.0 16.0
75873.0 2372.0 16.0
75905.0 2373.0 16.0
76033.0 2377.0 16.0
76129.0 2380.0 16.0
76321.0 2386.0 16.0
76353.0 2387.0 16.0
76385.0 2388.0 16.0
76449.0 2390.0 16.0
76449.0 2390.0 16.0
76705.0 2398.0 16.0
76769.0 2400.0 16.0
76801.0 2401.0 16.0
76801.0 2401.0 16.0
76993.0 2407.0 16.0
77057.0 2409.0 16.0
77441.0 2421.0 16.0
77697.0 2429.0 16.0
77761.0 2431.0 16.0
77825.0 2433.0 16.0
77953.0 2437.0 16.0
78049.0 2440.0 16.0
78081.0 2441.0 16.0
78177.0 2444.0 16.0
78433.0 2452.0 16.0
78689.0 2460.0 16.0
78721.0 2461.0 16.0
78753.0 2462.0 16.0
78849.0 2465.0 16.0
79105.0 2473.0 16.0
79105.0 2473.0 16.0
79713.0 2492.0 16.0
79777.0 2494.0 16.0
79905.0 2498.0 16.0
80577.0 2519.0 16.0
80865.0 2528.0 16.0
81089.0 2535.0 16.0
81121.0 2536.0 16.0
81185.0 2538.0 16.0
81217.0 2539.0 16.0
81249.0 2540.0 16.0
81537.0 2549.0 16.0
81921.0 2561.0 16.0
82017.0 2564.0 16.0
82017.0 2564.0 16.0
82113.0 2567.0 16.0
82273.0 2572.0 16.0
82305.0 2573.0 16.0
82337.0 2574.0 16.0
82369.0 2575.0 16.0
82369.0 2575.0 16.0
82721.0 2586.0 16.0
82849.0 2590.0 16.0
82849.0 2590.0 16.0
84065.0 2628.0 16.0
84481.0 2641.0 16.0
84769.0 2650.0 16.0
84865.0 2653.0 16.0
84897.0 2654.0 16.0
85537.0 2674.0 16.0
86465.0 2703.0 16.0
86721.0 2711.0 16.0
87041.0 2721.0 16.0
87745.0 2743.0 16.0
88417.0 2764.0 16.0
88545.0 2768.0 16.0
89441.0 2796.0 16.0
91585.0 2863.0 16.0
92033.0 2877.0 16.0
92993.0 2907.0 16.0
101729.0 3180.0 16.0
104545.0 3268.0 16.0
