rev2
2447713.0 76492.0 16.0
2474465.0 77328.0 16.0
2481377.0 77544.0 16.0
2486753.0 77712.0 16.0
2490625.0 77833.0 16.0
2495457.0 77984.0 16.0
2499905.0 78123.0 16.0
2506017.0 78314.0 16.0
2508129.0 78380.0 16.0
2514977.0 78594.0 16.0
2517121.0 78661.0 16.0
2517121.0 78661.0 16.0
2522529.0 78830.0 16.0
2522881.0 78841.0 16.0
2523873.0 78872.0 16.0
2524737.0 78899.0 16.0
2533761.0 79181.0 16.0
2543233.0 79477.0 16.0
2544449.0 79515.0 16.0
2545537.0 79549.0 16.0
2545665.0 79553.0 16.0
2548225.0 79633.0 16.0
2549889.0 79685.0 16.0
2565729.0 80180.0 16.0
2574945.0 80468.0 16.0
2577345.0 80543.0 16.0
2578241.0 80571.0 16.0
2578465.0 80578.0 16.0
2578785.0 80588.0 16.0
2579745.0 80618.0 16.0
2580225.0 80633.0 16.0
2581505.0 80673.0 16.0
2581633.0 80677.0 16.0
2581953.0 80687.0 16.0
2582625.0 80708.0 16.0
2588001.0 80876.0 16.0
2588033.0 80877.0 16.0
2592705.0 81023.0 16.0
2594593.0 81082.0 16.0
2599361.0 81231.0 16.0
2606849.0 81465.0 16.0
2613313.0 81667.0 16.0
2616097.0 81754.0 16.0
2619713.0 81867.0 16.0
2619969.0 81875.0 16.0
2622433.0 81952.0 16.0
2625793.0 82057.0 16.0
2629601.0 82176.0 16.0
2629793.0 82182.0 16.0
2632001.0 82251.0 16.0
2633057.0 82284.0 16.0
2644897.0 82654.0 16.0
2647105.0 82723.0 16.0
2650465.0 82828.0 16.0
2655713.0 82992.0 16.0
2657761.0 83056.0 16.0
2662465.0 83203.0 16.0
2662497.0 83204.0 16.0
2667617.0 83364.0 16.0
2671777.0 83494.0 16.0
2672321.0 83511.0 16.0
2676481.0 83641.0 16.0
2680065.0 83753.0 16.0
2683233.0 83852.0 16.0
2686945.0 83968.0 16.0
2687105.0 83973.0 16.0
2687489.0 83985.0 16.0
2694337.0 84199.0 16.0
2699361.0 84356.0 16.0
2704225.0 84508.0 16.0
2707297.0 84604.0 16.0
2716833.0 84902.0 16.0
2719297.0 84979.0 16.0
2723265.0 85103.0 16.0
2726625.0 85208.0 16.0
2730369.0 85325.0 16.0
2745985.0 85813.0 16.0
2761889.0 86310.0 16.0
2763969.0 86375.0 16.0
2764417.0 86389.0 16.0
2764929.0 86405.0 16.0
2778113.0 86817.0 16.0
2791713.0 87242.0 16.0
2801185.0 87538.0 16.0
2804065.0 87628.0 16.0
2811745.0 87868.0 16.0
2821345.0 88168.0 16.0
2823265.0 88228.0 16.0
2829601.0 88426.0 16.0
2841825.0 88808.0 16.0
2845633.0 88927.0 16.0
2863233.0 89477.0 16.0
2877153.0 89912.0 16.0
2892833.0 90402.0 16.0
2895457.0 90484.0 16.0
2905569.0 90800.0 16.0
2908193.0 90882.0 16.0
2943553.0 91987.0 16.0
3104545.0 97018.0 16.0
3112193.0 97257.0 16.0
