rev2
15905.0 498.0 16.0
15969.0 500.0 16.0
16193.0 507.0 16.0
16961.0 531.0 16.0
16993.0 532.0 16.0
17185.0 538.0 16.0
17185.0 538.0 16.0
17249.0 540.0 16.0
17281.0 541.0 16.0
17505.0 548.0 16.0
17569.0 550.0 16.0
17601.0 551.0 16.0
17697.0 554.0 16.0
17729.0 555.0 16.0
17889.0 560.0 16.0
17921.0 561.0 16.0
17953.0 562.0 16.0
17985.0 563.0 16.0
18081.0 566.0 16.0
18113.0 567.0 16.0
18113.0 567.0 16.0
18273.0 572.0 16.0
18305.0 573.0 16.0
18369.0 575.0 16.0
18401.0 576.0 16.0
18401.0 576.0 16.0
18433.0 577.0 16.0
18433.0 577.0 16.0
18465.0 578.0 16.0
18497.0 579.0 16.0
18657.0 584.0 16.0
18657.0 584.0 16.0
18689.0 585.0 16.0
18721.0 586.0 16.0
18721.0 586.0 16.0
18721.0 586.0 16.0
18849.0 590.0 16.0
18881.0 591.0 16.0
18881.0 591.0 16.0
18881.0 591.0 16.0
18881.0 591.0 16.0
18881.0 591.0 16.0
18913.0 592.0 16.0
19041.0 596.0 16.0
19041.0 596.0 16.0
19169.0 600.0 16.0
19265.0 603.0 16.0
19297.0 604.0 16.0
19297.0 604.0 16.0
19361.0 606.0 16.0
19393.0 607.0 16.0
19457.0 609.0 16.0
19457.0 609.0 16.0
19521.0 611.0 16.0
19521.0 611.0 16.0
19553.0 612.0 16.0
19585.0 613.0 16.0
19649.0 615.0 16.0
19681.0 616.0 16.0
19777.0 619.0 16.0
19777.0 619.0 16.0
19809.0 620.0 16.0
19969.0 625.0 16.0
20001.0 626.0 16.0
20001.0 626.0 16.0
20033.0 627.0 16.0
20129.0 630.0 16.0
20129.0 630.0 16.0
20385.0 638.0 16.0
20417.0 639.0 16.0
20481.0 641.0 16.0
20577.0 644.0 16.0
20577.0 644.0 16.0
20577.0 644.0 16.0
20609.0 645.0 16.0
20673.0 647.0 16.0
20673.0 647.0 16.0
20769.0 650.0 16.0
20801.0 651.0 16.0
20897.0 654.0 16.0
21089.0 660.0 16.0
21281.0 666.0 16.0
21281.0 666.0 16.0
21313.0 667.0 16.0
21313.0 667.0 16.0
21377.0 669.0 16.0
21409.0 670.0 16.0
21665.0 678.0 16.0
21665.0 678.0 16.0
21825.0 683.0 16.0
21857.0 684.0 16.0
21953.0 687.0 16.0
22017.0 689.0 16.0
22049.0 690.0 16.0
22081.0 691.0 16.0
22497.0 704.0 16.0
24257.0 759.0 16.0
24289.0 760.0 16.0
25953.0 812.0 16.0
28161.0 881.0 16.0
