rev2
7553.0 237.0 16.0
8161.0 256.0 16.0
8225.0 258.0 16.0
8385.0 263.0 16.0
8513.0 267.0 16.0
8545.0 268.0 16.0
8641.0 271.0 16.0
8673.0 272.0 16.0
8673.0 272.0 16.0
8769.0 275.0 16.0
8801.0 276.0 16.0
8801.0 276.0 16.0
8801.0 276.0 16.0
8897.0 279.0 16.0
8897.0 279.0 16.0
9025.0 283.0 16.0
9057.0 284.0 16.0
9057.0 284.0 16.0
9153.0 287.0 16.0
9153.0 287.0 16.0
9185.0 288.0 16.0
9217.0 289.0 16.0
9249.0 290.0 16.0
9281.0 291.0 16.0
9281.0 291.0 16.0
9281.0 291.0 16.0
9313.0 292.0 16.0
9313.0 292.0 16.0
9345.0 293.0 16.0
9345.0 293.0 16.0
9345.0 293.0 16.0
9409.0 295.0 16.0
9409.0 295.0 16.0
9409.0 295.0 16.0
9441.0 296.0 16.0
9441.0 296.0 16.0
9473.0 297.0 16.0
9473.0 297.0 16.0
9473.0 297.0 16.0
9537.0 299.0 16.0
9601.0 301.0 16.0
9633.0 302.0 16.0
9633.0 302.0 16.0
9665.0 303.0 16.0
9697.0 304.0 16.0
9729.0 305.0 16.0
9729.0 305.0 16.0
9825.0 308.0 16.0
9889.0 310.0 16.0
9953.0 312.0 16.0
9985.0 313.0 16.0
10017.0 314.0 16.0
10049.0 315.0 16.0
10049.0 315.0 16.0
10113.0 317.0 16.0
10145.0 318.0 16.0
10145.0 318.0 16.0
10177.0 319.0 16.0
10177.0 319.0 16.0
10177.0 319.0 16.0
10209.0 320.0 16.0
10209.0 320.0 16.0
10337.0 324.0 16.0
10369.0 325.0 16.0
10369.0 325.0 16.0
10401.0 326.0 16.0
10465.0 328.0 16.0
10465.0 328.0 16.0
10497.0 329.0 16.0
10529.0 330.0 16.0
10625.0 333.0 16.0
10625.0 333.0 16.0
10625.0 333.0 16.0
10625.0 333.0 16.0
10625.0 333.0 16.0
10657.0 334.0 16.0
10689.0 335.0 16.0
10689.0 335.0 16.0
10753.0 337.0 16.0
10849.0 340.0 16.0
10881.0 341.0 16.0
11073.0 347.0 16.0
11105.0 348.0 16.0
11105.0 348.0 16.0
11105.0 348.0 16.0
11137.0 349.0 16.0
11265.0 353.0 16.0
11329.0 355.0 16.0
11361.0 356.0 16.0
11393.0 357.0 16.0
11457.0 359.0 16.0
11489.0 360.0 16.0
11521.0 361.0 16.0
11809.0 370.0 16.0
11873.0 372.0 16.0
11937.0 374.0 16.0
11969.0 375.0 16.0
12353.0 387.0 16.0
12609.0 395.0 16.0
14593.0 457.0 16.0
