rev2
2.0468737E7 639649.0 16.0
2.0583201E7 643226.0 16.0
2.0618881E7 644341.0 16.0
2.0637441E7 644921.0 16.0
2.0640257E7 645009.0 16.0
2.0647937E7 645249.0 16.0
2.0671809E7 645995.0 16.0
2.0676353E7 646137.0 16.0
2.0706209E7 647070.0 16.0
2.0766113E7 648942.0 16.0
2.0778209E7 649320.0 16.0
2.0780161E7 649381.0 16.0
2.0847297E7 651479.0 16.0
2.0863329E7 651980.0 16.0
2.0889601E7 652801.0 16.0
2.0908033E7 653377.0 16.0
2.0914113E7 653567.0 16.0
2.0923777E7 653869.0 16.0
2.0923809E7 653870.0 16.0
2.0926721E7 653961.0 16.0
2.0928577E7 654019.0 16.0
2.0945793E7 654557.0 16.0
2.0988961E7 655906.0 16.0
2.1011873E7 656622.0 16.0
2.1029473E7 657172.0 16.0
2.1031329E7 657230.0 16.0
2.1034753E7 657337.0 16.0
2.1080097E7 658754.0 16.0
2.1110465E7 659703.0 16.0
2.1144449E7 660765.0 16.0
2.1150401E7 660951.0 16.0
2.1159905E7 661248.0 16.0
2.1163233E7 661352.0 16.0
2.1214177E7 662944.0 16.0
2.1233889E7 663560.0 16.0
2.1243713E7 663867.0 16.0
2.1260353E7 664387.0 16.0
2.1281473E7 665047.0 16.0
2.1301697E7 665679.0 16.0
2.1322721E7 666336.0 16.0
2.1326689E7 666460.0 16.0
2.1348161E7 667131.0 16.0
2.1349025E7 667158.0 16.0
2.1393345E7 668543.0 16.0
2.1427393E7 669607.0 16.0
2.1440833E7 670027.0 16.0
2.1443713E7 670117.0 16.0
2.1449217E7 670289.0 16.0
2.1454465E7 670453.0 16.0
2.1454753E7 670462.0 16.0
2.1481345E7 671293.0 16.0
2.1563361E7 673856.0 16.0
2.1627681E7 675866.0 16.0
2.1643489E7 676360.0 16.0
2.1721729E7 678805.0 16.0
2.1747041E7 679596.0 16.0
2.1779937E7 680624.0 16.0
2.1811425E7 681608.0 16.0
2.1853185E7 682913.0 16.0
2.1879713E7 683742.0 16.0
2.1880801E7 683776.0 16.0
2.1935105E7 685473.0 16.0
2.1945569E7 685800.0 16.0
2.1950785E7 685963.0 16.0
2.1968993E7 686532.0 16.0
2.1985633E7 687052.0 16.0
2.2028705E7 688398.0 16.0
2.2035617E7 688614.0 16.0
2.2043041E7 688846.0 16.0
2.2050401E7 689076.0 16.0
2.2075809E7 689870.0 16.0
2.2105921E7 690811.0 16.0
2.2117025E7 691158.0 16.0
2.2284321E7 696386.0 16.0
2.2351745E7 698493.0 16.0
2.2363233E7 698852.0 16.0
2.2364161E7 698881.0 16.0
2.2367969E7 699000.0 16.0
2.2391873E7 699747.0 16.0
2.2415841E7 700496.0 16.0
2.2483137E7 702599.0 16.0
2.2510625E7 703458.0 16.0
2.2510785E7 703463.0 16.0
2.2551297E7 704729.0 16.0
2.2579041E7 705596.0 16.0
2.2675297E7 708604.0 16.0
2.2783809E7 711995.0 16.0
2.2857377E7 714294.0 16.0
2.2939329E7 716855.0 16.0
2.2993121E7 718536.0 16.0
2.3099809E7 721870.0 16.0
2.3164641E7 723896.0 16.0
2.3412225E7 731633.0 16.0
2.3692929E7 740405.0 16.0
2.3889441E7 746546.0 16.0
2.4345409E7 760795.0 16.0
2.4494369E7 765450.0 16.0
2.4576929E7 768030.0 16.0
2.4652961E7 770406.0 16.0
2.5231745E7 788493.0 16.0
