rev4
7319232.0 228727.0 16.0
7337774.0 229307.0 16.0
7348190.0 229633.0 16.0
7440764.0 232525.0 16.0
7449920.0 232811.0 16.0
7458401.0 233076.0 16.0
7510817.0 234714.0 16.0
7522159.0 235069.0 16.0
7549759.0 235931.0 16.0
7562495.0 236329.0 16.0
7573151.0 236662.0 16.0
7582144.0 236943.0 16.0
7597470.0 237422.0 16.0
7598956.0 237469.0 16.0
7611999.0 237876.0 16.0
7620942.0 238156.0 16.0
7626012.0 238314.0 16.0
7639328.0 238730.0 16.0
7644285.0 238885.0 16.0
7649387.0 239045.0 16.0
7675569.0 239863.0 16.0
7678030.0 239940.0 16.0
7681597.0 240052.0 16.0
7685052.0 240159.0 16.0
7690225.0 240321.0 16.0
7698112.0 240567.0 16.0
7700848.0 240654.0 16.0
7705665.0 240803.0 16.0
7706688.0 240835.0 16.0
7712673.0 241022.0 16.0
7733951.0 241687.0 16.0
7739935.0 241874.0 16.0
7743967.0 242000.0 16.0
7756496.0 242392.0 16.0
7757756.0 242431.0 16.0
7759680.0 242491.0 16.0
7775933.0 242999.0 16.0
7786860.0 243341.0 16.0
7788671.0 243397.0 16.0
7801121.0 243786.0 16.0
7818957.0 244344.0 16.0
7820061.0 244378.0 16.0
7829279.0 244666.0 16.0
7830928.0 244718.0 16.0
7838193.0 244945.0 16.0
7839166.0 244975.0 16.0
7844832.0 245152.0 16.0
7846172.0 245194.0 16.0
7849630.0 245302.0 16.0
7852140.0 245381.0 16.0
7858000.0 245564.0 16.0
7863488.0 245735.0 16.0
7866111.0 245818.0 16.0
7875758.0 246119.0 16.0
7889823.0 246558.0 16.0
7894336.0 246699.0 16.0
7902800.0 246964.0 16.0
7904497.0 247017.0 16.0
7905488.0 247048.0 16.0
7907712.0 247117.0 16.0
7910977.0 247219.0 16.0
7911968.0 247250.0 16.0
7920062.0 247503.0 16.0
7923995.0 247626.0 16.0
7927869.0 247747.0 16.0
7949966.0 248438.0 16.0
7950463.0 248453.0 16.0
7951964.0 248500.0 16.0
7966556.0 248956.0 16.0
7971772.0 249119.0 16.0
7982255.0 249447.0 16.0
7989470.0 249672.0 16.0
7994317.0 249824.0 16.0
8002975.0 250094.0 16.0
8003583.0 250113.0 16.0
8011999.0 250376.0 16.0
8012862.0 250403.0 16.0
8031649.0 250990.0 16.0
8037296.0 251167.0 16.0
8068109.0 252130.0 16.0
8072241.0 252259.0 16.0
8078912.0 252467.0 16.0
8112795.0 253526.0 16.0
8145854.0 254559.0 16.0
8147886.0 254623.0 16.0
8159823.0 254996.0 16.0
8182880.0 255716.0 16.0
8206301.0 256448.0 16.0
8229372.0 257169.0 16.0
8242094.0 257567.0 16.0
8260222.0 258133.0 16.0
8413824.0 262933.0 16.0
8416096.0 263004.0 16.0
8564218.0 267633.0 16.0
8585371.0 268295.0 16.0
8588990.0 268407.0 16.0
8758607.0 273708.0 16.0
8879023.0 277471.0 16.0
8964607.0 280146.0 16.0
9169471.0 286547.0 16.0
