rev2
1537.0 49.0 16.0
1633.0 52.0 16.0
1633.0 52.0 16.0
1729.0 55.0 16.0
1761.0 56.0 16.0
1889.0 60.0 16.0
2017.0 64.0 16.0
2081.0 66.0 16.0
2113.0 67.0 16.0
2113.0 67.0 16.0
2145.0 68.0 16.0
2145.0 68.0 16.0
2209.0 70.0 16.0
2209.0 70.0 16.0
2209.0 70.0 16.0
2209.0 70.0 16.0
2209.0 70.0 16.0
2209.0 70.0 16.0
2241.0 71.0 16.0
2241.0 71.0 16.0
2241.0 71.0 16.0
2241.0 71.0 16.0
2241.0 71.0 16.0
2273.0 72.0 16.0
2273.0 72.0 16.0
2273.0 72.0 16.0
2273.0 72.0 16.0
2305.0 73.0 16.0
2305.0 73.0 16.0
2337.0 74.0 16.0
2337.0 74.0 16.0
2369.0 75.0 16.0
2369.0 75.0 16.0
2433.0 77.0 16.0
2433.0 77.0 16.0
2433.0 77.0 16.0
2433.0 77.0 16.0
2465.0 78.0 16.0
2465.0 78.0 16.0
2465.0 78.0 16.0
2465.0 78.0 16.0
2497.0 79.0 16.0
2497.0 79.0 16.0
2497.0 79.0 16.0
2497.0 79.0 16.0
2497.0 79.0 16.0
2529.0 80.0 16.0
2529.0 80.0 16.0
2561.0 81.0 16.0
2561.0 81.0 16.0
2561.0 81.0 16.0
2561.0 81.0 16.0
2593.0 82.0 16.0
2593.0 82.0 16.0
2593.0 82.0 16.0
2625.0 83.0 16.0
2625.0 83.0 16.0
2657.0 84.0 16.0
2689.0 85.0 16.0
2689.0 85.0 16.0
2689.0 85.0 16.0
2689.0 85.0 16.0
2689.0 85.0 16.0
2753.0 87.0 16.0
2753.0 87.0 16.0
2753.0 87.0 16.0
2785.0 88.0 16.0
2785.0 88.0 16.0
2817.0 89.0 16.0
2849.0 90.0 16.0
2849.0 90.0 16.0
2849.0 90.0 16.0
2849.0 90.0 16.0
2849.0 90.0 16.0
2881.0 91.0 16.0
2881.0 91.0 16.0
2881.0 91.0 16.0
2881.0 91.0 16.0
2913.0 92.0 16.0
2913.0 92.0 16.0
2945.0 93.0 16.0
2945.0 93.0 16.0
2945.0 93.0 16.0
2977.0 94.0 16.0
2977.0 94.0 16.0
3041.0 96.0 16.0
3041.0 96.0 16.0
3041.0 96.0 16.0
3169.0 100.0 16.0
3169.0 100.0 16.0
3201.0 101.0 16.0
3201.0 101.0 16.0
3233.0 102.0 16.0
3233.0 102.0 16.0
3361.0 106.0 16.0
3393.0 107.0 16.0
3393.0 107.0 16.0
3457.0 109.0 16.0
3521.0 111.0 16.0
3937.0 124.0 16.0
