rev2
1198145.0 37443.0 16.0
1214689.0 37960.0 16.0
1227361.0 38356.0 16.0
1227585.0 38363.0 16.0
1231809.0 38495.0 16.0
1234881.0 38591.0 16.0
1240321.0 38761.0 16.0
1243297.0 38854.0 16.0
1247553.0 38987.0 16.0
1247841.0 38996.0 16.0
1248257.0 39009.0 16.0
1248385.0 39013.0 16.0
1254881.0 39216.0 16.0
1256225.0 39258.0 16.0
1259105.0 39348.0 16.0
1259137.0 39349.0 16.0
1267393.0 39607.0 16.0
1270209.0 39695.0 16.0
1271585.0 39738.0 16.0
1272289.0 39760.0 16.0
1273185.0 39788.0 16.0
1273377.0 39794.0 16.0
1273793.0 39807.0 16.0
1275553.0 39862.0 16.0
1276833.0 39902.0 16.0
1277057.0 39909.0 16.0
1278049.0 39940.0 16.0
1280481.0 40016.0 16.0
1280801.0 40026.0 16.0
1282145.0 40068.0 16.0
1284001.0 40126.0 16.0
1284097.0 40129.0 16.0
1285345.0 40168.0 16.0
1287073.0 40222.0 16.0
1287489.0 40235.0 16.0
1288129.0 40255.0 16.0
1288321.0 40261.0 16.0
1289793.0 40307.0 16.0
1291841.0 40371.0 16.0
1292705.0 40398.0 16.0
1298721.0 40586.0 16.0
1301473.0 40672.0 16.0
1301825.0 40683.0 16.0
1305249.0 40790.0 16.0
1310049.0 40940.0 16.0
1311489.0 40985.0 16.0
1311521.0 40986.0 16.0
1311681.0 40991.0 16.0
1312673.0 41022.0 16.0
1313505.0 41048.0 16.0
1314145.0 41068.0 16.0
1314401.0 41076.0 16.0
1315553.0 41112.0 16.0
1316161.0 41131.0 16.0
1316577.0 41144.0 16.0
1316641.0 41146.0 16.0
1317313.0 41167.0 16.0
1320353.0 41262.0 16.0
1320449.0 41265.0 16.0
1321089.0 41285.0 16.0
1321217.0 41289.0 16.0
1323937.0 41374.0 16.0
1324257.0 41384.0 16.0
1325889.0 41435.0 16.0
1326465.0 41453.0 16.0
1328129.0 41505.0 16.0
1328705.0 41523.0 16.0
1332641.0 41646.0 16.0
1335585.0 41738.0 16.0
1339201.0 41851.0 16.0
1340321.0 41886.0 16.0
1348001.0 42126.0 16.0
1349057.0 42159.0 16.0
1349313.0 42167.0 16.0
1350113.0 42192.0 16.0
1350689.0 42210.0 16.0
1353825.0 42308.0 16.0
1354561.0 42331.0 16.0
1356417.0 42389.0 16.0
1361345.0 42543.0 16.0
1362017.0 42564.0 16.0
1365441.0 42671.0 16.0
1365729.0 42680.0 16.0
1372161.0 42881.0 16.0
1379233.0 43102.0 16.0
1391457.0 43484.0 16.0
1404097.0 43879.0 16.0
1414689.0 44210.0 16.0
1418785.0 44338.0 16.0
1419329.0 44355.0 16.0
1419905.0 44373.0 16.0
1423521.0 44486.0 16.0
1427265.0 44603.0 16.0
1436385.0 44888.0 16.0
1442177.0 45069.0 16.0
1449345.0 45293.0 16.0
1464769.0 45775.0 16.0
1465249.0 45790.0 16.0
1466017.0 45814.0 16.0
1484353.0 46387.0 16.0
