rev2
145729.0 4555.0 16.0
148897.0 4654.0 16.0
149089.0 4660.0 16.0
149249.0 4665.0 16.0
149281.0 4666.0 16.0
149505.0 4673.0 16.0
149857.0 4684.0 16.0
150497.0 4704.0 16.0
150529.0 4705.0 16.0
150721.0 4711.0 16.0
151041.0 4721.0 16.0
151233.0 4727.0 16.0
151265.0 4728.0 16.0
151905.0 4748.0 16.0
151905.0 4748.0 16.0
152321.0 4761.0 16.0
152417.0 4764.0 16.0
152705.0 4773.0 16.0
153889.0 4810.0 16.0
154369.0 4825.0 16.0
154433.0 4827.0 16.0
154529.0 4830.0 16.0
154657.0 4834.0 16.0
154657.0 4834.0 16.0
154817.0 4839.0 16.0
155425.0 4858.0 16.0
155457.0 4859.0 16.0
155521.0 4861.0 16.0
155841.0 4871.0 16.0
156065.0 4878.0 16.0
156321.0 4886.0 16.0
156673.0 4897.0 16.0
156833.0 4902.0 16.0
157153.0 4912.0 16.0
157281.0 4916.0 16.0
157377.0 4919.0 16.0
157665.0 4928.0 16.0
157825.0 4933.0 16.0
157889.0 4935.0 16.0
157985.0 4938.0 16.0
158113.0 4942.0 16.0
158369.0 4950.0 16.0
158369.0 4950.0 16.0
158433.0 4952.0 16.0
158593.0 4957.0 16.0
158657.0 4959.0 16.0
158721.0 4961.0 16.0
159073.0 4972.0 16.0
159265.0 4978.0 16.0
159361.0 4981.0 16.0
159393.0 4982.0 16.0
159521.0 4986.0 16.0
159745.0 4993.0 16.0
160065.0 5003.0 16.0
160129.0 5005.0 16.0
160481.0 5016.0 16.0
160865.0 5028.0 16.0
161153.0 5037.0 16.0
161409.0 5045.0 16.0
161729.0 5055.0 16.0
162017.0 5064.0 16.0
162017.0 5064.0 16.0
162081.0 5066.0 16.0
162465.0 5078.0 16.0
162945.0 5093.0 16.0
163361.0 5106.0 16.0
163361.0 5106.0 16.0
163393.0 5107.0 16.0
163553.0 5112.0 16.0
163713.0 5117.0 16.0
163745.0 5118.0 16.0
163777.0 5119.0 16.0
163841.0 5121.0 16.0
164001.0 5126.0 16.0
164225.0 5133.0 16.0
164513.0 5142.0 16.0
164801.0 5151.0 16.0
166529.0 5205.0 16.0
166881.0 5216.0 16.0
167393.0 5232.0 16.0
167393.0 5232.0 16.0
167457.0 5234.0 16.0
167905.0 5248.0 16.0
168417.0 5264.0 16.0
168481.0 5266.0 16.0
168609.0 5270.0 16.0
168769.0 5275.0 16.0
169441.0 5296.0 16.0
169473.0 5297.0 16.0
171073.0 5347.0 16.0
173057.0 5409.0 16.0
173505.0 5423.0 16.0
173569.0 5425.0 16.0
174081.0 5441.0 16.0
175169.0 5475.0 16.0
176225.0 5508.0 16.0
176865.0 5528.0 16.0
180513.0 5642.0 16.0
182497.0 5704.0 16.0
184257.0 5759.0 16.0
