rev4
1.3195362E7 1350832.0 5.0
1.3829112E7 1415526.0 5.0
1.3932476E7 1426314.0 5.0
1.3965493E7 1429689.0 5.0
1.4016116E7 1434707.0 5.0
1.4129732E7 1446505.0 5.0
1.4178775E7 1451447.0 5.0
1.4192697E7 1452848.0 5.0
1.4233757E7 1457159.0 5.0
1.4320824E7 1466020.0 5.0
1.4348329E7 1468769.0 5.0
1.436018E7 1470038.0 5.0
1.4431369E7 1477192.0 5.0
1.4432822E7 1477388.0 5.0
1.4568239E7 1491472.0 5.0
1.457159E7 1491572.0 5.0
1.4599053E7 1494323.0 5.0
1.4668688E7 1501730.0 5.0
1.4764783E7 1511347.0 5.0
1.4835767E7 1518641.0 5.0
1.4840968E7 1519227.0 5.0
1.484735E7 1519664.0 5.0
1.4852096E7 1520347.0 5.0
1.4880022E7 1523491.0 5.0
1.5003111E7 1535889.0 5.0
1.5006599E7 1535972.0 5.0
1.5012923E7 1536669.0 5.0
1.5079705E7 1543459.0 5.0
1.5084927E7 1544114.0 5.0
1.5093015E7 1544988.0 5.0
1.5120425E7 1547800.0 5.0
1.516464E7 1552388.0 5.0
1.5187826E7 1554828.0 5.0
1.522105E7 1558209.0 5.0
1.5267663E7 1562707.0 5.0
1.5284187E7 1564369.0 5.0
1.534189E7 1570655.0 5.0
1.5345043E7 1570845.0 5.0
1.5372966E7 1573751.0 5.0
1.5379769E7 1574411.0 5.0
1.5384449E7 1574786.0 5.0
1.5395556E7 1575897.0 5.0
1.5420545E7 1578515.0 5.0
1.5426037E7 1579117.0 5.0
1.550479E7 1587287.0 5.0
1.5513073E7 1588211.0 5.0
1.5514656E7 1588419.0 5.0
1.5529604E7 1589673.0 5.0
1.5533079E7 1590062.0 5.0
1.5552467E7 1592194.0 5.0
1.5566918E7 1593612.0 5.0
1.5643324E7 1601366.0 5.0
1.568926E7 1606049.0 5.0
1.5776574E7 1615146.0 5.0
1.5785885E7 1615847.0 5.0
1.5835751E7 1621112.0 5.0
1.58553E7 1623250.0 5.0
1.5889535E7 1626641.0 5.0
1.589508E7 1627253.0 5.0
1.5906173E7 1628475.0 5.0
1.5948915E7 1632492.0 5.0
1.6022075E7 1640155.0 5.0
1.6082844E7 1646562.0 5.0
1.6088246E7 1647024.0 5.0
1.6124661E7 1650668.0 5.0
1.6153988E7 1653905.0 5.0
1.6270228E7 1665548.0 5.0
1.6277455E7 1666411.0 5.0
1.6336967E7 1672479.0 5.0
1.634701E7 1673467.0 5.0
1.6467258E7 1685734.0 5.0
1.6477509E7 1686928.0 5.0
1.6540632E7 1693211.0 5.0
1.6602743E7 1699443.0 5.0
1.6738652E7 1713411.0 5.0
1.6739548E7 1713736.0 5.0
1.6758587E7 1715450.0 5.0
1.6856785E7 1725565.0 5.0
1.6889578E7 1728926.0 5.0
1.6924602E7 1732276.0 5.0
1.6987508E7 1738972.0 5.0
1.7018109E7 1742156.0 5.0
1.7093493E7 1749618.0 5.0
1.7108244E7 1751358.0 5.0
1.7123227E7 1752760.0 5.0
1.712525E7 1753141.0 5.0
1.7155388E7 1756133.0 5.0
1.7170133E7 1757716.0 5.0
1.7355479E7 1776529.0 5.0
1.7398645E7 1781129.0 5.0
1.7561713E7 1797769.0 5.0
1.7697566E7 1811529.0 5.0
1.7963313E7 1838980.0 5.0
1.8323663E7 1875607.0 5.0
1.8330872E7 1876558.0 5.0
1.8341122E7 1877499.0 5.0
1.884718E7 1929448.0 5.0
1.884897E7 1929269.0 5.0
1.8922433E7 1936979.0 5.0
2.1146871E7 2164687.0 5.0
