rev4
265.0 28.0 5.0
272.0 29.0 5.0
275.0 29.0 5.0
278.0 29.0 5.0
279.0 29.0 5.0
281.0 29.0 5.0
282.0 30.0 5.0
284.0 30.0 5.0
290.0 31.0 5.0
290.0 30.0 5.0
291.0 30.0 5.0
293.0 31.0 5.0
295.0 31.0 5.0
296.0 31.0 5.0
299.0 31.0 5.0
300.0 31.0 5.0
301.0 31.0 5.0
302.0 32.0 5.0
302.0 32.0 5.0
305.0 32.0 5.0
306.0 32.0 5.0
310.0 32.0 5.0
310.0 32.0 5.0
314.0 33.0 5.0
315.0 33.0 5.0
318.0 33.0 5.0
319.0 33.0 5.0
321.0 34.0 5.0
328.0 35.0 5.0
330.0 36.0 5.0
330.0 35.0 5.0
334.0 35.0 5.0
335.0 35.0 5.0
335.0 35.0 5.0
339.0 35.0 5.0
340.0 36.0 5.0
351.0 36.0 5.0
351.0 37.0 5.0
354.0 37.0 5.0
355.0 37.0 5.0
356.0 37.0 5.0
358.0 38.0 5.0
363.0 38.0 5.0
364.0 38.0 5.0
368.0 38.0 5.0
368.0 38.0 5.0
373.0 39.0 5.0
375.0 39.0 5.0
376.0 39.0 5.0
377.0 39.0 5.0
378.0 40.0 5.0
378.0 39.0 5.0
381.0 40.0 5.0
382.0 41.0 5.0
385.0 40.0 5.0
386.0 40.0 5.0
388.0 40.0 5.0
390.0 41.0 5.0
391.0 41.0 5.0
392.0 41.0 5.0
394.0 41.0 5.0
395.0 42.0 5.0
396.0 41.0 5.0
396.0 41.0 5.0
399.0 42.0 5.0
399.0 41.0 5.0
400.0 41.0 5.0
400.0 42.0 5.0
404.0 43.0 5.0
405.0 43.0 5.0
406.0 42.0 5.0
408.0 43.0 5.0
408.0 43.0 5.0
408.0 42.0 5.0
409.0 43.0 5.0
413.0 43.0 5.0
414.0 43.0 5.0
423.0 44.0 5.0
423.0 45.0 5.0
429.0 45.0 5.0
431.0 46.0 5.0
435.0 45.0 5.0
438.0 46.0 5.0
438.0 46.0 5.0
439.0 45.0 5.0
441.0 46.0 5.0
441.0 46.0 5.0
442.0 46.0 5.0
446.0 46.0 5.0
454.0 47.0 5.0
457.0 48.0 5.0
464.0 48.0 5.0
466.0 48.0 5.0
493.0 51.0 5.0
509.0 53.0 5.0
518.0 54.0 5.0
526.0 54.0 5.0
531.0 54.0 5.0
541.0 55.0 5.0
652.0 68.0 5.0
