rev4
6527.0 668.0 5.0
6756.0 688.0 5.0
6851.0 706.0 5.0
6874.0 701.0 5.0
6954.0 713.0 5.0
7120.0 730.0 5.0
7187.0 736.0 5.0
7240.0 742.0 5.0
7248.0 740.0 5.0
7266.0 747.0 5.0
7305.0 749.0 5.0
7309.0 753.0 5.0
7340.0 751.0 5.0
7351.0 754.0 5.0
7414.0 760.0 5.0
7455.0 762.0 5.0
7482.0 765.0 5.0
7538.0 768.0 5.0
7584.0 774.0 5.0
7606.0 778.0 5.0
7633.0 782.0 5.0
7640.0 788.0 5.0
7641.0 782.0 5.0
7733.0 793.0 5.0
7744.0 791.0 5.0
7746.0 794.0 5.0
7782.0 803.0 5.0
7782.0 794.0 5.0
7825.0 800.0 5.0
7832.0 805.0 5.0
7861.0 808.0 5.0
7867.0 804.0 5.0
7880.0 807.0 5.0
7902.0 816.0 5.0
7922.0 811.0 5.0
7957.0 808.0 5.0
7968.0 816.0 5.0
7994.0 816.0 5.0
8013.0 816.0 5.0
8029.0 822.0 5.0
8059.0 827.0 5.0
8072.0 827.0 5.0
8115.0 834.0 5.0
8138.0 833.0 5.0
8199.0 838.0 5.0
8201.0 845.0 5.0
8268.0 849.0 5.0
8311.0 854.0 5.0
8311.0 857.0 5.0
8317.0 850.0 5.0
8377.0 860.0 5.0
8391.0 858.0 5.0
8397.0 857.0 5.0
8414.0 863.0 5.0
8500.0 873.0 5.0
8520.0 877.0 5.0
8532.0 876.0 5.0
8547.0 877.0 5.0
8562.0 874.0 5.0
8586.0 880.0 5.0
8622.0 883.0 5.0
8680.0 893.0 5.0
8711.0 892.0 5.0
8713.0 893.0 5.0
8741.0 892.0 5.0
8900.0 914.0 5.0
8935.0 913.0 5.0
9025.0 926.0 5.0
9048.0 924.0 5.0
9086.0 932.0 5.0
9094.0 932.0 5.0
9155.0 938.0 5.0
9166.0 940.0 5.0
9169.0 934.0 5.0
9207.0 941.0 5.0
9282.0 948.0 5.0
9371.0 956.0 5.0
9422.0 979.0 5.0
9442.0 969.0 5.0
9621.0 988.0 5.0
9681.0 992.0 5.0
9830.0 1003.0 5.0
9894.0 1013.0 5.0
9912.0 1015.0 5.0
9962.0 1021.0 5.0
9990.0 1028.0 5.0
10046.0 1036.0 5.0
10091.0 1034.0 5.0
10140.0 1034.0 5.0
10258.0 1052.0 5.0
10320.0 1062.0 5.0
10473.0 1072.0 5.0
10776.0 1104.0 5.0
10829.0 1115.0 5.0
10918.0 1118.0 5.0
10969.0 1129.0 5.0
11157.0 1141.0 5.0
11575.0 1188.0 5.0
11790.0 1205.0 5.0
12414.0 1274.0 5.0
