rev4
312133.0 31957.0 5.0
320636.0 32829.0 5.0
325365.0 33303.0 5.0
331581.0 33938.0 5.0
332802.0 34087.0 5.0
333697.0 34151.0 5.0
334107.0 34219.0 5.0
334151.0 34208.0 5.0
334618.0 34235.0 5.0
335528.0 34350.0 5.0
335988.0 34428.0 5.0
341352.0 34944.0 5.0
343697.0 35204.0 5.0
345091.0 35307.0 5.0
348571.0 35672.0 5.0
350308.0 35868.0 5.0
350954.0 35919.0 5.0
351183.0 35963.0 5.0
353069.0 36181.0 5.0
353310.0 36140.0 5.0
354044.0 36219.0 5.0
356971.0 36538.0 5.0
357773.0 36650.0 5.0
358736.0 36731.0 5.0
359229.0 36763.0 5.0
359273.0 36784.0 5.0
359591.0 36797.0 5.0
360041.0 36864.0 5.0
362690.0 37114.0 5.0
362859.0 37144.0 5.0
363356.0 37209.0 5.0
367468.0 37581.0 5.0
367736.0 37621.0 5.0
369317.0 37793.0 5.0
369774.0 37847.0 5.0
370159.0 37903.0 5.0
370758.0 37957.0 5.0
374306.0 38348.0 5.0
376014.0 38484.0 5.0
376080.0 38466.0 5.0
376991.0 38602.0 5.0
377016.0 38576.0 5.0
378021.0 38687.0 5.0
378331.0 38746.0 5.0
382527.0 39169.0 5.0
382597.0 39146.0 5.0
382784.0 39188.0 5.0
382784.0 39149.0 5.0
382835.0 39173.0 5.0
383629.0 39314.0 5.0
383760.0 39294.0 5.0
384148.0 39339.0 5.0
384328.0 39341.0 5.0
384711.0 39397.0 5.0
385494.0 39475.0 5.0
385757.0 39501.0 5.0
388896.0 39842.0 5.0
389163.0 39873.0 5.0
390801.0 39981.0 5.0
391798.0 40109.0 5.0
392153.0 40119.0 5.0
392451.0 40163.0 5.0
393158.0 40259.0 5.0
393693.0 40274.0 5.0
396405.0 40590.0 5.0
396850.0 40569.0 5.0
397241.0 40689.0 5.0
397811.0 40723.0 5.0
398673.0 40823.0 5.0
400694.0 41019.0 5.0
403052.0 41259.0 5.0
405180.0 41510.0 5.0
405756.0 41521.0 5.0
406117.0 41585.0 5.0
407606.0 41730.0 5.0
407679.0 41731.0 5.0
409694.0 41948.0 5.0
410669.0 42038.0 5.0
410814.0 42092.0 5.0
412213.0 42205.0 5.0
413473.0 42276.0 5.0
413569.0 42330.0 5.0
419461.0 42931.0 5.0
419743.0 42924.0 5.0
423562.0 43342.0 5.0
423566.0 43346.0 5.0
423570.0 43351.0 5.0
424016.0 43414.0 5.0
430013.0 43980.0 5.0
431336.0 44157.0 5.0
431988.0 44220.0 5.0
432719.0 44266.0 5.0
438220.0 44887.0 5.0
441432.0 45205.0 5.0
442018.0 45263.0 5.0
449778.0 46074.0 5.0
460477.0 47124.0 5.0
468363.0 47906.0 5.0
483560.0 49493.0 5.0
515542.0 52765.0 5.0
