rev4
1.24501968E8 1.2744484E7 5.0
1.26288469E8 1.2927863E7 5.0
1.27107303E8 1.3012094E7 5.0
1.27419627E8 1.3043096E7 5.0
1.27509042E8 1.3052521E7 5.0
1.27798863E8 1.3082403E7 5.0
1.28696187E8 1.3173856E7 5.0
1.29010074E8 1.3206072E7 5.0
1.29453574E8 1.3252251E7 5.0
1.29545303E8 1.326059E7 5.0
1.30423238E8 1.3351358E7 5.0
1.30674832E8 1.3376713E7 5.0
1.31307602E8 1.3441259E7 5.0
1.31428993E8 1.3454105E7 5.0
1.3163373E8 1.3474805E7 5.0
1.31641146E8 1.3475851E7 5.0
1.31832477E8 1.3495624E7 5.0
1.31890403E8 1.3501521E7 5.0
1.31897441E8 1.3501686E7 5.0
1.32037292E8 1.3516027E7 5.0
1.32252285E8 1.3538464E7 5.0
1.32443922E8 1.3557366E7 5.0
1.32547904E8 1.356881E7 5.0
1.32564158E8 1.357009E7 5.0
1.33022372E8 1.3617282E7 5.0
1.33120747E8 1.3626674E7 5.0
1.33614626E8 1.3677695E7 5.0
1.33726764E8 1.368881E7 5.0
1.33922314E8 1.370852E7 5.0
1.34101066E8 1.3727114E7 5.0
1.34954689E8 1.381472E7 5.0
1.35264897E8 1.3846569E7 5.0
1.35285291E8 1.3848368E7 5.0
1.35373072E8 1.3857384E7 5.0
1.35955603E8 1.3917727E7 5.0
1.36340805E8 1.3957058E7 5.0
1.36425326E8 1.3965168E7 5.0
1.36950519E8 1.4018856E7 5.0
1.37322452E8 1.4057255E7 5.0
1.37342433E8 1.4059233E7 5.0
1.37348948E8 1.4059846E7 5.0
1.37466494E8 1.407151E7 5.0
1.37680021E8 1.4093922E7 5.0
1.38157996E8 1.4142723E7 5.0
1.38284523E8 1.4155853E7 5.0
1.3832005E8 1.4158928E7 5.0
1.38336792E8 1.4160785E7 5.0
1.3857922E8 1.4185448E7 5.0
1.3869128E8 1.4198205E7 5.0
1.39078352E8 1.4237136E7 5.0
1.39147186E8 1.4243741E7 5.0
1.39242725E8 1.4253525E7 5.0
1.39244772E8 1.4253958E7 5.0
1.39317713E8 1.4261643E7 5.0
1.40599901E8 1.4392658E7 5.0
1.40605171E8 1.439307E7 5.0
1.40631051E8 1.4395366E7 5.0
1.40740979E8 1.4406917E7 5.0
1.40751845E8 1.4408131E7 5.0
1.40948491E8 1.4428372E7 5.0
1.41427303E8 1.4477264E7 5.0
1.41568876E8 1.449174E7 5.0
1.42382182E8 1.4575681E7 5.0
1.4265261E8 1.460295E7 5.0
1.42910024E8 1.4629082E7 5.0
1.42969833E8 1.4635782E7 5.0
1.43471569E8 1.468675E7 5.0
1.43636182E8 1.4703653E7 5.0
1.43706418E8 1.471032E7 5.0
1.43962279E8 1.4736634E7 5.0
1.44017427E8 1.4743479E7 5.0
1.44459208E8 1.4787603E7 5.0
1.45054165E8 1.4848081E7 5.0
1.45099711E8 1.4853196E7 5.0
1.46215625E8 1.4967438E7 5.0
1.46521447E8 1.4998762E7 5.0
1.46573893E8 1.5004384E7 5.0
1.46821498E8 1.502976E7 5.0
1.47098642E8 1.5058121E7 5.0
1.48480543E8 1.5198988E7 5.0
1.48595766E8 1.5211259E7 5.0
1.49210914E8 1.5274158E7 5.0
1.49300714E8 1.5282684E7 5.0
1.49326938E8 1.5285805E7 5.0
1.49462666E8 1.5299933E7 5.0
1.50010642E8 1.5356228E7 5.0
1.50763163E8 1.5433504E7 5.0
1.50849459E8 1.5441938E7 5.0
1.51358076E8 1.5494083E7 5.0
1.51793285E8 1.5538211E7 5.0
1.52097356E8 1.5569886E7 5.0
1.52659543E8 1.5627274E7 5.0
1.54129796E8 1.5777748E7 5.0
1.54717596E8 1.5837845E7 5.0
1.55023537E8 1.5869104E7 5.0
1.57555102E8 1.6127477E7 5.0
1.60321125E8 1.6411614E7 5.0
1.61178376E8 1.6498912E7 5.0
1.62751247E8 1.666059E7 5.0
1.65042683E8 1.6895209E7 5.0
