rev4
15373.0 1570.0 5.0
15759.0 1614.0 5.0
15761.0 1619.0 5.0
15830.0 1622.0 5.0
15896.0 1636.0 5.0
15903.0 1629.0 5.0
16054.0 1647.0 5.0
16069.0 1646.0 5.0
16155.0 1651.0 5.0
16175.0 1663.0 5.0
16280.0 1666.0 5.0
16300.0 1671.0 5.0
16480.0 1688.0 5.0
16534.0 1687.0 5.0
16543.0 1697.0 5.0
16550.0 1694.0 5.0
16743.0 1712.0 5.0
16757.0 1719.0 5.0
16774.0 1720.0 5.0
16822.0 1728.0 5.0
16926.0 1736.0 5.0
16950.0 1730.0 5.0
17044.0 1743.0 5.0
17081.0 1742.0 5.0
17111.0 1759.0 5.0
17117.0 1748.0 5.0
17168.0 1761.0 5.0
17260.0 1765.0 5.0
17285.0 1769.0 5.0
17288.0 1765.0 5.0
17301.0 1768.0 5.0
17400.0 1787.0 5.0
17496.0 1792.0 5.0
17537.0 1794.0 5.0
17586.0 1798.0 5.0
17593.0 1796.0 5.0
17604.0 1802.0 5.0
17684.0 1810.0 5.0
17687.0 1810.0 5.0
17783.0 1817.0 5.0
17872.0 1841.0 5.0
17959.0 1843.0 5.0
17980.0 1841.0 5.0
18228.0 1870.0 5.0
18244.0 1871.0 5.0
18278.0 1870.0 5.0
18334.0 1880.0 5.0
18385.0 1883.0 5.0
18515.0 1895.0 5.0
18580.0 1899.0 5.0
18855.0 1934.0 5.0
19098.0 1953.0 5.0
19137.0 1956.0 5.0
19144.0 1960.0 5.0
19231.0 1971.0 5.0
19277.0 1976.0 5.0
19280.0 1972.0 5.0
19647.0 2008.0 5.0
19648.0 2007.0 5.0
19649.0 2014.0 5.0
19672.0 2009.0 5.0
19695.0 2014.0 5.0
19767.0 2024.0 5.0
19787.0 2025.0 5.0
19800.0 2033.0 5.0
19854.0 2036.0 5.0
19924.0 2041.0 5.0
19941.0 2047.0 5.0
19943.0 2043.0 5.0
19944.0 2042.0 5.0
19953.0 2036.0 5.0
19956.0 2039.0 5.0
20001.0 2049.0 5.0
20225.0 2072.0 5.0
20389.0 2089.0 5.0
20413.0 2094.0 5.0
20628.0 2112.0 5.0
20725.0 2121.0 5.0
20946.0 2142.0 5.0
21185.0 2180.0 5.0
21372.0 2184.0 5.0
21374.0 2181.0 5.0
21430.0 2193.0 5.0
21753.0 2221.0 5.0
21995.0 2255.0 5.0
22089.0 2259.0 5.0
22206.0 2272.0 5.0
22322.0 2285.0 5.0
22951.0 2349.0 5.0
22964.0 2349.0 5.0
22970.0 2349.0 5.0
23033.0 2360.0 5.0
23126.0 2370.0 5.0
23461.0 2400.0 5.0
23623.0 2421.0 5.0
23712.0 2420.0 5.0
23841.0 2444.0 5.0
24375.0 2502.0 5.0
24775.0 2535.0 5.0
26051.0 2678.0 5.0
