rev4
2.8009892E7 2867418.0 5.0
2.8773011E7 2945479.0 5.0
2.8820364E7 2950002.0 5.0
2.8891424E7 2957629.0 5.0
2.8937024E7 2962056.0 5.0
2.9068584E7 2975487.0 5.0
2.9423624E7 3012082.0 5.0
2.9540274E7 3023903.0 5.0
2.967616E7 3037797.0 5.0
2.9738308E7 3044262.0 5.0
2.9892673E7 3059791.0 5.0
3.0019084E7 3072984.0 5.0
3.0048935E7 3075785.0 5.0
3.0150403E7 3086415.0 5.0
3.024831E7 3096433.0 5.0
3.0344758E7 3106333.0 5.0
3.0499319E7 3122044.0 5.0
3.0506352E7 3122492.0 5.0
3.0522391E7 3124792.0 5.0
3.0552242E7 3127693.0 5.0
3.0566499E7 3128901.0 5.0
3.0567385E7 3128945.0 5.0
3.0576309E7 3130195.0 5.0
3.0587669E7 3131064.0 5.0
3.063735E7 3136588.0 5.0
3.0688655E7 3141345.0 5.0
3.0707213E7 3143625.0 5.0
3.0717708E7 3144467.0 5.0
3.0727109E7 3145164.0 5.0
3.0787983E7 3151449.0 5.0
3.084746E7 3157794.0 5.0
3.086843E7 3160026.0 5.0
3.0894629E7 3162782.0 5.0
3.1143402E7 3188118.0 5.0
3.1158584E7 3189431.0 5.0
3.1214182E7 3195178.0 5.0
3.1239689E7 3197864.0 5.0
3.1296134E7 3203680.0 5.0
3.1436663E7 3218066.0 5.0
3.1492107E7 3223778.0 5.0
3.1503954E7 3224793.0 5.0
3.1515941E7 3226006.0 5.0
3.1638124E7 3238622.0 5.0
3.1646939E7 3239839.0 5.0
3.1657002E7 3240493.0 5.0
3.1811379E7 3256569.0 5.0
3.1863773E7 3261680.0 5.0
3.1875988E7 3263286.0 5.0
3.1936683E7 3269056.0 5.0
3.1958105E7 3271438.0 5.0
3.1968921E7 3272306.0 5.0
3.1975741E7 3272940.0 5.0
3.2076424E7 3283437.0 5.0
3.2100882E7 3286170.0 5.0
3.2236084E7 3300055.0 5.0
3.2452219E7 3322053.0 5.0
3.2465057E7 3323216.0 5.0
3.2484646E7 3324976.0 5.0
3.2516943E7 3328671.0 5.0
3.253228E7 3330409.0 5.0
3.2605774E7 3338297.0 5.0
3.2633058E7 3340667.0 5.0
3.2641512E7 3341688.0 5.0
3.2801683E7 3357681.0 5.0
3.2900434E7 3367878.0 5.0
3.2961311E7 3374197.0 5.0
3.2997558E7 3377932.0 5.0
3.3008605E7 3378881.0 5.0
3.3025124E7 3380762.0 5.0
3.3075388E7 3385892.0 5.0
3.3248652E7 3403723.0 5.0
3.3294724E7 3408235.0 5.0
3.3382258E7 3416792.0 5.0
3.3626553E7 3442272.0 5.0
3.3680084E7 3448099.0 5.0
3.3743099E7 3454158.0 5.0
3.3793497E7 3459226.0 5.0
3.3810382E7 3460929.0 5.0
3.3905429E7 3470687.0 5.0
3.3949707E7 3475068.0 5.0
3.3954998E7 3475714.0 5.0
3.4001846E7 3480530.0 5.0
3.4008194E7 3481191.0 5.0
3.4023437E7 3482635.0 5.0
3.4050535E7 3485522.0 5.0
3.4272746E7 3508129.0 5.0
3.4371067E7 3518642.0 5.0
3.4423667E7 3524009.0 5.0
3.4493301E7 3530857.0 5.0
3.4505842E7 3532156.0 5.0
3.4705809E7 3552574.0 5.0
3.5237205E7 3607359.0 5.0
3.5468598E7 3630902.0 5.0
3.557628E7 3641680.0 5.0
3.5894162E7 3674220.0 5.0
3.6275392E7 3713144.0 5.0
3.6789669E7 3765835.0 5.0
3.774003E7 3863437.0 5.0
3.9351977E7 4028430.0 5.0
4.031256E7 4126407.0 5.0
