rev4
682002.0 69799.0 5.0
688290.0 70499.0 5.0
702956.0 72001.0 5.0
705072.0 72145.0 5.0
705161.0 72199.0 5.0
707722.0 72431.0 5.0
709431.0 72611.0 5.0
711621.0 72828.0 5.0
713282.0 73018.0 5.0
716101.0 73275.0 5.0
723731.0 74087.0 5.0
724965.0 74211.0 5.0
727374.0 74515.0 5.0
728723.0 74557.0 5.0
730826.0 74824.0 5.0
731916.0 74958.0 5.0
734677.0 75213.0 5.0
734909.0 75265.0 5.0
736219.0 75346.0 5.0
737503.0 75441.0 5.0
739129.0 75642.0 5.0
739463.0 75710.0 5.0
743806.0 76130.0 5.0
749712.0 76758.0 5.0
751877.0 76987.0 5.0
755651.0 77358.0 5.0
757300.0 77554.0 5.0
759710.0 77786.0 5.0
761380.0 77951.0 5.0
762101.0 78004.0 5.0
762343.0 78006.0 5.0
762587.0 78072.0 5.0
763925.0 78240.0 5.0
764332.0 78270.0 5.0
765326.0 78338.0 5.0
765392.0 78360.0 5.0
765783.0 78408.0 5.0
767483.0 78558.0 5.0
768000.0 78588.0 5.0
768025.0 78651.0 5.0
768859.0 78656.0 5.0
769241.0 78748.0 5.0
769524.0 78727.0 5.0
771592.0 79008.0 5.0
771730.0 79008.0 5.0
771767.0 79050.0 5.0
772023.0 79021.0 5.0
776867.0 79520.0 5.0
777132.0 79526.0 5.0
777941.0 79625.0 5.0
778934.0 79713.0 5.0
782160.0 80028.0 5.0
782519.0 80088.0 5.0
782571.0 80166.0 5.0
784377.0 80297.0 5.0
785591.0 80426.0 5.0
786832.0 80562.0 5.0
792264.0 81102.0 5.0
793065.0 81206.0 5.0
794160.0 81320.0 5.0
795067.0 81400.0 5.0
803001.0 82235.0 5.0
804269.0 82350.0 5.0
811121.0 83036.0 5.0
812764.0 83218.0 5.0
814783.0 83447.0 5.0
819426.0 83920.0 5.0
819781.0 83945.0 5.0
822334.0 84189.0 5.0
822676.0 84273.0 5.0
824072.0 84360.0 5.0
824536.0 84422.0 5.0
825970.0 84566.0 5.0
829516.0 84863.0 5.0
829614.0 84882.0 5.0
830592.0 85040.0 5.0
836028.0 85544.0 5.0
837586.0 85783.0 5.0
838758.0 85846.0 5.0
840328.0 86024.0 5.0
844126.0 86412.0 5.0
844663.0 86470.0 5.0
850743.0 87100.0 5.0
854606.0 87446.0 5.0
863585.0 88401.0 5.0
863922.0 88461.0 5.0
873337.0 89390.0 5.0
873614.0 89413.0 5.0
890282.0 91180.0 5.0
890986.0 91251.0 5.0
893997.0 91519.0 5.0
895639.0 91698.0 5.0
898892.0 91948.0 5.0
918629.0 94021.0 5.0
919962.0 94225.0 5.0
923272.0 94503.0 5.0
934275.0 95648.0 5.0
941039.0 96333.0 5.0
971318.0 99416.0 5.0
1048144.0 107343.0 5.0
