rev4
2.51921709E8 2.5788933E7 5.0
2.60787646E8 2.6695973E7 5.0
2.61061911E8 2.6724237E7 5.0
2.65514799E8 2.7179103E7 5.0
2.67074994E8 2.733885E7 5.0
2.68179542E8 2.7452206E7 5.0
2.68510325E8 2.7486294E7 5.0
2.69864657E8 2.7625104E7 5.0
2.70011572E8 2.7640593E7 5.0
2.70944469E8 2.7734382E7 5.0
2.71301499E8 2.7772035E7 5.0
2.7160012E8 2.7803014E7 5.0
2.72389157E8 2.7883641E7 5.0
2.72524832E8 2.7897654E7 5.0
2.73393185E8 2.7985934E7 5.0
2.73637545E8 2.8010448E7 5.0
2.73716268E8 2.8018926E7 5.0
2.73879608E8 2.8034649E7 5.0
2.74133743E8 2.8062833E7 5.0
2.74213484E8 2.806951E7 5.0
2.74220627E8 2.8071341E7 5.0
2.74309628E8 2.8079871E7 5.0
2.74578409E8 2.8106859E7 5.0
2.75217376E8 2.8173683E7 5.0
2.75822851E8 2.8235213E7 5.0
2.75880755E8 2.8240302E7 5.0
2.76672031E8 2.8322026E7 5.0
2.76925737E8 2.8348583E7 5.0
2.77039593E8 2.8359486E7 5.0
2.77260948E8 2.8381852E7 5.0
2.77917135E8 2.8449714E7 5.0
2.77946499E8 2.8452054E7 5.0
2.78949133E8 2.8555553E7 5.0
2.79250192E8 2.8585714E7 5.0
2.80657742E8 2.8729822E7 5.0
2.81137529E8 2.8779789E7 5.0
2.83111571E8 2.898181E7 5.0
2.83169125E8 2.8987294E7 5.0
2.83175915E8 2.898777E7 5.0
2.83627858E8 2.9034026E7 5.0
2.83810198E8 2.9052423E7 5.0
2.85037862E8 2.9178244E7 5.0
2.86490927E8 2.932744E7 5.0
2.8657094E8 2.9335102E7 5.0
2.86683175E8 2.9346797E7 5.0
2.8676963E8 2.9355385E7 5.0
2.86965416E8 2.9374955E7 5.0
2.8698499E8 2.9378002E7 5.0
2.87205368E8 2.940033E7 5.0
2.87223605E8 2.9401254E7 5.0
2.87290795E8 2.9409297E7 5.0
2.87599944E8 2.9440372E7 5.0
2.87676356E8 2.9448777E7 5.0
2.89160647E8 2.959977E7 5.0
2.89953153E8 2.968095E7 5.0
2.90193521E8 2.9707039E7 5.0
2.91333608E8 2.9823556E7 5.0
2.91472808E8 2.9836979E7 5.0
2.91749699E8 2.9866057E7 5.0
2.91749926E8 2.9864547E7 5.0
2.92243965E8 2.9916005E7 5.0
2.92346271E8 2.9926541E7 5.0
2.93320732E8 3.0026962E7 5.0
2.93488799E8 3.004374E7 5.0
2.93495134E8 3.0043689E7 5.0
2.94138456E8 3.0109533E7 5.0
2.94966609E8 3.0194081E7 5.0
2.9506592E8 3.0204937E7 5.0
2.95214388E8 3.0220126E7 5.0
2.95687387E8 3.0268327E7 5.0
2.96046139E8 3.0305118E7 5.0
2.96099078E8 3.0312088E7 5.0
2.96503739E8 3.0351843E7 5.0
2.97356215E8 3.043935E7 5.0
2.98729921E8 3.057928E7 5.0
2.98943905E8 3.0602052E7 5.0
2.99640628E8 3.0672596E7 5.0
2.99813611E8 3.0690724E7 5.0
3.02106865E8 3.092493E7 5.0
3.02538543E8 3.0970254E7 5.0
3.04355279E8 3.1155583E7 5.0
3.04842251E8 3.1205497E7 5.0
3.06241965E8 3.1349256E7 5.0
3.08221444E8 3.1551548E7 5.0
3.10438926E8 3.1778575E7 5.0
3.1091923E8 3.1827742E7 5.0
3.10973674E8 3.1833886E7 5.0
3.11483686E8 3.1885111E7 5.0
3.12901663E8 3.2031538E7 5.0
3.13553993E8 3.209729E7 5.0
3.13919671E8 3.2135344E7 5.0
3.14221146E8 3.2166037E7 5.0
3.21023143E8 3.2862144E7 5.0
3.21214917E8 3.2881644E7 5.0
3.25000894E8 3.3268562E7 5.0
3.25845707E8 3.3356322E7 5.0
3.31902959E8 3.3975705E7 5.0
3.33014226E8 3.4089043E7 5.0
3.34983403E8 3.4291823E7 5.0
3.69872179E8 3.7862379E7 5.0
