rev4
617.0 64.0 5.0
626.0 64.0 5.0
628.0 66.0 5.0
631.0 65.0 5.0
638.0 66.0 5.0
639.0 68.0 5.0
643.0 67.0 5.0
644.0 66.0 5.0
657.0 67.0 5.0
673.0 69.0 5.0
681.0 71.0 5.0
685.0 71.0 5.0
688.0 72.0 5.0
701.0 73.0 5.0
708.0 73.0 5.0
714.0 73.0 5.0
714.0 74.0 5.0
716.0 74.0 5.0
717.0 74.0 5.0
719.0 75.0 5.0
725.0 75.0 5.0
729.0 76.0 5.0
743.0 77.0 5.0
749.0 79.0 5.0
755.0 78.0 5.0
757.0 79.0 5.0
758.0 80.0 5.0
759.0 81.0 5.0
766.0 80.0 5.0
766.0 78.0 5.0
773.0 81.0 5.0
780.0 79.0 5.0
782.0 81.0 5.0
786.0 82.0 5.0
789.0 81.0 5.0
791.0 80.0 5.0
792.0 83.0 5.0
795.0 83.0 5.0
797.0 82.0 5.0
800.0 82.0 5.0
802.0 84.0 5.0
808.0 83.0 5.0
813.0 85.0 5.0
821.0 86.0 5.0
831.0 85.0 5.0
832.0 86.0 5.0
834.0 87.0 5.0
835.0 86.0 5.0
836.0 85.0 5.0
840.0 86.0 5.0
840.0 86.0 5.0
841.0 86.0 5.0
843.0 86.0 5.0
848.0 88.0 5.0
849.0 87.0 5.0
849.0 87.0 5.0
850.0 88.0 5.0
851.0 87.0 5.0
854.0 91.0 5.0
854.0 88.0 5.0
859.0 90.0 5.0
863.0 89.0 5.0
873.0 91.0 5.0
876.0 91.0 5.0
877.0 89.0 5.0
878.0 91.0 5.0
887.0 91.0 5.0
887.0 92.0 5.0
888.0 93.0 5.0
888.0 92.0 5.0
890.0 91.0 5.0
890.0 92.0 5.0
892.0 92.0 5.0
907.0 92.0 5.0
919.0 95.0 5.0
922.0 97.0 5.0
922.0 94.0 5.0
930.0 96.0 5.0
934.0 95.0 5.0
936.0 96.0 5.0
943.0 99.0 5.0
958.0 98.0 5.0
965.0 98.0 5.0
967.0 100.0 5.0
974.0 100.0 5.0
990.0 103.0 5.0
990.0 102.0 5.0
992.0 101.0 5.0
1011.0 104.0 5.0
1013.0 104.0 5.0
1049.0 106.0 5.0
1069.0 110.0 5.0
1072.0 112.0 5.0
1081.0 111.0 5.0
1086.0 111.0 5.0
1108.0 115.0 5.0
1115.0 115.0 5.0
1185.0 122.0 5.0
1240.0 128.0 5.0
1377.0 140.0 5.0
