rev4
2987837.0 305888.0 5.0
3103911.0 317765.0 5.0
3138608.0 321324.0 5.0
3157519.0 323266.0 5.0
3161872.0 323630.0 5.0
3164110.0 323871.0 5.0
3167108.0 324191.0 5.0
3192179.0 326800.0 5.0
3192503.0 326812.0 5.0
3203890.0 327916.0 5.0
3208799.0 328533.0 5.0
3224448.0 330092.0 5.0
3232322.0 330800.0 5.0
3246311.0 332355.0 5.0
3246839.0 332358.0 5.0
3253600.0 333091.0 5.0
3264451.0 334249.0 5.0
3270635.0 334722.0 5.0
3274057.0 335111.0 5.0
3283919.0 336120.0 5.0
3285104.0 336246.0 5.0
3294685.0 337315.0 5.0
3320222.0 339790.0 5.0
3325897.0 340475.0 5.0
3327788.0 340639.0 5.0
3336881.0 341589.0 5.0
3342981.0 342186.0 5.0
3358096.0 343759.0 5.0
3369848.0 345004.0 5.0
3376779.0 345615.0 5.0
3395661.0 347603.0 5.0
3401424.0 348177.0 5.0
3406702.0 348771.0 5.0
3409015.0 348861.0 5.0
3415002.0 349581.0 5.0
3435569.0 351637.0 5.0
3435679.0 351773.0 5.0
3438495.0 351940.0 5.0
3452469.0 353386.0 5.0
3452659.0 353373.0 5.0
3456414.0 353789.0 5.0
3462526.0 354404.0 5.0
3463543.0 354511.0 5.0
3483775.0 356547.0 5.0
3484891.0 356711.0 5.0
3485027.0 356753.0 5.0
3485761.0 356774.0 5.0
3490366.0 357316.0 5.0
3491964.0 357518.0 5.0
3492050.0 357523.0 5.0
3493272.0 357658.0 5.0
3495354.0 357783.0 5.0
3497971.0 358185.0 5.0
3505829.0 358824.0 5.0
3508886.0 359261.0 5.0
3517373.0 360095.0 5.0
3520737.0 360420.0 5.0
3555892.0 363970.0 5.0
3569236.0 365246.0 5.0
3574201.0 365908.0 5.0
3575553.0 365967.0 5.0
3582239.0 366729.0 5.0
3587403.0 367215.0 5.0
3594517.0 367919.0 5.0
3600772.0 368643.0 5.0
3605774.0 369117.0 5.0
3632207.0 371839.0 5.0
3636201.0 372192.0 5.0
3648349.0 373401.0 5.0
3657705.0 374375.0 5.0
3674043.0 376082.0 5.0
3685108.0 377140.0 5.0
3685132.0 377188.0 5.0
3692111.0 377946.0 5.0
3735832.0 382318.0 5.0
3744661.0 383330.0 5.0
3749809.0 383779.0 5.0
3762677.0 385144.0 5.0
3778985.0 386798.0 5.0
3784177.0 387372.0 5.0
3785803.0 387482.0 5.0
3809307.0 389878.0 5.0
3839859.0 393083.0 5.0
3846522.0 393739.0 5.0
3864179.0 395560.0 5.0
3877860.0 396983.0 5.0
3883410.0 397503.0 5.0
3924602.0 401849.0 5.0
3927421.0 402041.0 5.0
3943268.0 403662.0 5.0
3948328.0 404288.0 5.0
4004431.0 409984.0 5.0
4013856.0 410945.0 5.0
4021937.0 411720.0 5.0
4109872.0 420783.0 5.0
4135670.0 423287.0 5.0
4164454.0 426351.0 5.0
4204291.0 430427.0 5.0
4262631.0 436302.0 5.0
4512595.0 461897.0 5.0
