rev4
33413.0 3424.0 5.0
33429.0 3416.0 5.0
33794.0 3460.0 5.0
34008.0 3479.0 5.0
34720.0 3548.0 5.0
34849.0 3560.0 5.0
34906.0 3576.0 5.0
35210.0 3606.0 5.0
35608.0 3644.0 5.0
35722.0 3645.0 5.0
35749.0 3656.0 5.0
35907.0 3673.0 5.0
36045.0 3688.0 5.0
36136.0 3695.0 5.0
36193.0 3710.0 5.0
36239.0 3718.0 5.0
36415.0 3723.0 5.0
36471.0 3729.0 5.0
36539.0 3759.0 5.0
36699.0 3755.0 5.0
36810.0 3771.0 5.0
36869.0 3774.0 5.0
37095.0 3800.0 5.0
37285.0 3816.0 5.0
37464.0 3841.0 5.0
37610.0 3857.0 5.0
37665.0 3860.0 5.0
37711.0 3861.0 5.0
37724.0 3859.0 5.0
37811.0 3861.0 5.0
37831.0 3864.0 5.0
38118.0 3909.0 5.0
38136.0 3913.0 5.0
38188.0 3908.0 5.0
38239.0 3914.0 5.0
38267.0 3919.0 5.0
38594.0 3953.0 5.0
38617.0 3951.0 5.0
38695.0 3960.0 5.0
38741.0 3977.0 5.0
39112.0 4006.0 5.0
39358.0 4033.0 5.0
39515.0 4047.0 5.0
39546.0 4052.0 5.0
39701.0 4071.0 5.0
39870.0 4085.0 5.0
39968.0 4098.0 5.0
40180.0 4110.0 5.0
40357.0 4121.0 5.0
40445.0 4143.0 5.0
40483.0 4150.0 5.0
40487.0 4148.0 5.0
40492.0 4144.0 5.0
40553.0 4159.0 5.0
40608.0 4163.0 5.0
40951.0 4189.0 5.0
41226.0 4216.0 5.0
41346.0 4241.0 5.0
41512.0 4264.0 5.0
41565.0 4261.0 5.0
41566.0 4260.0 5.0
41692.0 4275.0 5.0
41765.0 4276.0 5.0
41777.0 4279.0 5.0
41895.0 4284.0 5.0
42170.0 4315.0 5.0
42195.0 4326.0 5.0
42566.0 4368.0 5.0
42642.0 4354.0 5.0
42908.0 4399.0 5.0
42943.0 4392.0 5.0
43064.0 4400.0 5.0
43066.0 4408.0 5.0
43556.0 4462.0 5.0
43702.0 4474.0 5.0
43706.0 4472.0 5.0
43999.0 4515.0 5.0
44199.0 4523.0 5.0
44202.0 4528.0 5.0
44580.0 4564.0 5.0
44641.0 4572.0 5.0
44833.0 4585.0 5.0
44890.0 4593.0 5.0
45205.0 4623.0 5.0
45328.0 4643.0 5.0
45378.0 4665.0 5.0
45496.0 4667.0 5.0
45733.0 4675.0 5.0
46557.0 4774.0 5.0
46694.0 4780.0 5.0
47509.0 4863.0 5.0
47820.0 4883.0 5.0
47962.0 4908.0 5.0
48420.0 4964.0 5.0
50587.0 5176.0 5.0
51156.0 5228.0 5.0
51552.0 5277.0 5.0
51819.0 5314.0 5.0
54434.0 5569.0 5.0
58073.0 5935.0 5.0
