rev4
1373.0 143.0 5.0
1376.0 141.0 5.0
1404.0 143.0 5.0
1410.0 145.0 5.0
1443.0 148.0 5.0
1470.0 150.0 5.0
1473.0 150.0 5.0
1479.0 152.0 5.0
1485.0 153.0 5.0
1491.0 153.0 5.0
1514.0 154.0 5.0
1525.0 156.0 5.0
1530.0 157.0 5.0
1546.0 160.0 5.0
1553.0 159.0 5.0
1558.0 159.0 5.0
1569.0 161.0 5.0
1580.0 162.0 5.0
1581.0 162.0 5.0
1584.0 165.0 5.0
1588.0 165.0 5.0
1602.0 166.0 5.0
1602.0 167.0 5.0
1604.0 166.0 5.0
1620.0 167.0 5.0
1626.0 167.0 5.0
1632.0 168.0 5.0
1651.0 170.0 5.0
1651.0 170.0 5.0
1654.0 170.0 5.0
1672.0 171.0 5.0
1675.0 174.0 5.0
1685.0 177.0 5.0
1688.0 175.0 5.0
1697.0 174.0 5.0
1703.0 174.0 5.0
1706.0 173.0 5.0
1708.0 176.0 5.0
1710.0 174.0 5.0
1714.0 176.0 5.0
1722.0 177.0 5.0
1722.0 178.0 5.0
1729.0 177.0 5.0
1735.0 179.0 5.0
1740.0 180.0 5.0
1751.0 179.0 5.0
1764.0 182.0 5.0
1764.0 181.0 5.0
1770.0 181.0 5.0
1801.0 186.0 5.0
1806.0 186.0 5.0
1809.0 185.0 5.0
1814.0 185.0 5.0
1817.0 189.0 5.0
1822.0 187.0 5.0
1823.0 190.0 5.0
1844.0 188.0 5.0
1858.0 191.0 5.0
1866.0 192.0 5.0
1874.0 190.0 5.0
1876.0 193.0 5.0
1892.0 193.0 5.0
1897.0 195.0 5.0
1917.0 196.0 5.0
1946.0 203.0 5.0
1994.0 206.0 5.0
2012.0 209.0 5.0
2032.0 208.0 5.0
2040.0 209.0 5.0
2042.0 209.0 5.0
2043.0 210.0 5.0
2044.0 209.0 5.0
2047.0 212.0 5.0
2049.0 211.0 5.0
2075.0 212.0 5.0
2087.0 214.0 5.0
2090.0 213.0 5.0
2092.0 213.0 5.0
2100.0 216.0 5.0
2115.0 218.0 5.0
2146.0 220.0 5.0
2166.0 224.0 5.0
2191.0 225.0 5.0
2215.0 229.0 5.0
2221.0 228.0 5.0
2264.0 232.0 5.0
2267.0 234.0 5.0
2327.0 238.0 5.0
2331.0 241.0 5.0
2347.0 241.0 5.0
2367.0 243.0 5.0
2380.0 244.0 5.0
2381.0 246.0 5.0
2381.0 243.0 5.0
2463.0 253.0 5.0
2511.0 256.0 5.0
2515.0 261.0 5.0
2747.0 280.0 5.0
2857.0 292.0 5.0
2942.0 300.0 5.0
