rev4
16038.0 1634.0 5.0
16417.0 1685.0 5.0
16925.0 1736.0 5.0
17279.0 1771.0 5.0
17499.0 1789.0 5.0
17657.0 1807.0 5.0
17696.0 1815.0 5.0
18170.0 1863.0 5.0
18373.0 1888.0 5.0
18420.0 1886.0 5.0
18429.0 1891.0 5.0
18741.0 1925.0 5.0
18843.0 1933.0 5.0
18855.0 1934.0 5.0
18955.0 1933.0 5.0
18961.0 1939.0 5.0
18978.0 1943.0 5.0
19020.0 1962.0 5.0
19102.0 1954.0 5.0
19118.0 1958.0 5.0
19249.0 1973.0 5.0
19280.0 1967.0 5.0
19406.0 1987.0 5.0
19450.0 1995.0 5.0
19460.0 1994.0 5.0
19750.0 2035.0 5.0
19817.0 2022.0 5.0
19895.0 2038.0 5.0
19911.0 2040.0 5.0
19941.0 2040.0 5.0
19966.0 2044.0 5.0
19985.0 2044.0 5.0
19988.0 2045.0 5.0
20072.0 2055.0 5.0
20137.0 2059.0 5.0
20233.0 2063.0 5.0
20368.0 2081.0 5.0
20427.0 2091.0 5.0
20449.0 2093.0 5.0
20468.0 2090.0 5.0
20537.0 2103.0 5.0
20575.0 2105.0 5.0
20751.0 2121.0 5.0
20924.0 2143.0 5.0
20930.0 2142.0 5.0
20964.0 2150.0 5.0
21002.0 2149.0 5.0
21032.0 2152.0 5.0
21126.0 2169.0 5.0
21162.0 2168.0 5.0
21178.0 2168.0 5.0
21184.0 2171.0 5.0
21200.0 2161.0 5.0
21254.0 2180.0 5.0
21291.0 2180.0 5.0
21308.0 2192.0 5.0
21352.0 2185.0 5.0
21385.0 2194.0 5.0
21515.0 2201.0 5.0
21824.0 2229.0 5.0
21861.0 2243.0 5.0
21945.0 2245.0 5.0
22096.0 2258.0 5.0
22145.0 2265.0 5.0
22388.0 2301.0 5.0
22553.0 2307.0 5.0
22669.0 2330.0 5.0
22673.0 2323.0 5.0
22810.0 2335.0 5.0
22815.0 2339.0 5.0
22877.0 2334.0 5.0
22896.0 2344.0 5.0
22959.0 2350.0 5.0
22980.0 2346.0 5.0
23010.0 2353.0 5.0
23043.0 2356.0 5.0
23080.0 2365.0 5.0
23392.0 2396.0 5.0
23446.0 2399.0 5.0
23501.0 2403.0 5.0
23687.0 2419.0 5.0
23942.0 2448.0 5.0
24039.0 2462.0 5.0
24098.0 2469.0 5.0
24211.0 2481.0 5.0
24251.0 2485.0 5.0
24316.0 2487.0 5.0
24438.0 2503.0 5.0
24929.0 2556.0 5.0
25028.0 2563.0 5.0
25157.0 2575.0 5.0
26000.0 2664.0 5.0
26358.0 2691.0 5.0
27247.0 2794.0 5.0
27662.0 2834.0 5.0
28172.0 2875.0 5.0
29962.0 3069.0 5.0
30396.0 3115.0 5.0
30427.0 3125.0 5.0
31673.0 3249.0 5.0
