rev4
337353.0 34554.0 5.0
345306.0 35323.0 5.0
353101.0 36137.0 5.0
357638.0 36592.0 5.0
363290.0 37199.0 5.0
363619.0 37221.0 5.0
364169.0 37298.0 5.0
365738.0 37425.0 5.0
366803.0 37571.0 5.0
366946.0 37555.0 5.0
367468.0 37627.0 5.0
367672.0 37626.0 5.0
369838.0 37853.0 5.0
370072.0 37877.0 5.0
370147.0 37914.0 5.0
370269.0 37905.0 5.0
370303.0 37901.0 5.0
370676.0 37949.0 5.0
371490.0 38039.0 5.0
371620.0 38037.0 5.0
372300.0 38108.0 5.0
372309.0 38075.0 5.0
372973.0 38199.0 5.0
375127.0 38435.0 5.0
375995.0 38518.0 5.0
376220.0 38523.0 5.0
376820.0 38555.0 5.0
377028.0 38584.0 5.0
378943.0 38765.0 5.0
380822.0 38962.0 5.0
382100.0 39119.0 5.0
382968.0 39182.0 5.0
386803.0 39593.0 5.0
386863.0 39570.0 5.0
387322.0 39631.0 5.0
387853.0 39701.0 5.0
388270.0 39763.0 5.0
388664.0 39780.0 5.0
389118.0 39834.0 5.0
390905.0 40052.0 5.0
391847.0 40104.0 5.0
392050.0 40126.0 5.0
393892.0 40302.0 5.0
395837.0 40503.0 5.0
396375.0 40585.0 5.0
396828.0 40616.0 5.0
397711.0 40711.0 5.0
398111.0 40737.0 5.0
398297.0 40805.0 5.0
399007.0 40844.0 5.0
399118.0 40864.0 5.0
399148.0 40852.0 5.0
399445.0 40888.0 5.0
399834.0 40955.0 5.0
400088.0 40959.0 5.0
402815.0 41195.0 5.0
404254.0 41387.0 5.0
405467.0 41526.0 5.0
405948.0 41586.0 5.0
406244.0 41596.0 5.0
407217.0 41698.0 5.0
410110.0 41977.0 5.0
413074.0 42294.0 5.0
413284.0 42298.0 5.0
413890.0 42384.0 5.0
414712.0 42460.0 5.0
417881.0 42790.0 5.0
420171.0 43035.0 5.0
421413.0 43144.0 5.0
421661.0 43176.0 5.0
422729.0 43258.0 5.0
425341.0 43592.0 5.0
425821.0 43602.0 5.0
427244.0 43759.0 5.0
427698.0 43793.0 5.0
433714.0 44416.0 5.0
433829.0 44387.0 5.0
434101.0 44448.0 5.0
434522.0 44449.0 5.0
435903.0 44612.0 5.0
436405.0 44696.0 5.0
437176.0 44747.0 5.0
442711.0 45354.0 5.0
443595.0 45403.0 5.0
448251.0 45917.0 5.0
449348.0 46012.0 5.0
450707.0 46126.0 5.0
452217.0 46325.0 5.0
459326.0 47030.0 5.0
473861.0 48549.0 5.0
477828.0 48919.0 5.0
481554.0 49297.0 5.0
484341.0 49576.0 5.0
501298.0 51341.0 5.0
513619.0 52579.0 5.0
520151.0 53248.0 5.0
525788.0 53819.0 5.0
540943.0 55330.0 5.0
566280.0 58012.0 5.0
638249.0 65354.0 5.0
