rev4
6760729.0 692218.0 5.0
6844965.0 700692.0 5.0
6876797.0 703938.0 5.0
6967224.0 712916.0 5.0
7009706.0 717587.0 5.0
7081665.0 724807.0 5.0
7102202.0 727080.0 5.0
7108484.0 727599.0 5.0
7135442.0 730302.0 5.0
7152728.0 732197.0 5.0
7161876.0 733117.0 5.0
7165302.0 733526.0 5.0
7188175.0 735852.0 5.0
7232701.0 740440.0 5.0
7274312.0 744689.0 5.0
7286963.0 745945.0 5.0
7304385.0 747732.0 5.0
7305136.0 747716.0 5.0
7310847.0 748443.0 5.0
7353951.0 752849.0 5.0
7366023.0 754001.0 5.0
7390355.0 756575.0 5.0
7409226.0 758540.0 5.0
7428443.0 760405.0 5.0
7430297.0 760645.0 5.0
7446415.0 762117.0 5.0
7474917.0 765195.0 5.0
7495843.0 767323.0 5.0
7509141.0 768625.0 5.0
7518879.0 769632.0 5.0
7522950.0 770079.0 5.0
7554998.0 773478.0 5.0
7562363.0 774316.0 5.0
7562403.0 774209.0 5.0
7575378.0 775453.0 5.0
7580753.0 776085.0 5.0
7580899.0 776034.0 5.0
7588543.0 776919.0 5.0
7594644.0 777390.0 5.0
7603535.0 778405.0 5.0
7607792.0 778650.0 5.0
7612174.0 779295.0 5.0
7620761.0 780148.0 5.0
7628631.0 780866.0 5.0
7687386.0 786901.0 5.0
7690120.0 787071.0 5.0
7701776.0 788473.0 5.0
7704821.0 788624.0 5.0
7711250.0 789335.0 5.0
7727990.0 791000.0 5.0
7734150.0 791632.0 5.0
7738461.0 792094.0 5.0
7749621.0 793203.0 5.0
7819143.0 800373.0 5.0
7830173.0 801419.0 5.0
7834346.0 801985.0 5.0
7847604.0 803364.0 5.0
7861221.0 804626.0 5.0
7862158.0 804907.0 5.0
7877023.0 806321.0 5.0
7888067.0 807654.0 5.0
7888437.0 807627.0 5.0
7892062.0 807786.0 5.0
7932432.0 812040.0 5.0
7942401.0 812855.0 5.0
7950891.0 813962.0 5.0
7957314.0 814571.0 5.0
7959311.0 814677.0 5.0
7972437.0 816123.0 5.0
7991102.0 817870.0 5.0
8031767.0 822186.0 5.0
8035643.0 822706.0 5.0
8040198.0 823053.0 5.0
8043768.0 823398.0 5.0
8058535.0 824783.0 5.0
8113834.0 830405.0 5.0
8122259.0 831357.0 5.0
8123669.0 831420.0 5.0
8175546.0 836821.0 5.0
8208515.0 840453.0 5.0
8209933.0 840635.0 5.0
8218578.0 841438.0 5.0
8239782.0 843430.0 5.0
8246578.0 844159.0 5.0
8303730.0 850130.0 5.0
8338455.0 853610.0 5.0
8354801.0 855315.0 5.0
8367466.0 856501.0 5.0
8514100.0 871624.0 5.0
8520848.0 872255.0 5.0
8537508.0 873979.0 5.0
8544505.0 874848.0 5.0
8546131.0 874945.0 5.0
8620257.0 882475.0 5.0
8688809.0 889508.0 5.0
8862314.0 907101.0 5.0
9368122.0 959034.0 5.0
9623252.0 984953.0 5.0
1.1319836E7 1158688.0 5.0
1.145561E7 1172757.0 5.0
