rev4
735349.0 75250.0 5.0
736215.0 75360.0 5.0
738779.0 75577.0 5.0
743764.0 76145.0 5.0
748232.0 76555.0 5.0
750903.0 76918.0 5.0
752016.0 76974.0 5.0
759505.0 77726.0 5.0
765719.0 78361.0 5.0
765751.0 78341.0 5.0
768974.0 78687.0 5.0
769135.0 78779.0 5.0
773904.0 79190.0 5.0
777007.0 79565.0 5.0
782357.0 80065.0 5.0
782768.0 80084.0 5.0
784244.0 80278.0 5.0
785610.0 80416.0 5.0
787913.0 80616.0 5.0
790815.0 80950.0 5.0
791326.0 80969.0 5.0
796987.0 81543.0 5.0
797117.0 81563.0 5.0
801639.0 82059.0 5.0
802579.0 82131.0 5.0
802693.0 82182.0 5.0
806344.0 82544.0 5.0
806568.0 82515.0 5.0
808412.0 82732.0 5.0
808930.0 82834.0 5.0
809805.0 82879.0 5.0
811152.0 83061.0 5.0
811705.0 83094.0 5.0
812244.0 83199.0 5.0
814184.0 83324.0 5.0
816693.0 83554.0 5.0
820835.0 84052.0 5.0
822912.0 84216.0 5.0
824198.0 84395.0 5.0
826884.0 84631.0 5.0
827044.0 84673.0 5.0
827240.0 84711.0 5.0
828634.0 84870.0 5.0
829584.0 84885.0 5.0
834970.0 85439.0 5.0
835405.0 85495.0 5.0
836858.0 85659.0 5.0
836915.0 85669.0 5.0
836989.0 85645.0 5.0
837129.0 85663.0 5.0
837710.0 85766.0 5.0
838413.0 85818.0 5.0
840080.0 85988.0 5.0
845957.0 86542.0 5.0
846883.0 86663.0 5.0
847785.0 86853.0 5.0
850045.0 87023.0 5.0
855360.0 87585.0 5.0
856788.0 87699.0 5.0
857357.0 87778.0 5.0
857759.0 87808.0 5.0
858805.0 87873.0 5.0
859052.0 87943.0 5.0
859142.0 87970.0 5.0
859598.0 87971.0 5.0
861668.0 88243.0 5.0
861769.0 88173.0 5.0
873002.0 89331.0 5.0
874023.0 89520.0 5.0
876185.0 89712.0 5.0
876921.0 89833.0 5.0
883145.0 90427.0 5.0
886524.0 90788.0 5.0
893575.0 91482.0 5.0
894830.0 91568.0 5.0
897917.0 91946.0 5.0
899578.0 92053.0 5.0
899609.0 92040.0 5.0
904310.0 92561.0 5.0
904734.0 92585.0 5.0
908478.0 92995.0 5.0
910478.0 93204.0 5.0
911834.0 93310.0 5.0
914135.0 93568.0 5.0
915439.0 93660.0 5.0
915789.0 93745.0 5.0
919481.0 94125.0 5.0
920989.0 94328.0 5.0
921043.0 94285.0 5.0
926045.0 94773.0 5.0
937110.0 95907.0 5.0
940326.0 96270.0 5.0
962585.0 98543.0 5.0
964227.0 98720.0 5.0
986440.0 100986.0 5.0
999132.0 102297.0 5.0
1023677.0 104772.0 5.0
1071432.0 109670.0 5.0
1151423.0 117841.0 5.0
1172984.0 120076.0 5.0
