rev4
36364.0 3719.0 5.0
36380.0 3719.0 5.0
37019.0 3790.0 5.0
37769.0 3863.0 5.0
38062.0 3897.0 5.0
38503.0 3937.0 5.0
39347.0 4030.0 5.0
39432.0 4035.0 5.0
39447.0 4045.0 5.0
39787.0 4073.0 5.0
39877.0 4075.0 5.0
39994.0 4097.0 5.0
40091.0 4104.0 5.0
40164.0 4109.0 5.0
40256.0 4127.0 5.0
40418.0 4135.0 5.0
40418.0 4129.0 5.0
40473.0 4141.0 5.0
40489.0 4149.0 5.0
40573.0 4152.0 5.0
40659.0 4154.0 5.0
41136.0 4216.0 5.0
41140.0 4211.0 5.0
41316.0 4224.0 5.0
41326.0 4225.0 5.0
41390.0 4240.0 5.0
41408.0 4232.0 5.0
41459.0 4249.0 5.0
41476.0 4241.0 5.0
41677.0 4265.0 5.0
41925.0 4302.0 5.0
42006.0 4306.0 5.0
42163.0 4310.0 5.0
42227.0 4319.0 5.0
42247.0 4314.0 5.0
42259.0 4339.0 5.0
42438.0 4347.0 5.0
42441.0 4342.0 5.0
42541.0 4349.0 5.0
42574.0 4367.0 5.0
42627.0 4357.0 5.0
42891.0 4388.0 5.0
43001.0 4403.0 5.0
43055.0 4411.0 5.0
43079.0 4407.0 5.0
43246.0 4443.0 5.0
43337.0 4432.0 5.0
43515.0 4453.0 5.0
43668.0 4473.0 5.0
43701.0 4474.0 5.0
44008.0 4511.0 5.0
44057.0 4503.0 5.0
44063.0 4518.0 5.0
44352.0 4544.0 5.0
44376.0 4536.0 5.0
44647.0 4579.0 5.0
44863.0 4586.0 5.0
45478.0 4650.0 5.0
45920.0 4706.0 5.0
45943.0 4702.0 5.0
46021.0 4713.0 5.0
46213.0 4746.0 5.0
46354.0 4730.0 5.0
46798.0 4788.0 5.0
46994.0 4807.0 5.0
47125.0 4824.0 5.0
47154.0 4827.0 5.0
47179.0 4832.0 5.0
47188.0 4837.0 5.0
47294.0 4848.0 5.0
47443.0 4851.0 5.0
47926.0 4903.0 5.0
48155.0 4930.0 5.0
48599.0 4972.0 5.0
49188.0 5033.0 5.0
49298.0 5042.0 5.0
49308.0 5051.0 5.0
51016.0 5235.0 5.0
51098.0 5219.0 5.0
51217.0 5240.0 5.0
51378.0 5267.0 5.0
52100.0 5345.0 5.0
52138.0 5339.0 5.0
52300.0 5355.0 5.0
52318.0 5346.0 5.0
52884.0 5407.0 5.0
53070.0 5437.0 5.0
53340.0 5463.0 5.0
53343.0 5457.0 5.0
53864.0 5521.0 5.0
54012.0 5527.0 5.0
54597.0 5588.0 5.0
55935.0 5731.0 5.0
56262.0 5756.0 5.0
57494.0 5876.0 5.0
58464.0 5990.0 5.0
59925.0 6142.0 5.0
59951.0 6147.0 5.0
62540.0 6385.0 5.0
65881.0 6747.0 5.0
