rev4
1523584.0 155995.0 5.0
1524555.0 156028.0 5.0
1533885.0 156982.0 5.0
1543817.0 158040.0 5.0
1544154.0 158090.0 5.0
1549634.0 158676.0 5.0
1563735.0 160096.0 5.0
1572235.0 160957.0 5.0
1589261.0 162687.0 5.0
1592084.0 163026.0 5.0
1593850.0 163119.0 5.0
1604867.0 164225.0 5.0
1605307.0 164336.0 5.0
1610103.0 164825.0 5.0
1621742.0 166005.0 5.0
1626050.0 166514.0 5.0
1642307.0 168127.0 5.0
1647934.0 168649.0 5.0
1648424.0 168712.0 5.0
1652863.0 169172.0 5.0
1653174.0 169280.0 5.0
1654814.0 169361.0 5.0
1660360.0 169970.0 5.0
1662320.0 170125.0 5.0
1663363.0 170353.0 5.0
1669855.0 170853.0 5.0
1673469.0 171341.0 5.0
1675843.0 171601.0 5.0
1680384.0 172065.0 5.0
1684057.0 172436.0 5.0
1684242.0 172449.0 5.0
1690033.0 172984.0 5.0
1692818.0 173247.0 5.0
1693782.0 173384.0 5.0
1695741.0 173573.0 5.0
1701351.0 174208.0 5.0
1705152.0 174550.0 5.0
1710034.0 175046.0 5.0
1714351.0 175479.0 5.0
1719714.0 176024.0 5.0
1724022.0 176475.0 5.0
1724156.0 176489.0 5.0
1726482.0 176732.0 5.0
1727509.0 176836.0 5.0
1731919.0 177307.0 5.0
1738672.0 177973.0 5.0
1738695.0 177969.0 5.0
1743067.0 178437.0 5.0
1746350.0 178758.0 5.0
1748047.0 178875.0 5.0
1748363.0 179047.0 5.0
1750979.0 179230.0 5.0
1754083.0 179556.0 5.0
1759267.0 180042.0 5.0
1763157.0 180494.0 5.0
1769131.0 181111.0 5.0
1769168.0 181096.0 5.0
1770668.0 181251.0 5.0
1774132.0 181567.0 5.0
1776942.0 181912.0 5.0
1786156.0 182929.0 5.0
1787479.0 183054.0 5.0
1790862.0 183361.0 5.0
1803588.0 184661.0 5.0
1813131.0 185598.0 5.0
1821061.0 186412.0 5.0
1822648.0 186570.0 5.0
1828533.0 187182.0 5.0
1831431.0 187497.0 5.0
1833914.0 187722.0 5.0
1834667.0 187860.0 5.0
1836126.0 187961.0 5.0
1846776.0 189067.0 5.0
1853152.0 189627.0 5.0
1862979.0 190776.0 5.0
1865489.0 190909.0 5.0
1865731.0 191074.0 5.0
1879794.0 192427.0 5.0
1880697.0 192583.0 5.0
1883479.0 192806.0 5.0
1884383.0 192880.0 5.0
1897362.0 194195.0 5.0
1900157.0 194524.0 5.0
1907634.0 195258.0 5.0
1911749.0 195658.0 5.0
1913311.0 195875.0 5.0
1964699.0 201184.0 5.0
1995068.0 204221.0 5.0
1997028.0 204466.0 5.0
2015163.0 206226.0 5.0
2035111.0 208297.0 5.0
2036881.0 208516.0 5.0
2045572.0 209443.0 5.0
2055809.0 210479.0 5.0
2068449.0 211735.0 5.0
2076913.0 212626.0 5.0
2098712.0 214864.0 5.0
2174827.0 222616.0 5.0
2315849.0 237033.0 5.0
2351040.0 240630.0 5.0
