rev4
1.3937797E7 1426804.0 5.0
1.4101678E7 1443514.0 5.0
1.4123867E7 1445817.0 5.0
1.4211814E7 1454659.0 5.0
1.4368177E7 1470808.0 5.0
1.4540624E7 1488479.0 5.0
1.4542663E7 1488629.0 5.0
1.4601922E7 1494945.0 5.0
1.4665102E7 1501118.0 5.0
1.4701298E7 1505017.0 5.0
1.4718423E7 1506592.0 5.0
1.4740928E7 1509087.0 5.0
1.4769243E7 1511765.0 5.0
1.478501E7 1513468.0 5.0
1.4793938E7 1514390.0 5.0
1.480297E7 1515115.0 5.0
1.4979974E7 1533489.0 5.0
1.5006943E7 1536213.0 5.0
1.5009528E7 1536385.0 5.0
1.5060934E7 1541723.0 5.0
1.5067056E7 1542325.0 5.0
1.5086964E7 1544360.0 5.0
1.5134323E7 1549195.0 5.0
1.513461E7 1549246.0 5.0
1.5140821E7 1549905.0 5.0
1.5140868E7 1550026.0 5.0
1.5169814E7 1552962.0 5.0
1.5187191E7 1554928.0 5.0
1.5232304E7 1559444.0 5.0
1.5291407E7 1565332.0 5.0
1.5306301E7 1566786.0 5.0
1.5313458E7 1567539.0 5.0
1.5360122E7 1572310.0 5.0
1.5383726E7 1574705.0 5.0
1.5427385E7 1579170.0 5.0
1.5489539E7 1585567.0 5.0
1.5531808E7 1589696.0 5.0
1.5567213E7 1593588.0 5.0
1.5577423E7 1594588.0 5.0
1.5613581E7 1598241.0 5.0
1.5624116E7 1599360.0 5.0
1.5666815E7 1603726.0 5.0
1.5685356E7 1605545.0 5.0
1.5701598E7 1607444.0 5.0
1.570766E7 1607976.0 5.0
1.5718074E7 1609103.0 5.0
1.5813488E7 1618732.0 5.0
1.5883151E7 1625696.0 5.0
1.5918642E7 1629488.0 5.0
1.6022042E7 1640200.0 5.0
1.6034991E7 1641455.0 5.0
1.606044E7 1644188.0 5.0
1.6062658E7 1644482.0 5.0
1.6076201E7 1646071.0 5.0
1.6097703E7 1648064.0 5.0
1.6116106E7 1649599.0 5.0
1.618656E7 1656959.0 5.0
1.6208709E7 1659395.0 5.0
1.6210824E7 1659481.0 5.0
1.626501E7 1664891.0 5.0
1.6313712E7 1670171.0 5.0
1.6316872E7 1670003.0 5.0
1.6354531E7 1674106.0 5.0
1.6359777E7 1674789.0 5.0
1.6495086E7 1688507.0 5.0
1.654171E7 1693361.0 5.0
1.6617315E7 1701023.0 5.0
1.6645827E7 1704114.0 5.0
1.6682943E7 1707765.0 5.0
1.6743305E7 1714069.0 5.0
1.6842514E7 1724078.0 5.0
1.6861107E7 1725949.0 5.0
1.6884532E7 1728549.0 5.0
1.6895471E7 1729339.0 5.0
1.69196E7 1731741.0 5.0
1.6953894E7 1735394.0 5.0
1.7022301E7 1742385.0 5.0
1.7058025E7 1746341.0 5.0
1.709118E7 1749461.0 5.0
1.7276371E7 1768612.0 5.0
1.7280499E7 1768940.0 5.0
1.730876E7 1771859.0 5.0
1.7486655E7 1790018.0 5.0
1.7551581E7 1796670.0 5.0
1.770081E7 1812047.0 5.0
1.7747769E7 1816499.0 5.0
1.7904308E7 1832835.0 5.0
1.7939246E7 1836359.0 5.0
1.79615E7 1838763.0 5.0
1.7985275E7 1841134.0 5.0
1.8160364E7 1859035.0 5.0
1.8368741E7 1880137.0 5.0
1.8382219E7 1881875.0 5.0
1.841935E7 1885462.0 5.0
1.847861E7 1891772.0 5.0
1.8699973E7 1914285.0 5.0
1.8942481E7 1939268.0 5.0
1.9302842E7 1976064.0 5.0
1.934486E7 1980383.0 5.0
2.0815386E7 2130803.0 5.0
