rev4
159303.0 16321.0 5.0
161798.0 16571.0 5.0
163311.0 16704.0 5.0
163586.0 16752.0 5.0
164007.0 16810.0 5.0
164574.0 16871.0 5.0
165304.0 16926.0 5.0
168321.0 17225.0 5.0
169069.0 17311.0 5.0
171475.0 17575.0 5.0
173904.0 17797.0 5.0
174448.0 17867.0 5.0
174841.0 17886.0 5.0
175236.0 17957.0 5.0
175269.0 17939.0 5.0
175569.0 17960.0 5.0
175934.0 18014.0 5.0
175974.0 18022.0 5.0
176054.0 17999.0 5.0
176425.0 18071.0 5.0
177026.0 18100.0 5.0
177082.0 18124.0 5.0
177526.0 18167.0 5.0
177801.0 18212.0 5.0
177845.0 18196.0 5.0
178159.0 18243.0 5.0
178272.0 18232.0 5.0
179498.0 18365.0 5.0
179751.0 18408.0 5.0
180784.0 18508.0 5.0
181438.0 18564.0 5.0
182307.0 18654.0 5.0
182684.0 18705.0 5.0
182826.0 18722.0 5.0
182885.0 18721.0 5.0
182894.0 18722.0 5.0
183145.0 18744.0 5.0
183921.0 18822.0 5.0
184524.0 18896.0 5.0
184787.0 18933.0 5.0
185963.0 19035.0 5.0
186293.0 19088.0 5.0
186807.0 19132.0 5.0
187736.0 19191.0 5.0
187824.0 19221.0 5.0
188921.0 19327.0 5.0
189022.0 19356.0 5.0
189198.0 19379.0 5.0
189278.0 19396.0 5.0
189940.0 19442.0 5.0
190640.0 19529.0 5.0
191076.0 19537.0 5.0
192248.0 19669.0 5.0
192465.0 19704.0 5.0
192824.0 19720.0 5.0
192908.0 19734.0 5.0
193289.0 19784.0 5.0
193438.0 19789.0 5.0
193850.0 19853.0 5.0
194256.0 19897.0 5.0
195334.0 19991.0 5.0
195476.0 20000.0 5.0
196131.0 20086.0 5.0
197939.0 20265.0 5.0
198216.0 20273.0 5.0
198346.0 20303.0 5.0
198592.0 20332.0 5.0
198813.0 20344.0 5.0
199169.0 20386.0 5.0
199427.0 20413.0 5.0
200507.0 20542.0 5.0
200548.0 20546.0 5.0
201714.0 20631.0 5.0
202328.0 20703.0 5.0
202536.0 20733.0 5.0
203420.0 20846.0 5.0
203983.0 20878.0 5.0
205442.0 21026.0 5.0
205655.0 21050.0 5.0
207230.0 21207.0 5.0
207390.0 21216.0 5.0
207410.0 21255.0 5.0
207682.0 21248.0 5.0
208040.0 21300.0 5.0
208120.0 21303.0 5.0
208199.0 21299.0 5.0
208262.0 21308.0 5.0
209329.0 21458.0 5.0
210071.0 21515.0 5.0
210433.0 21545.0 5.0
210992.0 21608.0 5.0
211042.0 21593.0 5.0
212251.0 21749.0 5.0
214985.0 22010.0 5.0
215545.0 22036.0 5.0
216412.0 22152.0 5.0
234823.0 24054.0 5.0
236836.0 24226.0 5.0
246056.0 25202.0 5.0
270048.0 27626.0 5.0
