rev2
28729.0 799.0 18.0
28909.0 804.0 18.0
29053.0 808.0 18.0
29125.0 810.0 18.0
29233.0 813.0 18.0
29269.0 814.0 18.0
29485.0 820.0 18.0
29485.0 820.0 18.0
29485.0 820.0 18.0
29629.0 824.0 18.0
29629.0 824.0 18.0
29701.0 826.0 18.0
29701.0 826.0 18.0
29845.0 830.0 18.0
29845.0 830.0 18.0
29881.0 831.0 18.0
30205.0 840.0 18.0
30205.0 840.0 18.0
30277.0 842.0 18.0
30277.0 842.0 18.0
30313.0 843.0 18.0
30313.0 843.0 18.0
30313.0 843.0 18.0
30349.0 844.0 18.0
30349.0 844.0 18.0
30385.0 845.0 18.0
30385.0 845.0 18.0
30421.0 846.0 18.0
30493.0 848.0 18.0
30601.0 851.0 18.0
30637.0 852.0 18.0
30637.0 852.0 18.0
30637.0 852.0 18.0
30673.0 853.0 18.0
30709.0 854.0 18.0
30745.0 855.0 18.0
30745.0 855.0 18.0
30745.0 855.0 18.0
30745.0 855.0 18.0
30817.0 857.0 18.0
30853.0 858.0 18.0
30961.0 861.0 18.0
30997.0 862.0 18.0
31069.0 864.0 18.0
31069.0 864.0 18.0
31141.0 866.0 18.0
31285.0 870.0 18.0
31285.0 870.0 18.0
31357.0 872.0 18.0
31429.0 874.0 18.0
31429.0 874.0 18.0
31429.0 874.0 18.0
31429.0 874.0 18.0
31465.0 875.0 18.0
31465.0 875.0 18.0
31465.0 875.0 18.0
31537.0 877.0 18.0
31537.0 877.0 18.0
31537.0 877.0 18.0
31573.0 878.0 18.0
31645.0 880.0 18.0
31645.0 880.0 18.0
31717.0 882.0 18.0
31825.0 885.0 18.0
31825.0 885.0 18.0
31861.0 886.0 18.0
31933.0 888.0 18.0
31969.0 889.0 18.0
32005.0 890.0 18.0
32005.0 890.0 18.0
32077.0 892.0 18.0
32113.0 893.0 18.0
32149.0 894.0 18.0
32185.0 895.0 18.0
32293.0 898.0 18.0
32293.0 898.0 18.0
32329.0 899.0 18.0
32365.0 900.0 18.0
32401.0 901.0 18.0
32401.0 901.0 18.0
32437.0 902.0 18.0
32473.0 903.0 18.0
32473.0 903.0 18.0
32617.0 907.0 18.0
32617.0 907.0 18.0
32653.0 908.0 18.0
32689.0 909.0 18.0
32725.0 910.0 18.0
32869.0 914.0 18.0
32941.0 916.0 18.0
32977.0 917.0 18.0
33085.0 920.0 18.0
33157.0 922.0 18.0
33265.0 925.0 18.0
33481.0 931.0 18.0
33481.0 931.0 18.0
33697.0 937.0 18.0
34057.0 947.0 18.0
34381.0 956.0 18.0
34813.0 968.0 18.0
