rev2
2086741.0 57966.0 18.0
2092393.0 58123.0 18.0
2107621.0 58546.0 18.0
2107657.0 58547.0 18.0
2108197.0 58562.0 18.0
2116333.0 58788.0 18.0
2117089.0 58809.0 18.0
2117305.0 58815.0 18.0
2120005.0 58890.0 18.0
2122201.0 58951.0 18.0
2123065.0 58975.0 18.0
2124217.0 59007.0 18.0
2125837.0 59052.0 18.0
2128285.0 59120.0 18.0
2130013.0 59168.0 18.0
2131561.0 59211.0 18.0
2136961.0 59361.0 18.0
2137357.0 59372.0 18.0
2139337.0 59427.0 18.0
2139805.0 59440.0 18.0
2140813.0 59468.0 18.0
2141605.0 59490.0 18.0
2146465.0 59625.0 18.0
2146753.0 59633.0 18.0
2146789.0 59634.0 18.0
2146933.0 59638.0 18.0
2147185.0 59645.0 18.0
2148121.0 59671.0 18.0
2148769.0 59689.0 18.0
2149417.0 59707.0 18.0
2149525.0 59710.0 18.0
2152369.0 59789.0 18.0
2152405.0 59790.0 18.0
2152765.0 59800.0 18.0
2152801.0 59801.0 18.0
2154133.0 59838.0 18.0
2155213.0 59868.0 18.0
2157049.0 59919.0 18.0
2157265.0 59925.0 18.0
2161225.0 60035.0 18.0
2163601.0 60101.0 18.0
2165041.0 60141.0 18.0
2165257.0 60147.0 18.0
2170585.0 60295.0 18.0
2170585.0 60295.0 18.0
2172601.0 60351.0 18.0
2173249.0 60369.0 18.0
2176129.0 60449.0 18.0
2176237.0 60452.0 18.0
2176741.0 60466.0 18.0
2178325.0 60510.0 18.0
2178721.0 60521.0 18.0
2179189.0 60534.0 18.0
2180557.0 60572.0 18.0
2182501.0 60626.0 18.0
2185561.0 60711.0 18.0
2186821.0 60746.0 18.0
2187757.0 60772.0 18.0
2189197.0 60812.0 18.0
2190925.0 60860.0 18.0
2191141.0 60866.0 18.0
2192617.0 60907.0 18.0
2194489.0 60959.0 18.0
2194957.0 60972.0 18.0
2196109.0 61004.0 18.0
2196433.0 61013.0 18.0
2196721.0 61021.0 18.0
2198377.0 61067.0 18.0
2204101.0 61226.0 18.0
2205937.0 61277.0 18.0
2207269.0 61314.0 18.0
2209177.0 61367.0 18.0
2209645.0 61380.0 18.0
2211445.0 61430.0 18.0
2221057.0 61697.0 18.0
2221885.0 61720.0 18.0
2222821.0 61746.0 18.0
2224801.0 61801.0 18.0
2225737.0 61827.0 18.0
2226529.0 61849.0 18.0
2228041.0 61891.0 18.0
2229805.0 61940.0 18.0
2233585.0 62045.0 18.0
2237797.0 62162.0 18.0
2241397.0 62262.0 18.0
2241541.0 62266.0 18.0
2243449.0 62319.0 18.0
2244241.0 62341.0 18.0
2255293.0 62648.0 18.0
2260153.0 62783.0 18.0
2271781.0 63106.0 18.0
2275345.0 63205.0 18.0
2287297.0 63537.0 18.0
2289709.0 63604.0 18.0
2289781.0 63606.0 18.0
2317141.0 64366.0 18.0
2320993.0 64473.0 18.0
2323549.0 64544.0 18.0
2324557.0 64572.0 18.0
2326753.0 64633.0 18.0
