rev2
1.7508565E7 486350.0 18.0
1.7600365E7 488900.0 18.0
1.7670961E7 490861.0 18.0
1.7705305E7 491815.0 18.0
1.7796457E7 494347.0 18.0
1.7801785E7 494495.0 18.0
1.7813917E7 494832.0 18.0
1.7829505E7 495265.0 18.0
1.7835697E7 495437.0 18.0
1.7841853E7 495608.0 18.0
1.7846137E7 495727.0 18.0
1.7850385E7 495845.0 18.0
1.7853733E7 495938.0 18.0
1.7854957E7 495972.0 18.0
1.7855785E7 495995.0 18.0
1.7878861E7 496636.0 18.0
1.7882749E7 496744.0 18.0
1.7883757E7 496772.0 18.0
1.7884225E7 496785.0 18.0
1.7888761E7 496911.0 18.0
1.7894485E7 497070.0 18.0
1.7904853E7 497358.0 18.0
1.7918605E7 497740.0 18.0
1.7929981E7 498056.0 18.0
1.7935705E7 498215.0 18.0
1.7937181E7 498256.0 18.0
1.7958097E7 498837.0 18.0
1.7965837E7 499052.0 18.0
1.7980345E7 499455.0 18.0
1.8009109E7 500254.0 18.0
1.8019369E7 500539.0 18.0
1.8024625E7 500685.0 18.0
1.8074773E7 502078.0 18.0
1.8076141E7 502116.0 18.0
1.8078877E7 502192.0 18.0
1.8109909E7 503054.0 18.0
1.8118981E7 503306.0 18.0
1.8145261E7 504036.0 18.0
1.8151273E7 504203.0 18.0
1.8168985E7 504695.0 18.0
1.8170245E7 504730.0 18.0
1.8186445E7 505180.0 18.0
1.8222481E7 506181.0 18.0
1.8237277E7 506592.0 18.0
1.8241885E7 506720.0 18.0
1.8263161E7 507311.0 18.0
1.8265033E7 507363.0 18.0
1.8265465E7 507375.0 18.0
1.8270901E7 507526.0 18.0
1.8295849E7 508219.0 18.0
1.8300169E7 508339.0 18.0
1.8304849E7 508469.0 18.0
1.8309853E7 508608.0 18.0
1.8315577E7 508767.0 18.0
1.8334045E7 509280.0 18.0
1.8336817E7 509357.0 18.0
1.8351793E7 509773.0 18.0
1.8372025E7 510335.0 18.0
1.8376669E7 510464.0 18.0
1.8380557E7 510572.0 18.0
1.8399637E7 511102.0 18.0
1.8409969E7 511389.0 18.0
1.8414865E7 511525.0 18.0
1.8429949E7 511944.0 18.0
1.8436789E7 512134.0 18.0
1.8440425E7 512235.0 18.0
1.8463609E7 512879.0 18.0
1.8463861E7 512886.0 18.0
1.8466669E7 512964.0 18.0
1.8471277E7 513092.0 18.0
1.8476317E7 513232.0 18.0
1.8484597E7 513462.0 18.0
1.8489745E7 513605.0 18.0
1.8513973E7 514278.0 18.0
1.8516565E7 514350.0 18.0
1.8534817E7 514857.0 18.0
1.8566065E7 515725.0 18.0
1.8572797E7 515912.0 18.0
1.8593281E7 516481.0 18.0
1.8619165E7 517200.0 18.0
1.8619921E7 517221.0 18.0
1.8626725E7 517410.0 18.0
1.8658513E7 518293.0 18.0
1.8661537E7 518377.0 18.0
1.8674245E7 518730.0 18.0
1.8682957E7 518972.0 18.0
1.8701821E7 519496.0 18.0
1.8702217E7 519507.0 18.0
1.8790849E7 521969.0 18.0
1.8845641E7 523491.0 18.0
1.8858529E7 523849.0 18.0
1.8878041E7 524391.0 18.0
1.8961993E7 526723.0 18.0
1.9026937E7 528527.0 18.0
1.9031041E7 528641.0 18.0
1.9078561E7 529961.0 18.0
1.9300357E7 536122.0 18.0
1.9458685E7 540520.0 18.0
1.9906741E7 552966.0 18.0
2.0150425E7 559735.0 18.0
