rev2
217.0 7.0 18.0
325.0 10.0 18.0
325.0 10.0 18.0
325.0 10.0 18.0
325.0 10.0 18.0
325.0 10.0 18.0
361.0 11.0 18.0
361.0 11.0 18.0
361.0 11.0 18.0
361.0 11.0 18.0
361.0 11.0 18.0
397.0 12.0 18.0
397.0 12.0 18.0
397.0 12.0 18.0
397.0 12.0 18.0
397.0 12.0 18.0
397.0 12.0 18.0
397.0 12.0 18.0
397.0 12.0 18.0
397.0 12.0 18.0
397.0 12.0 18.0
433.0 13.0 18.0
433.0 13.0 18.0
433.0 13.0 18.0
433.0 13.0 18.0
433.0 13.0 18.0
433.0 13.0 18.0
433.0 13.0 18.0
433.0 13.0 18.0
433.0 13.0 18.0
433.0 13.0 18.0
433.0 13.0 18.0
433.0 13.0 18.0
433.0 13.0 18.0
469.0 14.0 18.0
469.0 14.0 18.0
469.0 14.0 18.0
469.0 14.0 18.0
469.0 14.0 18.0
469.0 14.0 18.0
469.0 14.0 18.0
469.0 14.0 18.0
469.0 14.0 18.0
469.0 14.0 18.0
505.0 15.0 18.0
505.0 15.0 18.0
505.0 15.0 18.0
505.0 15.0 18.0
505.0 15.0 18.0
505.0 15.0 18.0
505.0 15.0 18.0
505.0 15.0 18.0
505.0 15.0 18.0
505.0 15.0 18.0
505.0 15.0 18.0
505.0 15.0 18.0
505.0 15.0 18.0
505.0 15.0 18.0
505.0 15.0 18.0
505.0 15.0 18.0
505.0 15.0 18.0
541.0 16.0 18.0
541.0 16.0 18.0
541.0 16.0 18.0
541.0 16.0 18.0
541.0 16.0 18.0
541.0 16.0 18.0
541.0 16.0 18.0
541.0 16.0 18.0
541.0 16.0 18.0
577.0 17.0 18.0
577.0 17.0 18.0
577.0 17.0 18.0
577.0 17.0 18.0
577.0 17.0 18.0
577.0 17.0 18.0
577.0 17.0 18.0
577.0 17.0 18.0
577.0 17.0 18.0
613.0 18.0 18.0
613.0 18.0 18.0
613.0 18.0 18.0
649.0 19.0 18.0
649.0 19.0 18.0
649.0 19.0 18.0
649.0 19.0 18.0
649.0 19.0 18.0
649.0 19.0 18.0
685.0 20.0 18.0
685.0 20.0 18.0
685.0 20.0 18.0
685.0 20.0 18.0
685.0 20.0 18.0
757.0 22.0 18.0
793.0 23.0 18.0
793.0 23.0 18.0
793.0 23.0 18.0
829.0 24.0 18.0
829.0 24.0 18.0
865.0 25.0 18.0
