rev2
1.45190305E8 4033065.0 18.0
1.46551825E8 4070885.0 18.0
1.46867509E8 4079654.0 18.0
1.46962225E8 4082285.0 18.0
1.47168073E8 4088003.0 18.0
1.47287017E8 4091307.0 18.0
1.47913993E8 4108723.0 18.0
1.48008097E8 4111337.0 18.0
1.48130245E8 4114730.0 18.0
1.48247389E8 4117984.0 18.0
1.48498381E8 4124956.0 18.0
1.48599721E8 4127771.0 18.0
1.48801645E8 4133380.0 18.0
1.48951909E8 4137554.0 18.0
1.48955833E8 4137663.0 18.0
1.49049109E8 4140254.0 18.0
1.49075173E8 4140978.0 18.0
1.49432077E8 4150892.0 18.0
1.49474521E8 4152071.0 18.0
1.49499433E8 4152763.0 18.0
1.49552857E8 4154247.0 18.0
1.49580253E8 4155008.0 18.0
1.49862277E8 4162842.0 18.0
1.49892409E8 4163679.0 18.0
1.49915701E8 4164326.0 18.0
1.50093361E8 4169261.0 18.0
1.50113161E8 4169811.0 18.0
1.50157369E8 4171039.0 18.0
1.50184405E8 4171790.0 18.0
1.50328909E8 4175804.0 18.0
1.50525217E8 4181257.0 18.0
1.50580873E8 4182803.0 18.0
1.50693337E8 4185927.0 18.0
1.50780313E8 4188343.0 18.0
1.50812749E8 4189244.0 18.0
1.50825493E8 4189598.0 18.0
1.50833953E8 4189833.0 18.0
1.50913117E8 4192032.0 18.0
1.50922513E8 4192293.0 18.0
1.50996925E8 4194360.0 18.0
1.51167421E8 4199096.0 18.0
1.51239349E8 4201094.0 18.0
1.51528897E8 4209137.0 18.0
1.51572097E8 4210337.0 18.0
1.51659325E8 4212760.0 18.0
1.51808689E8 4216909.0 18.0
1.51819561E8 4217211.0 18.0
1.51829569E8 4217489.0 18.0
1.51860421E8 4218346.0 18.0
1.51920649E8 4220019.0 18.0
1.51992217E8 4222007.0 18.0
1.52009065E8 4222475.0 18.0
1.52135677E8 4225992.0 18.0
1.52325469E8 4231264.0 18.0
1.52629201E8 4239701.0 18.0
1.52764237E8 4243452.0 18.0
1.52808193E8 4244673.0 18.0
1.52816833E8 4244913.0 18.0
1.52940061E8 4248336.0 18.0
1.53327313E8 4259093.0 18.0
1.53353449E8 4259819.0 18.0
1.53362341E8 4260066.0 18.0
1.53368785E8 4260245.0 18.0
1.53590041E8 4266391.0 18.0
1.53670537E8 4268627.0 18.0
1.53761905E8 4271165.0 18.0
1.53826813E8 4272968.0 18.0
1.54133929E8 4281499.0 18.0
1.54157509E8 4282154.0 18.0
1.54309465E8 4286375.0 18.0
1.54496773E8 4291578.0 18.0
1.54549837E8 4293052.0 18.0
1.54557577E8 4293267.0 18.0
1.54613809E8 4294829.0 18.0
1.54849249E8 4301369.0 18.0
1.54859725E8 4301660.0 18.0
1.54968553E8 4304683.0 18.0
1.55026981E8 4306306.0 18.0
1.55196685E8 4311020.0 18.0
1.55257345E8 4312705.0 18.0
1.55361277E8 4315592.0 18.0
1.55640133E8 4323338.0 18.0
1.55970145E8 4332505.0 18.0
1.56677509E8 4352154.0 18.0
1.56716533E8 4353238.0 18.0
1.56762397E8 4354512.0 18.0
1.56835225E8 4356535.0 18.0
1.57013677E8 4361492.0 18.0
1.57248433E8 4368013.0 18.0
1.57308409E8 4369679.0 18.0
1.57575637E8 4377102.0 18.0
1.58143249E8 4392869.0 18.0
1.58654053E8 4407058.0 18.0
1.59195565E8 4422100.0 18.0
1.59925357E8 4442372.0 18.0
1.60852753E8 4468133.0 18.0
1.60854733E8 4468188.0 18.0
1.61092477E8 4474792.0 18.0
1.61101045E8 4475030.0 18.0
1.62628489E8 4517459.0 18.0
