rev2
7.1451397E7 1984762.0 18.0
7.2566929E7 2015749.0 18.0
7.2628777E7 2017467.0 18.0
7.2962461E7 2026736.0 18.0
7.2978733E7 2027188.0 18.0
7.3043785E7 2028995.0 18.0
7.3069165E7 2029700.0 18.0
7.3085689E7 2030159.0 18.0
7.3146277E7 2031842.0 18.0
7.3168273E7 2032453.0 18.0
7.3247761E7 2034661.0 18.0
7.3256869E7 2034914.0 18.0
7.3275625E7 2035435.0 18.0
7.3428913E7 2039693.0 18.0
7.3515853E7 2042108.0 18.0
7.3547317E7 2042982.0 18.0
7.3561213E7 2043368.0 18.0
7.3579825E7 2043885.0 18.0
7.3601353E7 2044483.0 18.0
7.3747693E7 2048548.0 18.0
7.3806301E7 2050176.0 18.0
7.3818289E7 2050509.0 18.0
7.3843561E7 2051211.0 18.0
7.3859293E7 2051648.0 18.0
7.3859833E7 2051663.0 18.0
7.3868689E7 2051909.0 18.0
7.3893241E7 2052591.0 18.0
7.3935073E7 2053753.0 18.0
7.3997929E7 2055499.0 18.0
7.4006029E7 2055724.0 18.0
7.4018737E7 2056077.0 18.0
7.4050093E7 2056948.0 18.0
7.4093869E7 2058164.0 18.0
7.4131921E7 2059221.0 18.0
7.4176633E7 2060463.0 18.0
7.4184193E7 2060673.0 18.0
7.4184409E7 2060679.0 18.0
7.4228113E7 2061893.0 18.0
7.4330965E7 2064750.0 18.0
7.4379277E7 2066092.0 18.0
7.4397025E7 2066585.0 18.0
7.4410129E7 2066949.0 18.0
7.4559313E7 2071093.0 18.0
7.4569357E7 2071372.0 18.0
7.4593225E7 2072035.0 18.0
7.4648845E7 2073580.0 18.0
7.4734741E7 2075966.0 18.0
7.4825461E7 2078486.0 18.0
7.4860345E7 2079455.0 18.0
7.4941633E7 2081713.0 18.0
7.5033721E7 2084271.0 18.0
7.5071197E7 2085312.0 18.0
7.5074149E7 2085394.0 18.0
7.5119185E7 2086645.0 18.0
7.5248497E7 2090237.0 18.0
7.5249289E7 2090259.0 18.0
7.5339469E7 2092764.0 18.0
7.5387169E7 2094089.0 18.0
7.5392749E7 2094244.0 18.0
7.5412837E7 2094802.0 18.0
7.5530665E7 2098075.0 18.0
7.5584917E7 2099582.0 18.0
7.5612853E7 2100358.0 18.0
7.5625525E7 2100710.0 18.0
7.5710521E7 2103071.0 18.0
7.5718693E7 2103298.0 18.0
7.5956221E7 2109896.0 18.0
7.5996901E7 2111026.0 18.0
7.6003741E7 2111216.0 18.0
7.6080457E7 2113347.0 18.0
7.6232773E7 2117578.0 18.0
7.6326589E7 2120184.0 18.0
7.6350133E7 2120838.0 18.0
7.6412485E7 2122570.0 18.0
7.6517389E7 2125484.0 18.0
7.6560229E7 2126674.0 18.0
7.6612825E7 2128135.0 18.0
7.6625677E7 2128492.0 18.0
7.6700557E7 2130572.0 18.0
7.6761433E7 2132263.0 18.0
7.6941145E7 2137255.0 18.0
7.6947265E7 2137425.0 18.0
7.6963753E7 2137883.0 18.0
7.7064409E7 2140679.0 18.0
7.7129569E7 2142489.0 18.0
7.7196637E7 2144352.0 18.0
7.7201713E7 2144493.0 18.0
7.7229721E7 2145271.0 18.0
7.7294629E7 2147074.0 18.0
7.7419801E7 2150551.0 18.0
7.7812813E7 2161468.0 18.0
7.7859649E7 2162769.0 18.0
7.7928625E7 2164685.0 18.0
7.7980717E7 2166132.0 18.0
7.8440653E7 2178908.0 18.0
7.9170481E7 2199181.0 18.0
7.9562089E7 2210059.0 18.0
8.0001649E7 2222269.0 18.0
8.0082109E7 2224504.0 18.0
8.0937361E7 2248261.0 18.0
