rev2
249265.0 6925.0 18.0
249733.0 6938.0 18.0
249877.0 6942.0 18.0
250525.0 6960.0 18.0
251677.0 6992.0 18.0
252109.0 7004.0 18.0
252217.0 7007.0 18.0
252649.0 7019.0 18.0
253009.0 7029.0 18.0
253621.0 7046.0 18.0
254377.0 7067.0 18.0
254449.0 7069.0 18.0
254665.0 7075.0 18.0
255025.0 7085.0 18.0
255169.0 7089.0 18.0
255277.0 7092.0 18.0
255277.0 7092.0 18.0
255529.0 7099.0 18.0
256609.0 7129.0 18.0
256753.0 7133.0 18.0
256897.0 7137.0 18.0
257113.0 7143.0 18.0
257617.0 7157.0 18.0
257797.0 7162.0 18.0
258013.0 7168.0 18.0
258157.0 7172.0 18.0
258193.0 7173.0 18.0
258229.0 7174.0 18.0
258445.0 7180.0 18.0
258553.0 7183.0 18.0
258589.0 7184.0 18.0
258661.0 7186.0 18.0
258697.0 7187.0 18.0
258841.0 7191.0 18.0
258877.0 7192.0 18.0
258985.0 7195.0 18.0
259237.0 7202.0 18.0
259453.0 7208.0 18.0
259489.0 7209.0 18.0
259669.0 7214.0 18.0
260101.0 7226.0 18.0
260209.0 7229.0 18.0
260245.0 7230.0 18.0
260389.0 7234.0 18.0
260533.0 7238.0 18.0
260605.0 7240.0 18.0
260785.0 7245.0 18.0
261037.0 7252.0 18.0
261325.0 7260.0 18.0
261469.0 7264.0 18.0
261649.0 7269.0 18.0
262117.0 7282.0 18.0
262153.0 7283.0 18.0
262189.0 7284.0 18.0
262477.0 7292.0 18.0
263089.0 7309.0 18.0
263269.0 7314.0 18.0
263413.0 7318.0 18.0
263449.0 7319.0 18.0
263953.0 7333.0 18.0
264097.0 7337.0 18.0
264133.0 7338.0 18.0
264133.0 7338.0 18.0
264241.0 7341.0 18.0
264241.0 7341.0 18.0
264745.0 7355.0 18.0
265033.0 7363.0 18.0
265357.0 7372.0 18.0
265609.0 7379.0 18.0
265825.0 7385.0 18.0
265897.0 7387.0 18.0
265933.0 7388.0 18.0
265933.0 7388.0 18.0
266041.0 7391.0 18.0
266221.0 7396.0 18.0
266401.0 7401.0 18.0
266725.0 7410.0 18.0
266797.0 7412.0 18.0
266905.0 7415.0 18.0
267265.0 7425.0 18.0
268057.0 7447.0 18.0
268273.0 7453.0 18.0
269173.0 7478.0 18.0
271045.0 7530.0 18.0
271225.0 7535.0 18.0
271477.0 7542.0 18.0
272197.0 7562.0 18.0
272917.0 7582.0 18.0
273025.0 7585.0 18.0
273169.0 7589.0 18.0
273493.0 7598.0 18.0
273601.0 7601.0 18.0
273817.0 7607.0 18.0
274177.0 7617.0 18.0
274249.0 7619.0 18.0
275401.0 7651.0 18.0
276445.0 7680.0 18.0
276517.0 7682.0 18.0
276949.0 7694.0 18.0
277741.0 7716.0 18.0
