rev2
1029097.0 28587.0 18.0
1035973.0 28778.0 18.0
1036441.0 28791.0 18.0
1037269.0 28814.0 18.0
1038133.0 28838.0 18.0
1039465.0 28875.0 18.0
1040653.0 28908.0 18.0
1040761.0 28911.0 18.0
1041697.0 28937.0 18.0
1041769.0 28939.0 18.0
1041805.0 28940.0 18.0
1042525.0 28960.0 18.0
1042957.0 28972.0 18.0
1044469.0 29014.0 18.0
1045873.0 29053.0 18.0
1047061.0 29086.0 18.0
1047241.0 29091.0 18.0
1049941.0 29166.0 18.0
1051633.0 29213.0 18.0
1051705.0 29215.0 18.0
1052245.0 29230.0 18.0
1058473.0 29403.0 18.0
1059085.0 29420.0 18.0
1059517.0 29432.0 18.0
1059553.0 29433.0 18.0
1060093.0 29448.0 18.0
1060489.0 29459.0 18.0
1060525.0 29460.0 18.0
1060669.0 29464.0 18.0
1061533.0 29488.0 18.0
1061821.0 29496.0 18.0
1063225.0 29535.0 18.0
1063261.0 29536.0 18.0
1063477.0 29542.0 18.0
1063621.0 29546.0 18.0
1063981.0 29556.0 18.0
1066573.0 29628.0 18.0
1066573.0 29628.0 18.0
1066897.0 29637.0 18.0
1067005.0 29640.0 18.0
1068085.0 29670.0 18.0
1068913.0 29693.0 18.0
1069669.0 29714.0 18.0
1070569.0 29739.0 18.0
1070713.0 29743.0 18.0
1071433.0 29763.0 18.0
1072081.0 29781.0 18.0
1072441.0 29791.0 18.0
1073377.0 29817.0 18.0
1074205.0 29840.0 18.0
1075105.0 29865.0 18.0
1075357.0 29872.0 18.0
1077157.0 29922.0 18.0
1078237.0 29952.0 18.0
1078345.0 29955.0 18.0
1080829.0 30024.0 18.0
1082017.0 30057.0 18.0
1082053.0 30058.0 18.0
1083349.0 30094.0 18.0
1083565.0 30100.0 18.0
1084033.0 30113.0 18.0
1085293.0 30148.0 18.0
1086157.0 30172.0 18.0
1086985.0 30195.0 18.0
1087129.0 30199.0 18.0
1087885.0 30220.0 18.0
1089181.0 30256.0 18.0
1089685.0 30270.0 18.0
1091449.0 30319.0 18.0
1092673.0 30353.0 18.0
1093645.0 30380.0 18.0
1093969.0 30389.0 18.0
1094149.0 30394.0 18.0
1094653.0 30408.0 18.0
1095157.0 30422.0 18.0
1095409.0 30429.0 18.0
1095805.0 30440.0 18.0
1097533.0 30488.0 18.0
1097605.0 30490.0 18.0
1098937.0 30527.0 18.0
1100773.0 30578.0 18.0
1100809.0 30579.0 18.0
1103113.0 30643.0 18.0
1104697.0 30687.0 18.0
1107937.0 30777.0 18.0
1108225.0 30785.0 18.0
1108945.0 30805.0 18.0
1110025.0 30835.0 18.0
1112041.0 30891.0 18.0
1112509.0 30904.0 18.0
1116361.0 31011.0 18.0
1118593.0 31073.0 18.0
1126585.0 31295.0 18.0
1135981.0 31556.0 18.0
1136197.0 31562.0 18.0
1136557.0 31572.0 18.0
1137241.0 31591.0 18.0
1155745.0 32105.0 18.0
1155925.0 32110.0 18.0
1163449.0 32319.0 18.0
