rev2
57853.0 1608.0 18.0
59581.0 1656.0 18.0
60085.0 1670.0 18.0
60265.0 1675.0 18.0
60661.0 1686.0 18.0
60733.0 1688.0 18.0
60769.0 1689.0 18.0
60949.0 1694.0 18.0
60949.0 1694.0 18.0
61273.0 1703.0 18.0
61309.0 1704.0 18.0
61381.0 1706.0 18.0
61381.0 1706.0 18.0
61417.0 1707.0 18.0
61417.0 1707.0 18.0
61453.0 1708.0 18.0
61561.0 1711.0 18.0
61597.0 1712.0 18.0
61633.0 1713.0 18.0
61633.0 1713.0 18.0
61705.0 1715.0 18.0
61741.0 1716.0 18.0
61885.0 1720.0 18.0
61885.0 1720.0 18.0
62101.0 1726.0 18.0
62317.0 1732.0 18.0
62389.0 1734.0 18.0
62389.0 1734.0 18.0
62461.0 1736.0 18.0
62605.0 1740.0 18.0
62605.0 1740.0 18.0
62641.0 1741.0 18.0
62677.0 1742.0 18.0
62713.0 1743.0 18.0
62749.0 1744.0 18.0
62929.0 1749.0 18.0
63037.0 1752.0 18.0
63037.0 1752.0 18.0
63073.0 1753.0 18.0
63073.0 1753.0 18.0
63109.0 1754.0 18.0
63181.0 1756.0 18.0
63181.0 1756.0 18.0
63253.0 1758.0 18.0
63541.0 1766.0 18.0
63577.0 1767.0 18.0
63577.0 1767.0 18.0
63649.0 1769.0 18.0
63685.0 1770.0 18.0
63721.0 1771.0 18.0
63793.0 1773.0 18.0
63793.0 1773.0 18.0
63793.0 1773.0 18.0
63829.0 1774.0 18.0
63865.0 1775.0 18.0
63865.0 1775.0 18.0
63901.0 1776.0 18.0
64081.0 1781.0 18.0
64081.0 1781.0 18.0
64117.0 1782.0 18.0
64189.0 1784.0 18.0
64333.0 1788.0 18.0
64369.0 1789.0 18.0
64441.0 1791.0 18.0
64513.0 1793.0 18.0
64513.0 1793.0 18.0
64657.0 1797.0 18.0
64657.0 1797.0 18.0
64657.0 1797.0 18.0
64693.0 1798.0 18.0
64693.0 1798.0 18.0
64981.0 1806.0 18.0
65017.0 1807.0 18.0
65017.0 1807.0 18.0
65161.0 1811.0 18.0
65197.0 1812.0 18.0
65233.0 1813.0 18.0
65341.0 1816.0 18.0
65341.0 1816.0 18.0
65377.0 1817.0 18.0
65485.0 1820.0 18.0
65557.0 1822.0 18.0
65557.0 1822.0 18.0
65773.0 1828.0 18.0
65773.0 1828.0 18.0
65809.0 1829.0 18.0
65953.0 1833.0 18.0
65989.0 1834.0 18.0
66277.0 1842.0 18.0
66349.0 1844.0 18.0
66601.0 1851.0 18.0
66781.0 1856.0 18.0
67249.0 1869.0 18.0
67357.0 1872.0 18.0
67537.0 1877.0 18.0
67789.0 1884.0 18.0
67897.0 1887.0 18.0
68365.0 1900.0 18.0
68545.0 1905.0 18.0
68869.0 1914.0 18.0
