rev2
4269637.0 118602.0 18.0
4279789.0 118884.0 18.0
4293253.0 119258.0 18.0
4297969.0 119389.0 18.0
4317985.0 119945.0 18.0
4318381.0 119956.0 18.0
4319317.0 119982.0 18.0
4319353.0 119983.0 18.0
4321261.0 120036.0 18.0
4323457.0 120097.0 18.0
4325437.0 120152.0 18.0
4327525.0 120210.0 18.0
4330189.0 120284.0 18.0
4334185.0 120395.0 18.0
4334905.0 120415.0 18.0
4337317.0 120482.0 18.0
4340917.0 120582.0 18.0
4348261.0 120786.0 18.0
4350205.0 120840.0 18.0
4353661.0 120936.0 18.0
4354705.0 120965.0 18.0
4360069.0 121114.0 18.0
4361365.0 121150.0 18.0
4363741.0 121216.0 18.0
4363993.0 121223.0 18.0
4365217.0 121257.0 18.0
4365865.0 121275.0 18.0
4366297.0 121287.0 18.0
4367089.0 121309.0 18.0
4367161.0 121311.0 18.0
4367665.0 121325.0 18.0
4371373.0 121428.0 18.0
4371625.0 121435.0 18.0
4375009.0 121529.0 18.0
4376305.0 121565.0 18.0
4384981.0 121806.0 18.0
4385737.0 121827.0 18.0
4386889.0 121859.0 18.0
4387537.0 121877.0 18.0
4392541.0 122016.0 18.0
4392901.0 122026.0 18.0
4394233.0 122063.0 18.0
4401541.0 122266.0 18.0
4401901.0 122276.0 18.0
4401973.0 122278.0 18.0
4404313.0 122343.0 18.0
4406113.0 122393.0 18.0
4406473.0 122403.0 18.0
4406761.0 122411.0 18.0
4408705.0 122465.0 18.0
4409497.0 122487.0 18.0
4411693.0 122548.0 18.0
4411873.0 122553.0 18.0
4413925.0 122610.0 18.0
4414609.0 122629.0 18.0
4415293.0 122648.0 18.0
4416913.0 122693.0 18.0
4418821.0 122746.0 18.0
4420009.0 122779.0 18.0
4421341.0 122816.0 18.0
4427533.0 122988.0 18.0
4429189.0 123034.0 18.0
4431673.0 123103.0 18.0
4431925.0 123110.0 18.0
4434661.0 123186.0 18.0
4435201.0 123201.0 18.0
4440061.0 123336.0 18.0
4456657.0 123797.0 18.0
4461841.0 123941.0 18.0
4465369.0 124039.0 18.0
4468645.0 124130.0 18.0
4471201.0 124201.0 18.0
4480957.0 124472.0 18.0
4481389.0 124484.0 18.0
4493485.0 124820.0 18.0
4502521.0 125071.0 18.0
4504213.0 125118.0 18.0
4509649.0 125269.0 18.0
4517461.0 125486.0 18.0
4522033.0 125613.0 18.0
4524805.0 125690.0 18.0
4529305.0 125815.0 18.0
4531933.0 125888.0 18.0
4542733.0 126188.0 18.0
4545757.0 126272.0 18.0
4546117.0 126282.0 18.0
4563469.0 126764.0 18.0
4566817.0 126857.0 18.0
4568797.0 126912.0 18.0
4592737.0 127577.0 18.0
4605841.0 127941.0 18.0
4627477.0 128542.0 18.0
4628017.0 128557.0 18.0
4640689.0 128909.0 18.0
4649761.0 129161.0 18.0
4665205.0 129590.0 18.0
4666609.0 129629.0 18.0
4668805.0 129690.0 18.0
4700053.0 130558.0 18.0
4787137.0 132977.0 18.0
