rev2
8579953.0 238333.0 18.0
8641909.0 240054.0 18.0
8653321.0 240371.0 18.0
8666209.0 240729.0 18.0
8718625.0 242185.0 18.0
8726113.0 242393.0 18.0
8749405.0 243040.0 18.0
8756821.0 243246.0 18.0
8763229.0 243424.0 18.0
8771293.0 243648.0 18.0
8772589.0 243684.0 18.0
8787025.0 244085.0 18.0
8788285.0 244120.0 18.0
8792245.0 244230.0 18.0
8797645.0 244380.0 18.0
8799445.0 244430.0 18.0
8808085.0 244670.0 18.0
8808913.0 244693.0 18.0
8818237.0 244952.0 18.0
8829361.0 245261.0 18.0
8831053.0 245308.0 18.0
8839153.0 245533.0 18.0
8877853.0 246608.0 18.0
8883361.0 246761.0 18.0
8898301.0 247176.0 18.0
8912485.0 247570.0 18.0
8925157.0 247922.0 18.0
8928829.0 248024.0 18.0
8936713.0 248243.0 18.0
8943049.0 248419.0 18.0
8943481.0 248431.0 18.0
8947441.0 248541.0 18.0
8949925.0 248610.0 18.0
8954281.0 248731.0 18.0
8957881.0 248831.0 18.0
8958745.0 248855.0 18.0
8960509.0 248904.0 18.0
8971165.0 249200.0 18.0
8972569.0 249239.0 18.0
8973109.0 249254.0 18.0
8974153.0 249283.0 18.0
8974261.0 249286.0 18.0
8977033.0 249363.0 18.0
8990137.0 249727.0 18.0
8991469.0 249764.0 18.0
9001837.0 250052.0 18.0
9008245.0 250230.0 18.0
9008605.0 250240.0 18.0
9015661.0 250436.0 18.0
9015661.0 250436.0 18.0
9026245.0 250730.0 18.0
9031789.0 250884.0 18.0
9049429.0 251374.0 18.0
9053641.0 251491.0 18.0
9060517.0 251682.0 18.0
9061201.0 251701.0 18.0
9068077.0 251892.0 18.0
9094681.0 252631.0 18.0
9102493.0 252848.0 18.0
9110449.0 253069.0 18.0
9115813.0 253218.0 18.0
9141373.0 253928.0 18.0
9149149.0 254144.0 18.0
9155269.0 254314.0 18.0
9160921.0 254471.0 18.0
9162001.0 254501.0 18.0
9162793.0 254523.0 18.0
9167041.0 254641.0 18.0
9172657.0 254797.0 18.0
9176833.0 254913.0 18.0
9179461.0 254986.0 18.0
9182629.0 255074.0 18.0
9185293.0 255148.0 18.0
9198541.0 255516.0 18.0
9220177.0 256117.0 18.0
9228133.0 256338.0 18.0
9232813.0 256468.0 18.0
9246637.0 256852.0 18.0
9269749.0 257494.0 18.0
9276481.0 257681.0 18.0
9285661.0 257936.0 18.0
9303553.0 258433.0 18.0
9309817.0 258607.0 18.0
9317305.0 258815.0 18.0
9340201.0 259451.0 18.0
9354241.0 259841.0 18.0
9377029.0 260474.0 18.0
9393517.0 260932.0 18.0
9399925.0 261110.0 18.0
9409213.0 261368.0 18.0
9448597.0 262462.0 18.0
9460009.0 262779.0 18.0
9489997.0 263612.0 18.0
9524197.0 264562.0 18.0
9634537.0 267627.0 18.0
9663697.0 268437.0 18.0
9674533.0 268738.0 18.0
9717121.0 269921.0 18.0
9777565.0 271600.0 18.0
1.0083061E7 280086.0 18.0
