rev2
1405.0 40.0 18.0
1513.0 43.0 18.0
1513.0 43.0 18.0
1549.0 44.0 18.0
1549.0 44.0 18.0
1549.0 44.0 18.0
1549.0 44.0 18.0
1621.0 46.0 18.0
1621.0 46.0 18.0
1621.0 46.0 18.0
1621.0 46.0 18.0
1621.0 46.0 18.0
1621.0 46.0 18.0
1621.0 46.0 18.0
1621.0 46.0 18.0
1657.0 47.0 18.0
1657.0 47.0 18.0
1657.0 47.0 18.0
1657.0 47.0 18.0
1657.0 47.0 18.0
1657.0 47.0 18.0
1657.0 47.0 18.0
1657.0 47.0 18.0
1657.0 47.0 18.0
1693.0 48.0 18.0
1693.0 48.0 18.0
1693.0 48.0 18.0
1693.0 48.0 18.0
1729.0 49.0 18.0
1729.0 49.0 18.0
1729.0 49.0 18.0
1729.0 49.0 18.0
1729.0 49.0 18.0
1729.0 49.0 18.0
1729.0 49.0 18.0
1729.0 49.0 18.0
1765.0 50.0 18.0
1765.0 50.0 18.0
1765.0 50.0 18.0
1765.0 50.0 18.0
1765.0 50.0 18.0
1765.0 50.0 18.0
1765.0 50.0 18.0
1801.0 51.0 18.0
1801.0 51.0 18.0
1801.0 51.0 18.0
1801.0 51.0 18.0
1801.0 51.0 18.0
1837.0 52.0 18.0
1837.0 52.0 18.0
1837.0 52.0 18.0
1837.0 52.0 18.0
1837.0 52.0 18.0
1837.0 52.0 18.0
1837.0 52.0 18.0
1837.0 52.0 18.0
1873.0 53.0 18.0
1873.0 53.0 18.0
1873.0 53.0 18.0
1873.0 53.0 18.0
1873.0 53.0 18.0
1909.0 54.0 18.0
1909.0 54.0 18.0
1909.0 54.0 18.0
1909.0 54.0 18.0
1909.0 54.0 18.0
1909.0 54.0 18.0
1909.0 54.0 18.0
1909.0 54.0 18.0
1909.0 54.0 18.0
1909.0 54.0 18.0
1909.0 54.0 18.0
1945.0 55.0 18.0
1945.0 55.0 18.0
1981.0 56.0 18.0
1981.0 56.0 18.0
1981.0 56.0 18.0
1981.0 56.0 18.0
2017.0 57.0 18.0
2017.0 57.0 18.0
2017.0 57.0 18.0
2017.0 57.0 18.0
2017.0 57.0 18.0
2053.0 58.0 18.0
2053.0 58.0 18.0
2053.0 58.0 18.0
2053.0 58.0 18.0
2089.0 59.0 18.0
2089.0 59.0 18.0
2089.0 59.0 18.0
2125.0 60.0 18.0
2125.0 60.0 18.0
2125.0 60.0 18.0
2161.0 61.0 18.0
2161.0 61.0 18.0
2197.0 62.0 18.0
2233.0 63.0 18.0
2305.0 65.0 18.0
2413.0 68.0 18.0
2413.0 68.0 18.0
