rev4
5005.0 140.0 18.0
5149.0 144.0 18.0
5149.0 144.0 18.0
5185.0 145.0 18.0
5185.0 145.0 18.0
5185.0 145.0 18.0
5185.0 145.0 18.0
5185.0 145.0 18.0
5185.0 145.0 18.0
5221.0 146.0 18.0
5257.0 147.0 18.0
5293.0 148.0 18.0
5293.0 148.0 18.0
5293.0 148.0 18.0
5329.0 149.0 18.0
5329.0 149.0 18.0
5365.0 150.0 18.0
5365.0 150.0 18.0
5365.0 150.0 18.0
5401.0 151.0 18.0
5401.0 151.0 18.0
5401.0 151.0 18.0
5401.0 151.0 18.0
5401.0 151.0 18.0
5437.0 152.0 18.0
5437.0 152.0 18.0
5437.0 152.0 18.0
5473.0 153.0 18.0
5473.0 153.0 18.0
5473.0 153.0 18.0
5473.0 153.0 18.0
5473.0 153.0 18.0
5473.0 153.0 18.0
5473.0 153.0 18.0
5473.0 153.0 18.0
5509.0 154.0 18.0
5509.0 154.0 18.0
5509.0 154.0 18.0
5509.0 154.0 18.0
5509.0 154.0 18.0
5509.0 154.0 18.0
5509.0 154.0 18.0
5545.0 155.0 18.0
5545.0 155.0 18.0
5545.0 155.0 18.0
5545.0 155.0 18.0
5545.0 155.0 18.0
5545.0 155.0 18.0
5545.0 155.0 18.0
5545.0 155.0 18.0
5581.0 156.0 18.0
5581.0 156.0 18.0
5581.0 156.0 18.0
5581.0 156.0 18.0
5581.0 156.0 18.0
5581.0 156.0 18.0
5617.0 157.0 18.0
5617.0 157.0 18.0
5617.0 157.0 18.0
5617.0 157.0 18.0
5617.0 157.0 18.0
5617.0 157.0 18.0
5617.0 157.0 18.0
5653.0 158.0 18.0
5653.0 158.0 18.0
5689.0 159.0 18.0
5689.0 159.0 18.0
5689.0 159.0 18.0
5689.0 159.0 18.0
5689.0 159.0 18.0
5725.0 160.0 18.0
5725.0 160.0 18.0
5761.0 161.0 18.0
5761.0 161.0 18.0
5797.0 162.0 18.0
5797.0 162.0 18.0
5797.0 162.0 18.0
5833.0 163.0 18.0
5833.0 163.0 18.0
5869.0 164.0 18.0
5869.0 164.0 18.0
5869.0 164.0 18.0
5869.0 164.0 18.0
5869.0 164.0 18.0
5905.0 165.0 18.0
5905.0 165.0 18.0
5941.0 166.0 18.0
5977.0 167.0 18.0
5977.0 167.0 18.0
6013.0 168.0 18.0
6013.0 168.0 18.0
6013.0 168.0 18.0
6049.0 169.0 18.0
6085.0 170.0 18.0
6121.0 171.0 18.0
6157.0 172.0 18.0
6157.0 172.0 18.0
6193.0 173.0 18.0
6265.0 175.0 18.0
6301.0 176.0 18.0
