rev2
3.5466445E7 985180.0 18.0
3.5650477E7 990292.0 18.0
3.5665057E7 990697.0 18.0
3.5880157E7 996672.0 18.0
3.6053929E7 1001499.0 18.0
3.6106705E7 1002965.0 18.0
3.6130897E7 1003637.0 18.0
3.6156709E7 1004354.0 18.0
3.6189649E7 1005269.0 18.0
3.6226837E7 1006302.0 18.0
3.6227305E7 1006315.0 18.0
3.6236989E7 1006584.0 18.0
3.6251641E7 1006991.0 18.0
3.6275833E7 1007663.0 18.0
3.6278101E7 1007726.0 18.0
3.6292933E7 1008138.0 18.0
3.6332245E7 1009230.0 18.0
3.6336673E7 1009353.0 18.0
3.6350605E7 1009740.0 18.0
3.6358273E7 1009953.0 18.0
3.6374581E7 1010406.0 18.0
3.6379801E7 1010551.0 18.0
3.6474445E7 1013180.0 18.0
3.6481897E7 1013387.0 18.0
3.6515881E7 1014331.0 18.0
3.6536077E7 1014892.0 18.0
3.6539785E7 1014995.0 18.0
3.6565741E7 1015716.0 18.0
3.6600841E7 1016691.0 18.0
3.6633997E7 1017612.0 18.0
3.6653869E7 1018164.0 18.0
3.6664777E7 1018467.0 18.0
3.6712729E7 1019799.0 18.0
3.6715249E7 1019869.0 18.0
3.6767593E7 1021323.0 18.0
3.6801865E7 1022275.0 18.0
3.6818317E7 1022732.0 18.0
3.6853381E7 1023706.0 18.0
3.6864865E7 1024025.0 18.0
3.6874657E7 1024297.0 18.0
3.6875269E7 1024314.0 18.0
3.6882325E7 1024510.0 18.0
3.6888265E7 1024675.0 18.0
3.6895897E7 1024887.0 18.0
3.6898237E7 1024952.0 18.0
3.6898273E7 1024953.0 18.0
3.6922753E7 1025633.0 18.0
3.6923257E7 1025647.0 18.0
3.6961093E7 1026698.0 18.0
3.7032049E7 1028669.0 18.0
3.7039825E7 1028885.0 18.0
3.7050301E7 1029176.0 18.0
3.7080757E7 1030022.0 18.0
3.7104445E7 1030680.0 18.0
3.7106713E7 1030743.0 18.0
3.7114885E7 1030970.0 18.0
3.7120753E7 1031133.0 18.0
3.7143073E7 1031753.0 18.0
3.7148581E7 1031906.0 18.0
3.7162621E7 1032296.0 18.0
3.7179253E7 1032758.0 18.0
3.7281025E7 1035585.0 18.0
3.7283005E7 1035640.0 18.0
3.7305253E7 1036258.0 18.0
3.7306693E7 1036298.0 18.0
3.7338805E7 1037190.0 18.0
3.7345861E7 1037386.0 18.0
3.7346329E7 1037399.0 18.0
3.7382653E7 1038408.0 18.0
3.7388665E7 1038575.0 18.0
3.7436581E7 1039906.0 18.0
3.7444033E7 1040113.0 18.0
3.7449361E7 1040261.0 18.0
3.7452529E7 1040349.0 18.0
3.7465201E7 1040701.0 18.0
3.7522981E7 1042306.0 18.0
3.7577593E7 1043823.0 18.0
3.7655677E7 1045992.0 18.0
3.7706077E7 1047392.0 18.0
3.7732753E7 1048133.0 18.0
3.7811665E7 1050325.0 18.0
3.7895581E7 1052656.0 18.0
3.7900945E7 1052805.0 18.0
3.7912213E7 1053118.0 18.0
3.7931221E7 1053646.0 18.0
3.7940869E7 1053914.0 18.0
3.8016577E7 1056017.0 18.0
3.8090521E7 1058071.0 18.0
3.8392777E7 1066467.0 18.0
3.8574289E7 1071509.0 18.0
3.8666521E7 1074071.0 18.0
3.8672605E7 1074240.0 18.0
3.8676349E7 1074344.0 18.0
3.8843353E7 1078983.0 18.0
3.9009277E7 1083592.0 18.0
3.9269917E7 1090832.0 18.0
3.9352645E7 1093130.0 18.0
3.9776689E7 1104909.0 18.0
4.0495177E7 1124867.0 18.0
4.0696237E7 1130452.0 18.0
