rev4
2.17899767E8 6052773.0 18.0
2.17943179E8 6053979.0 18.0
2.17965449E8 6054597.0 18.0
2.18096253E8 6058231.0 18.0
2.19571086E8 6099199.0 18.0
2.19791548E8 6105322.0 18.0
2.20196203E8 6116563.0 18.0
2.20354171E8 6120951.0 18.0
2.20484745E8 6124579.0 18.0
2.20493229E8 6124815.0 18.0
2.20535987E8 6126002.0 18.0
2.20667951E8 6129668.0 18.0
2.20872885E8 6135359.0 18.0
2.20880976E8 6135586.0 18.0
2.21222584E8 6145074.0 18.0
2.21306592E8 6147408.0 18.0
2.21589352E8 6155263.0 18.0
2.22045456E8 6167932.0 18.0
2.22055805E8 6168220.0 18.0
2.2222226E8 6172843.0 18.0
2.22316413E8 6175457.0 18.0
2.22357018E8 6176586.0 18.0
2.22383352E8 6177317.0 18.0
2.22483415E8 6180097.0 18.0
2.22552583E8 6182020.0 18.0
2.22719842E8 6186664.0 18.0
2.22795153E8 6188757.0 18.0
2.22867858E8 6190776.0 18.0
2.22956595E8 6193240.0 18.0
2.22984662E8 6194021.0 18.0
2.23160846E8 6198914.0 18.0
2.23165337E8 6199039.0 18.0
2.23426684E8 6206299.0 18.0
2.23606449E8 6211292.0 18.0
2.23843351E8 6217873.0 18.0
2.24023862E8 6222887.0 18.0
2.24092269E8 6224787.0 18.0
2.24104597E8 6225130.0 18.0
2.24169349E8 6226928.0 18.0
2.24193083E8 6227587.0 18.0
2.24208658E8 6228020.0 18.0
2.24214345E8 6228178.0 18.0
2.24215387E8 6228207.0 18.0
2.24299054E8 6230531.0 18.0
2.24655132E8 6240423.0 18.0
2.24707273E8 6241870.0 18.0
2.24826305E8 6245177.0 18.0
2.24881029E8 6246697.0 18.0
2.24946358E8 6248512.0 18.0
2.24954536E8 6248739.0 18.0
2.25334523E8 6259294.0 18.0
2.2535191E8 6259777.0 18.0
2.25352863E8 6259803.0 18.0
2.25694193E8 6269285.0 18.0
2.25741876E8 6270609.0 18.0
2.25887014E8 6274641.0 18.0
2.2621712E8 6283810.0 18.0
2.26279305E8 6285538.0 18.0
2.26375177E8 6288202.0 18.0
2.26409533E8 6289156.0 18.0
2.26472332E8 6290900.0 18.0
2.26546929E8 6292972.0 18.0
2.26654673E8 6295966.0 18.0
2.2667806E8 6296614.0 18.0
2.26851544E8 6301434.0 18.0
2.26923321E8 6303427.0 18.0
2.27446529E8 6317961.0 18.0
2.27724062E8 6325670.0 18.0
2.27745317E8 6326260.0 18.0
2.27791989E8 6327558.0 18.0
2.2802984E8 6334164.0 18.0
2.28041739E8 6334497.0 18.0
2.28082565E8 6335628.0 18.0
2.28313541E8 6342046.0 18.0
2.28477464E8 6346598.0 18.0
2.28477605E8 6346603.0 18.0
2.2857591E8 6349332.0 18.0
2.28595473E8 6349877.0 18.0
2.28679949E8 6352224.0 18.0
2.28692451E8 6352570.0 18.0
2.28773905E8 6354832.0 18.0
2.28948616E8 6359685.0 18.0
2.28956212E8 6359896.0 18.0
2.29328344E8 6370233.0 18.0
2.2934639E8 6370735.0 18.0
2.29577628E8 6377158.0 18.0
2.30009554E8 6389157.0 18.0
2.3005845E8 6390516.0 18.0
2.31947679E8 6442993.0 18.0
2.32055175E8 6445979.0 18.0
2.33273328E8 6479816.0 18.0
2.33397041E8 6483253.0 18.0
2.33538307E8 6487177.0 18.0
2.33626506E8 6489627.0 18.0
2.34510025E8 6514170.0 18.0
2.37283717E8 6591217.0 18.0
2.43425492E8 6761821.0 18.0
2.43659917E8 6768333.0 18.0
2.44723945E8 6797890.0 18.0
2.49576237E8 6932675.0 18.0
