rev2
145.0 5.0 18.0
177.0 6.0 18.0
177.0 6.0 18.0
181.0 6.0 18.0
181.0 6.0 18.0
181.0 6.0 18.0
181.0 6.0 18.0
181.0 6.0 18.0
213.0 7.0 18.0
213.0 7.0 18.0
217.0 7.0 18.0
217.0 7.0 18.0
217.0 7.0 18.0
241.0 8.0 18.0
241.0 8.0 18.0
241.0 8.0 18.0
245.0 8.0 18.0
245.0 8.0 18.0
245.0 8.0 18.0
245.0 8.0 18.0
245.0 8.0 18.0
249.0 8.0 18.0
249.0 8.0 18.0
249.0 8.0 18.0
249.0 8.0 18.0
253.0 8.0 18.0
253.0 8.0 18.0
273.0 9.0 18.0
273.0 9.0 18.0
273.0 9.0 18.0
277.0 9.0 18.0
277.0 9.0 18.0
277.0 9.0 18.0
277.0 9.0 18.0
277.0 9.0 18.0
281.0 9.0 18.0
281.0 9.0 18.0
281.0 9.0 18.0
285.0 9.0 18.0
285.0 9.0 18.0
285.0 9.0 18.0
285.0 9.0 18.0
285.0 9.0 18.0
289.0 9.0 18.0
313.0 10.0 18.0
313.0 10.0 18.0
313.0 10.0 18.0
313.0 10.0 18.0
313.0 10.0 18.0
313.0 10.0 18.0
313.0 10.0 18.0
313.0 10.0 18.0
313.0 10.0 18.0
313.0 10.0 18.0
313.0 10.0 18.0
317.0 10.0 18.0
317.0 10.0 18.0
317.0 10.0 18.0
317.0 10.0 18.0
317.0 10.0 18.0
317.0 10.0 18.0
321.0 10.0 18.0
321.0 10.0 18.0
321.0 10.0 18.0
325.0 10.0 18.0
345.0 11.0 18.0
345.0 11.0 18.0
345.0 11.0 18.0
353.0 11.0 18.0
353.0 11.0 18.0
373.0 12.0 18.0
377.0 12.0 18.0
377.0 12.0 18.0
377.0 12.0 18.0
377.0 12.0 18.0
381.0 12.0 18.0
385.0 12.0 18.0
385.0 12.0 18.0
389.0 12.0 18.0
389.0 12.0 18.0
389.0 12.0 18.0
405.0 13.0 18.0
413.0 13.0 18.0
417.0 13.0 18.0
421.0 13.0 18.0
437.0 14.0 18.0
441.0 14.0 18.0
453.0 14.0 18.0
473.0 15.0 18.0
477.0 15.0 18.0
481.0 15.0 18.0
505.0 16.0 18.0
505.0 16.0 18.0
513.0 16.0 18.0
541.0 17.0 18.0
541.0 17.0 18.0
541.0 17.0 18.0
553.0 17.0 18.0
569.0 18.0 18.0
601.0 19.0 18.0
