rev2
122365.0 3400.0 18.0
123589.0 3434.0 18.0
123733.0 3438.0 18.0
123805.0 3440.0 18.0
124093.0 3448.0 18.0
124273.0 3453.0 18.0
124381.0 3456.0 18.0
124453.0 3458.0 18.0
124561.0 3461.0 18.0
124669.0 3464.0 18.0
124705.0 3465.0 18.0
125173.0 3478.0 18.0
125173.0 3478.0 18.0
125317.0 3482.0 18.0
125749.0 3494.0 18.0
125785.0 3495.0 18.0
125785.0 3495.0 18.0
125821.0 3496.0 18.0
125857.0 3497.0 18.0
126037.0 3502.0 18.0
126073.0 3503.0 18.0
126325.0 3510.0 18.0
126397.0 3512.0 18.0
126613.0 3518.0 18.0
126613.0 3518.0 18.0
126649.0 3519.0 18.0
126721.0 3521.0 18.0
126721.0 3521.0 18.0
126973.0 3528.0 18.0
127009.0 3529.0 18.0
127153.0 3533.0 18.0
127153.0 3533.0 18.0
127153.0 3533.0 18.0
127297.0 3537.0 18.0
127405.0 3540.0 18.0
127549.0 3544.0 18.0
127549.0 3544.0 18.0
127693.0 3548.0 18.0
127765.0 3550.0 18.0
127945.0 3555.0 18.0
128053.0 3558.0 18.0
128485.0 3570.0 18.0
128557.0 3572.0 18.0
128629.0 3574.0 18.0
128701.0 3576.0 18.0
128773.0 3578.0 18.0
128881.0 3581.0 18.0
128953.0 3583.0 18.0
129169.0 3589.0 18.0
129385.0 3595.0 18.0
129421.0 3596.0 18.0
129457.0 3597.0 18.0
129493.0 3598.0 18.0
129529.0 3599.0 18.0
129673.0 3603.0 18.0
129709.0 3604.0 18.0
129709.0 3604.0 18.0
129781.0 3606.0 18.0
129817.0 3607.0 18.0
129925.0 3610.0 18.0
129997.0 3612.0 18.0
130033.0 3613.0 18.0
130069.0 3614.0 18.0
130141.0 3616.0 18.0
130213.0 3618.0 18.0
130249.0 3619.0 18.0
130357.0 3622.0 18.0
130573.0 3628.0 18.0
130645.0 3630.0 18.0
130681.0 3631.0 18.0
130825.0 3635.0 18.0
131005.0 3640.0 18.0
131077.0 3642.0 18.0
131113.0 3643.0 18.0
131509.0 3654.0 18.0
131581.0 3656.0 18.0
131617.0 3657.0 18.0
131653.0 3658.0 18.0
131905.0 3665.0 18.0
132013.0 3668.0 18.0
132049.0 3669.0 18.0
132193.0 3673.0 18.0
132301.0 3676.0 18.0
132589.0 3684.0 18.0
132697.0 3687.0 18.0
132733.0 3688.0 18.0
132805.0 3690.0 18.0
132949.0 3694.0 18.0
133021.0 3696.0 18.0
133201.0 3701.0 18.0
133921.0 3721.0 18.0
134029.0 3724.0 18.0
134281.0 3731.0 18.0
134749.0 3744.0 18.0
134785.0 3745.0 18.0
136837.0 3802.0 18.0
137593.0 3823.0 18.0
138745.0 3855.0 18.0
141013.0 3918.0 18.0
149977.0 4167.0 18.0
