rev2
649.0 19.0 18.0
649.0 19.0 18.0
649.0 19.0 18.0
721.0 21.0 18.0
721.0 21.0 18.0
721.0 21.0 18.0
721.0 21.0 18.0
757.0 22.0 18.0
757.0 22.0 18.0
757.0 22.0 18.0
793.0 23.0 18.0
793.0 23.0 18.0
793.0 23.0 18.0
793.0 23.0 18.0
793.0 23.0 18.0
829.0 24.0 18.0
829.0 24.0 18.0
829.0 24.0 18.0
829.0 24.0 18.0
829.0 24.0 18.0
829.0 24.0 18.0
865.0 25.0 18.0
865.0 25.0 18.0
865.0 25.0 18.0
865.0 25.0 18.0
865.0 25.0 18.0
865.0 25.0 18.0
865.0 25.0 18.0
865.0 25.0 18.0
865.0 25.0 18.0
865.0 25.0 18.0
865.0 25.0 18.0
865.0 25.0 18.0
865.0 25.0 18.0
865.0 25.0 18.0
865.0 25.0 18.0
901.0 26.0 18.0
901.0 26.0 18.0
901.0 26.0 18.0
901.0 26.0 18.0
901.0 26.0 18.0
901.0 26.0 18.0
901.0 26.0 18.0
901.0 26.0 18.0
901.0 26.0 18.0
937.0 27.0 18.0
937.0 27.0 18.0
937.0 27.0 18.0
937.0 27.0 18.0
937.0 27.0 18.0
937.0 27.0 18.0
937.0 27.0 18.0
937.0 27.0 18.0
973.0 28.0 18.0
973.0 28.0 18.0
973.0 28.0 18.0
973.0 28.0 18.0
973.0 28.0 18.0
973.0 28.0 18.0
973.0 28.0 18.0
973.0 28.0 18.0
973.0 28.0 18.0
1009.0 29.0 18.0
1009.0 29.0 18.0
1009.0 29.0 18.0
1009.0 29.0 18.0
1009.0 29.0 18.0
1009.0 29.0 18.0
1009.0 29.0 18.0
1009.0 29.0 18.0
1045.0 30.0 18.0
1045.0 30.0 18.0
1045.0 30.0 18.0
1045.0 30.0 18.0
1045.0 30.0 18.0
1045.0 30.0 18.0
1045.0 30.0 18.0
1081.0 31.0 18.0
1081.0 31.0 18.0
1081.0 31.0 18.0
1081.0 31.0 18.0
1081.0 31.0 18.0
1081.0 31.0 18.0
1081.0 31.0 18.0
1117.0 32.0 18.0
1117.0 32.0 18.0
1117.0 32.0 18.0
1117.0 32.0 18.0
1153.0 33.0 18.0
1189.0 34.0 18.0
1189.0 34.0 18.0
1225.0 35.0 18.0
1225.0 35.0 18.0
1225.0 35.0 18.0
1261.0 36.0 18.0
1261.0 36.0 18.0
1297.0 37.0 18.0
1297.0 37.0 18.0
1369.0 39.0 18.0
1477.0 42.0 18.0
