rev2
510013.0 14168.0 18.0
512893.0 14248.0 18.0
513253.0 14258.0 18.0
513577.0 14267.0 18.0
513829.0 14274.0 18.0
514297.0 14287.0 18.0
514441.0 14291.0 18.0
514621.0 14296.0 18.0
515341.0 14316.0 18.0
515593.0 14323.0 18.0
515881.0 14331.0 18.0
515881.0 14331.0 18.0
516385.0 14345.0 18.0
516529.0 14349.0 18.0
516637.0 14352.0 18.0
516673.0 14353.0 18.0
516673.0 14353.0 18.0
516709.0 14354.0 18.0
516889.0 14359.0 18.0
517933.0 14388.0 18.0
518041.0 14391.0 18.0
518545.0 14405.0 18.0
519157.0 14422.0 18.0
519517.0 14432.0 18.0
519553.0 14433.0 18.0
520777.0 14467.0 18.0
521173.0 14478.0 18.0
521533.0 14488.0 18.0
522001.0 14501.0 18.0
522037.0 14502.0 18.0
523081.0 14531.0 18.0
523585.0 14545.0 18.0
523657.0 14547.0 18.0
523873.0 14553.0 18.0
523909.0 14554.0 18.0
523945.0 14555.0 18.0
524341.0 14566.0 18.0
524449.0 14569.0 18.0
524593.0 14573.0 18.0
525205.0 14590.0 18.0
527689.0 14659.0 18.0
527725.0 14660.0 18.0
527905.0 14665.0 18.0
528229.0 14674.0 18.0
528481.0 14681.0 18.0
529129.0 14699.0 18.0
529201.0 14701.0 18.0
529273.0 14703.0 18.0
529633.0 14713.0 18.0
529993.0 14723.0 18.0
530029.0 14724.0 18.0
530137.0 14727.0 18.0
530893.0 14748.0 18.0
531469.0 14764.0 18.0
531613.0 14768.0 18.0
532513.0 14793.0 18.0
532873.0 14803.0 18.0
533845.0 14830.0 18.0
533917.0 14832.0 18.0
533989.0 14834.0 18.0
533989.0 14834.0 18.0
534169.0 14839.0 18.0
534385.0 14845.0 18.0
534421.0 14846.0 18.0
534781.0 14856.0 18.0
535069.0 14864.0 18.0
535285.0 14870.0 18.0
535465.0 14875.0 18.0
535681.0 14881.0 18.0
536365.0 14900.0 18.0
536365.0 14900.0 18.0
538165.0 14950.0 18.0
538345.0 14955.0 18.0
539065.0 14975.0 18.0
539749.0 14994.0 18.0
539785.0 14995.0 18.0
540793.0 15023.0 18.0
541081.0 15031.0 18.0
541225.0 15035.0 18.0
542197.0 15062.0 18.0
542341.0 15066.0 18.0
544609.0 15129.0 18.0
545905.0 15165.0 18.0
547309.0 15204.0 18.0
549253.0 15258.0 18.0
550369.0 15289.0 18.0
550693.0 15298.0 18.0
550945.0 15305.0 18.0
551629.0 15324.0 18.0
554905.0 15415.0 18.0
557173.0 15478.0 18.0
559081.0 15531.0 18.0
560233.0 15563.0 18.0
562429.0 15624.0 18.0
564049.0 15669.0 18.0
564517.0 15682.0 18.0
567721.0 15771.0 18.0
572005.0 15890.0 18.0
574741.0 15966.0 18.0
580897.0 16137.0 18.0
