rev4
2377.0 67.0 18.0
2377.0 67.0 18.0
2413.0 68.0 18.0
2449.0 69.0 18.0
2485.0 70.0 18.0
2485.0 70.0 18.0
2485.0 70.0 18.0
2485.0 70.0 18.0
2521.0 71.0 18.0
2521.0 71.0 18.0
2521.0 71.0 18.0
2521.0 71.0 18.0
2557.0 72.0 18.0
2557.0 72.0 18.0
2557.0 72.0 18.0
2557.0 72.0 18.0
2593.0 73.0 18.0
2593.0 73.0 18.0
2593.0 73.0 18.0
2629.0 74.0 18.0
2629.0 74.0 18.0
2629.0 74.0 18.0
2629.0 74.0 18.0
2629.0 74.0 18.0
2629.0 74.0 18.0
2665.0 75.0 18.0
2665.0 75.0 18.0
2665.0 75.0 18.0
2701.0 76.0 18.0
2701.0 76.0 18.0
2701.0 76.0 18.0
2701.0 76.0 18.0
2701.0 76.0 18.0
2701.0 76.0 18.0
2737.0 77.0 18.0
2737.0 77.0 18.0
2737.0 77.0 18.0
2737.0 77.0 18.0
2737.0 77.0 18.0
2737.0 77.0 18.0
2773.0 78.0 18.0
2773.0 78.0 18.0
2773.0 78.0 18.0
2773.0 78.0 18.0
2773.0 78.0 18.0
2773.0 78.0 18.0
2773.0 78.0 18.0
2773.0 78.0 18.0
2773.0 78.0 18.0
2773.0 78.0 18.0
2773.0 78.0 18.0
2773.0 78.0 18.0
2773.0 78.0 18.0
2809.0 79.0 18.0
2809.0 79.0 18.0
2809.0 79.0 18.0
2809.0 79.0 18.0
2809.0 79.0 18.0
2845.0 80.0 18.0
2845.0 80.0 18.0
2845.0 80.0 18.0
2845.0 80.0 18.0
2845.0 80.0 18.0
2845.0 80.0 18.0
2881.0 81.0 18.0
2881.0 81.0 18.0
2881.0 81.0 18.0
2881.0 81.0 18.0
2881.0 81.0 18.0
2881.0 81.0 18.0
2881.0 81.0 18.0
2917.0 82.0 18.0
2917.0 82.0 18.0
2917.0 82.0 18.0
2917.0 82.0 18.0
2917.0 82.0 18.0
2917.0 82.0 18.0
2917.0 82.0 18.0
2917.0 82.0 18.0
2953.0 83.0 18.0
2953.0 83.0 18.0
2953.0 83.0 18.0
2953.0 83.0 18.0
2953.0 83.0 18.0
2953.0 83.0 18.0
2989.0 84.0 18.0
2989.0 84.0 18.0
2989.0 84.0 18.0
2989.0 84.0 18.0
3025.0 85.0 18.0
3025.0 85.0 18.0
3025.0 85.0 18.0
3025.0 85.0 18.0
3025.0 85.0 18.0
3061.0 86.0 18.0
3133.0 88.0 18.0
3169.0 89.0 18.0
3205.0 90.0 18.0
3205.0 90.0 18.0
3205.0 90.0 18.0
