rev2
633277.0 17592.0 18.0
635005.0 17640.0 18.0
637525.0 17710.0 18.0
640153.0 17783.0 18.0
643537.0 17877.0 18.0
649117.0 18032.0 18.0
649297.0 18037.0 18.0
649765.0 18050.0 18.0
653113.0 18143.0 18.0
653365.0 18150.0 18.0
653689.0 18159.0 18.0
654697.0 18187.0 18.0
656173.0 18228.0 18.0
656749.0 18244.0 18.0
659557.0 18322.0 18.0
660097.0 18337.0 18.0
661141.0 18366.0 18.0
662509.0 18404.0 18.0
663589.0 18434.0 18.0
664021.0 18446.0 18.0
665749.0 18494.0 18.0
667801.0 18551.0 18.0
668953.0 18583.0 18.0
669745.0 18605.0 18.0
670069.0 18614.0 18.0
670285.0 18620.0 18.0
670393.0 18623.0 18.0
670969.0 18639.0 18.0
671797.0 18662.0 18.0
672373.0 18678.0 18.0
672445.0 18680.0 18.0
672733.0 18688.0 18.0
672769.0 18689.0 18.0
673849.0 18719.0 18.0
674965.0 18750.0 18.0
676621.0 18796.0 18.0
676909.0 18804.0 18.0
678781.0 18856.0 18.0
678961.0 18861.0 18.0
680725.0 18910.0 18.0
681049.0 18919.0 18.0
681157.0 18922.0 18.0
681193.0 18923.0 18.0
681193.0 18923.0 18.0
684145.0 19005.0 18.0
684289.0 19009.0 18.0
685045.0 19030.0 18.0
686521.0 19071.0 18.0
686629.0 19074.0 18.0
687205.0 19090.0 18.0
687313.0 19093.0 18.0
690085.0 19170.0 18.0
691849.0 19219.0 18.0
691957.0 19222.0 18.0
692677.0 19242.0 18.0
693937.0 19277.0 18.0
695593.0 19323.0 18.0
696169.0 19339.0 18.0
696529.0 19349.0 18.0
696565.0 19350.0 18.0
697249.0 19369.0 18.0
697717.0 19382.0 18.0
698293.0 19398.0 18.0
698581.0 19406.0 18.0
699337.0 19427.0 18.0
699697.0 19437.0 18.0
699841.0 19441.0 18.0
700669.0 19464.0 18.0
700777.0 19467.0 18.0
701821.0 19496.0 18.0
702505.0 19515.0 18.0
702757.0 19522.0 18.0
702757.0 19522.0 18.0
704377.0 19567.0 18.0
706105.0 19615.0 18.0
706933.0 19638.0 18.0
707977.0 19667.0 18.0
709813.0 19718.0 18.0
710857.0 19747.0 18.0
711361.0 19761.0 18.0
712045.0 19780.0 18.0
712549.0 19794.0 18.0
714493.0 19848.0 18.0
714601.0 19851.0 18.0
718417.0 19957.0 18.0
719065.0 19975.0 18.0
719353.0 19983.0 18.0
719929.0 19999.0 18.0
720433.0 20013.0 18.0
723061.0 20086.0 18.0
725653.0 20158.0 18.0
726661.0 20186.0 18.0
727921.0 20221.0 18.0
734185.0 20395.0 18.0
736669.0 20464.0 18.0
737173.0 20478.0 18.0
765037.0 21252.0 18.0
767089.0 21309.0 18.0
767125.0 21310.0 18.0
775333.0 21538.0 18.0
