rev2
5139577.0 142767.0 18.0
5312377.0 147567.0 18.0
5318353.0 147733.0 18.0
5323717.0 147882.0 18.0
5325373.0 147928.0 18.0
5341933.0 148388.0 18.0
5348629.0 148574.0 18.0
5351941.0 148666.0 18.0
5355649.0 148769.0 18.0
5385529.0 149599.0 18.0
5393017.0 149807.0 18.0
5396149.0 149894.0 18.0
5400289.0 150009.0 18.0
5407849.0 150219.0 18.0
5410945.0 150305.0 18.0
5418577.0 150517.0 18.0
5419333.0 150538.0 18.0
5423437.0 150652.0 18.0
5423617.0 150657.0 18.0
5439421.0 151096.0 18.0
5439709.0 151104.0 18.0
5443345.0 151205.0 18.0
5444245.0 151230.0 18.0
5449141.0 151366.0 18.0
5456845.0 151580.0 18.0
5456881.0 151581.0 18.0
5459545.0 151655.0 18.0
5467789.0 151884.0 18.0
5477797.0 152162.0 18.0
5494645.0 152630.0 18.0
5499829.0 152774.0 18.0
5500981.0 152806.0 18.0
5504185.0 152895.0 18.0
5504725.0 152910.0 18.0
5510809.0 153079.0 18.0
5512465.0 153125.0 18.0
5520133.0 153338.0 18.0
5522725.0 153410.0 18.0
5524093.0 153448.0 18.0
5533561.0 153711.0 18.0
5545153.0 154033.0 18.0
5545657.0 154047.0 18.0
5548033.0 154113.0 18.0
5548861.0 154136.0 18.0
5549329.0 154149.0 18.0
5567545.0 154655.0 18.0
5570497.0 154737.0 18.0
5572405.0 154790.0 18.0
5574493.0 154848.0 18.0
5576257.0 154897.0 18.0
5576581.0 154906.0 18.0
5578453.0 154958.0 18.0
5586481.0 155181.0 18.0
5601349.0 155594.0 18.0
5604733.0 155688.0 18.0
5609521.0 155821.0 18.0
5619853.0 156108.0 18.0
5621149.0 156144.0 18.0
5631445.0 156430.0 18.0
5633965.0 156500.0 18.0
5642929.0 156749.0 18.0
5653333.0 157038.0 18.0
5660677.0 157242.0 18.0
5666185.0 157395.0 18.0
5679217.0 157757.0 18.0
5685697.0 157937.0 18.0
5688253.0 158008.0 18.0
5688361.0 158011.0 18.0
5722633.0 158963.0 18.0
5723713.0 158993.0 18.0
5723749.0 158994.0 18.0
5727313.0 159093.0 18.0
5731381.0 159206.0 18.0
5736169.0 159339.0 18.0
5747365.0 159650.0 18.0
5753953.0 159833.0 18.0
5755897.0 159887.0 18.0
5766949.0 160194.0 18.0
5774833.0 160413.0 18.0
5776813.0 160468.0 18.0
5778685.0 160520.0 18.0
5796253.0 161008.0 18.0
5808961.0 161361.0 18.0
5819113.0 161643.0 18.0
5830345.0 161955.0 18.0
5855545.0 162655.0 18.0
5856733.0 162688.0 18.0
5863789.0 162884.0 18.0
5881933.0 163388.0 18.0
5883481.0 163431.0 18.0
5953681.0 165381.0 18.0
5987665.0 166325.0 18.0
6002641.0 166741.0 18.0
6065173.0 168478.0 18.0
6082561.0 168961.0 18.0
6099121.0 169421.0 18.0
6149953.0 170833.0 18.0
6355621.0 176546.0 18.0
6414409.0 178179.0 18.0
6677929.0 185499.0 18.0
