rev2
18253.0 508.0 18.0
18433.0 513.0 18.0
18541.0 516.0 18.0
18613.0 518.0 18.0
18721.0 521.0 18.0
18865.0 525.0 18.0
18865.0 525.0 18.0
18973.0 528.0 18.0
19117.0 532.0 18.0
19153.0 533.0 18.0
19189.0 534.0 18.0
19261.0 536.0 18.0
19297.0 537.0 18.0
19297.0 537.0 18.0
19441.0 541.0 18.0
19513.0 543.0 18.0
19513.0 543.0 18.0
19513.0 543.0 18.0
19585.0 545.0 18.0
19621.0 546.0 18.0
19657.0 547.0 18.0
19693.0 548.0 18.0
19765.0 550.0 18.0
19837.0 552.0 18.0
19837.0 552.0 18.0
19837.0 552.0 18.0
19909.0 554.0 18.0
19945.0 555.0 18.0
19981.0 556.0 18.0
19981.0 556.0 18.0
20017.0 557.0 18.0
20017.0 557.0 18.0
20089.0 559.0 18.0
20125.0 560.0 18.0
20125.0 560.0 18.0
20161.0 561.0 18.0
20197.0 562.0 18.0
20197.0 562.0 18.0
20197.0 562.0 18.0
20233.0 563.0 18.0
20269.0 564.0 18.0
20377.0 567.0 18.0
20377.0 567.0 18.0
20521.0 571.0 18.0
20629.0 574.0 18.0
20629.0 574.0 18.0
20629.0 574.0 18.0
20665.0 575.0 18.0
20665.0 575.0 18.0
20701.0 576.0 18.0
20737.0 577.0 18.0
20737.0 577.0 18.0
20953.0 583.0 18.0
20953.0 583.0 18.0
21097.0 587.0 18.0
21205.0 590.0 18.0
21277.0 592.0 18.0
21385.0 595.0 18.0
21421.0 596.0 18.0
21457.0 597.0 18.0
21529.0 599.0 18.0
21529.0 599.0 18.0
21565.0 600.0 18.0
21565.0 600.0 18.0
21637.0 602.0 18.0
21673.0 603.0 18.0
21673.0 603.0 18.0
21673.0 603.0 18.0
21709.0 604.0 18.0
21709.0 604.0 18.0
21817.0 607.0 18.0
22033.0 613.0 18.0
22069.0 614.0 18.0
22321.0 621.0 18.0
22393.0 623.0 18.0
22501.0 626.0 18.0
22537.0 627.0 18.0
22573.0 628.0 18.0
22609.0 629.0 18.0
22645.0 630.0 18.0
22681.0 631.0 18.0
22717.0 632.0 18.0
22753.0 633.0 18.0
22825.0 635.0 18.0
22825.0 635.0 18.0
23005.0 640.0 18.0
23077.0 642.0 18.0
23257.0 647.0 18.0
23401.0 651.0 18.0
23545.0 655.0 18.0
23581.0 656.0 18.0
23725.0 660.0 18.0
23761.0 661.0 18.0
23833.0 663.0 18.0
23941.0 666.0 18.0
23977.0 667.0 18.0
24049.0 669.0 18.0
24697.0 687.0 18.0
24913.0 693.0 18.0
25165.0 700.0 18.0
