rev4
6337.0 177.0 18.0
6733.0 188.0 18.0
6805.0 190.0 18.0
6913.0 193.0 18.0
7021.0 196.0 18.0
7021.0 196.0 18.0
7021.0 196.0 18.0
7093.0 198.0 18.0
7129.0 199.0 18.0
7165.0 200.0 18.0
7165.0 200.0 18.0
7273.0 203.0 18.0
7309.0 204.0 18.0
7417.0 207.0 18.0
7453.0 208.0 18.0
7453.0 208.0 18.0
7489.0 209.0 18.0
7489.0 209.0 18.0
7489.0 209.0 18.0
7561.0 211.0 18.0
7561.0 211.0 18.0
7597.0 212.0 18.0
7597.0 212.0 18.0
7597.0 212.0 18.0
7669.0 214.0 18.0
7669.0 214.0 18.0
7669.0 214.0 18.0
7669.0 214.0 18.0
7669.0 214.0 18.0
7705.0 215.0 18.0
7705.0 215.0 18.0
7741.0 216.0 18.0
7777.0 217.0 18.0
7777.0 217.0 18.0
7777.0 217.0 18.0
7813.0 218.0 18.0
7813.0 218.0 18.0
7813.0 218.0 18.0
7849.0 219.0 18.0
7885.0 220.0 18.0
7885.0 220.0 18.0
7921.0 221.0 18.0
7957.0 222.0 18.0
7993.0 223.0 18.0
8101.0 226.0 18.0
8137.0 227.0 18.0
8137.0 227.0 18.0
8137.0 227.0 18.0
8137.0 227.0 18.0
8137.0 227.0 18.0
8173.0 228.0 18.0
8173.0 228.0 18.0
8209.0 229.0 18.0
8245.0 230.0 18.0
8245.0 230.0 18.0
8245.0 230.0 18.0
8281.0 231.0 18.0
8281.0 231.0 18.0
8317.0 232.0 18.0
8317.0 232.0 18.0
8353.0 233.0 18.0
8425.0 235.0 18.0
8461.0 236.0 18.0
8461.0 236.0 18.0
8461.0 236.0 18.0
8461.0 236.0 18.0
8497.0 237.0 18.0
8533.0 238.0 18.0
8605.0 240.0 18.0
8605.0 240.0 18.0
8605.0 240.0 18.0
8605.0 240.0 18.0
8641.0 241.0 18.0
8641.0 241.0 18.0
8677.0 242.0 18.0
8677.0 242.0 18.0
8713.0 243.0 18.0
8713.0 243.0 18.0
8785.0 245.0 18.0
8821.0 246.0 18.0
8857.0 247.0 18.0
8893.0 248.0 18.0
9001.0 251.0 18.0
9073.0 253.0 18.0
9109.0 254.0 18.0
9145.0 255.0 18.0
9145.0 255.0 18.0
9217.0 257.0 18.0
9325.0 260.0 18.0
9469.0 264.0 18.0
9505.0 265.0 18.0
9505.0 265.0 18.0
9685.0 270.0 18.0
9829.0 274.0 18.0
9829.0 274.0 18.0
9937.0 277.0 18.0
10045.0 280.0 18.0
10081.0 281.0 18.0
10261.0 286.0 18.0
11413.0 318.0 18.0
