rev2
1837.0 52.0 18.0
2017.0 57.0 18.0
2089.0 59.0 18.0
2125.0 60.0 18.0
2161.0 61.0 18.0
2161.0 61.0 18.0
2197.0 62.0 18.0
2197.0 62.0 18.0
2233.0 63.0 18.0
2269.0 64.0 18.0
2305.0 65.0 18.0
2305.0 65.0 18.0
2305.0 65.0 18.0
2305.0 65.0 18.0
2341.0 66.0 18.0
2377.0 67.0 18.0
2377.0 67.0 18.0
2377.0 67.0 18.0
2413.0 68.0 18.0
2413.0 68.0 18.0
2449.0 69.0 18.0
2485.0 70.0 18.0
2485.0 70.0 18.0
2485.0 70.0 18.0
2521.0 71.0 18.0
2521.0 71.0 18.0
2521.0 71.0 18.0
2521.0 71.0 18.0
2557.0 72.0 18.0
2557.0 72.0 18.0
2557.0 72.0 18.0
2593.0 73.0 18.0
2593.0 73.0 18.0
2593.0 73.0 18.0
2593.0 73.0 18.0
2629.0 74.0 18.0
2629.0 74.0 18.0
2629.0 74.0 18.0
2629.0 74.0 18.0
2665.0 75.0 18.0
2665.0 75.0 18.0
2665.0 75.0 18.0
2665.0 75.0 18.0
2701.0 76.0 18.0
2701.0 76.0 18.0
2701.0 76.0 18.0
2737.0 77.0 18.0
2737.0 77.0 18.0
2773.0 78.0 18.0
2773.0 78.0 18.0
2809.0 79.0 18.0
2809.0 79.0 18.0
2809.0 79.0 18.0
2809.0 79.0 18.0
2809.0 79.0 18.0
2809.0 79.0 18.0
2845.0 80.0 18.0
2845.0 80.0 18.0
2845.0 80.0 18.0
2917.0 82.0 18.0
2917.0 82.0 18.0
2953.0 83.0 18.0
2989.0 84.0 18.0
2989.0 84.0 18.0
2989.0 84.0 18.0
3025.0 85.0 18.0
3061.0 86.0 18.0
3061.0 86.0 18.0
3097.0 87.0 18.0
3097.0 87.0 18.0
3097.0 87.0 18.0
3133.0 88.0 18.0
3169.0 89.0 18.0
3169.0 89.0 18.0
3205.0 90.0 18.0
3241.0 91.0 18.0
3277.0 92.0 18.0
3277.0 92.0 18.0
3277.0 92.0 18.0
3313.0 93.0 18.0
3313.0 93.0 18.0
3313.0 93.0 18.0
3349.0 94.0 18.0
3421.0 96.0 18.0
3421.0 96.0 18.0
3421.0 96.0 18.0
3421.0 96.0 18.0
3457.0 97.0 18.0
3457.0 97.0 18.0
3493.0 98.0 18.0
3529.0 99.0 18.0
3565.0 100.0 18.0
3565.0 100.0 18.0
3601.0 101.0 18.0
3709.0 104.0 18.0
3781.0 106.0 18.0
3817.0 107.0 18.0
4033.0 113.0 18.0
4249.0 119.0 18.0
4609.0 129.0 18.0
