rev4
115489.0 3209.0 18.0
115669.0 3214.0 18.0
116209.0 3229.0 18.0
117217.0 3257.0 18.0
117217.0 3257.0 18.0
117685.0 3270.0 18.0
117721.0 3271.0 18.0
117721.0 3271.0 18.0
117865.0 3275.0 18.0
118657.0 3297.0 18.0
118693.0 3298.0 18.0
118873.0 3303.0 18.0
119053.0 3308.0 18.0
119125.0 3310.0 18.0
119845.0 3330.0 18.0
119917.0 3332.0 18.0
120349.0 3344.0 18.0
120997.0 3362.0 18.0
121105.0 3365.0 18.0
121717.0 3382.0 18.0
121753.0 3383.0 18.0
121825.0 3385.0 18.0
121933.0 3388.0 18.0
122149.0 3394.0 18.0
122545.0 3405.0 18.0
122833.0 3413.0 18.0
122905.0 3415.0 18.0
122905.0 3415.0 18.0
122941.0 3416.0 18.0
123013.0 3418.0 18.0
123121.0 3421.0 18.0
123337.0 3427.0 18.0
123805.0 3440.0 18.0
123913.0 3443.0 18.0
124129.0 3449.0 18.0
124237.0 3452.0 18.0
124237.0 3452.0 18.0
124741.0 3466.0 18.0
124813.0 3468.0 18.0
125065.0 3475.0 18.0
125137.0 3477.0 18.0
125497.0 3487.0 18.0
125569.0 3489.0 18.0
125569.0 3489.0 18.0
125605.0 3490.0 18.0
125641.0 3491.0 18.0
125749.0 3494.0 18.0
125749.0 3494.0 18.0
125929.0 3499.0 18.0
126289.0 3509.0 18.0
127621.0 3546.0 18.0
127657.0 3547.0 18.0
127981.0 3556.0 18.0
128053.0 3558.0 18.0
128557.0 3572.0 18.0
128737.0 3577.0 18.0
128845.0 3580.0 18.0
129025.0 3585.0 18.0
129061.0 3586.0 18.0
129565.0 3600.0 18.0
129637.0 3602.0 18.0
130105.0 3615.0 18.0
130285.0 3620.0 18.0
130321.0 3621.0 18.0
130357.0 3622.0 18.0
130429.0 3624.0 18.0
130465.0 3625.0 18.0
130609.0 3629.0 18.0
130861.0 3636.0 18.0
131077.0 3642.0 18.0
131149.0 3644.0 18.0
131509.0 3654.0 18.0
131617.0 3657.0 18.0
132085.0 3670.0 18.0
132121.0 3671.0 18.0
132229.0 3674.0 18.0
132445.0 3680.0 18.0
132517.0 3682.0 18.0
132985.0 3695.0 18.0
133093.0 3698.0 18.0
133201.0 3701.0 18.0
133381.0 3706.0 18.0
133453.0 3708.0 18.0
134353.0 3733.0 18.0
135037.0 3752.0 18.0
135109.0 3754.0 18.0
135505.0 3765.0 18.0
135757.0 3772.0 18.0
136477.0 3792.0 18.0
137197.0 3812.0 18.0
137269.0 3814.0 18.0
137521.0 3821.0 18.0
137629.0 3824.0 18.0
138097.0 3837.0 18.0
138709.0 3854.0 18.0
140185.0 3895.0 18.0
141445.0 3930.0 18.0
141553.0 3933.0 18.0
142597.0 3962.0 18.0
148537.0 4127.0 18.0
