rev2
75853.0 2108.0 18.0
76501.0 2126.0 18.0
76933.0 2138.0 18.0
77005.0 2140.0 18.0
77185.0 2145.0 18.0
77329.0 2149.0 18.0
77329.0 2149.0 18.0
77509.0 2154.0 18.0
78769.0 2189.0 18.0
78877.0 2192.0 18.0
79237.0 2202.0 18.0
79309.0 2204.0 18.0
79633.0 2213.0 18.0
79669.0 2214.0 18.0
79777.0 2217.0 18.0
79993.0 2223.0 18.0
80209.0 2229.0 18.0
80461.0 2236.0 18.0
80497.0 2237.0 18.0
80569.0 2239.0 18.0
80641.0 2241.0 18.0
80641.0 2241.0 18.0
80713.0 2243.0 18.0
80893.0 2248.0 18.0
80929.0 2249.0 18.0
80965.0 2250.0 18.0
81217.0 2257.0 18.0
81397.0 2262.0 18.0
81577.0 2267.0 18.0
81685.0 2270.0 18.0
81685.0 2270.0 18.0
81757.0 2272.0 18.0
82081.0 2281.0 18.0
82189.0 2284.0 18.0
82261.0 2286.0 18.0
82261.0 2286.0 18.0
82297.0 2287.0 18.0
82369.0 2289.0 18.0
82405.0 2290.0 18.0
82729.0 2299.0 18.0
82765.0 2300.0 18.0
83269.0 2314.0 18.0
83305.0 2315.0 18.0
83341.0 2316.0 18.0
83665.0 2325.0 18.0
83845.0 2330.0 18.0
84025.0 2335.0 18.0
84169.0 2339.0 18.0
84205.0 2340.0 18.0
84493.0 2348.0 18.0
84493.0 2348.0 18.0
84529.0 2349.0 18.0
84565.0 2350.0 18.0
84745.0 2355.0 18.0
84781.0 2356.0 18.0
84781.0 2356.0 18.0
84853.0 2358.0 18.0
84961.0 2361.0 18.0
85285.0 2370.0 18.0
85321.0 2371.0 18.0
85357.0 2372.0 18.0
85393.0 2373.0 18.0
85537.0 2377.0 18.0
85645.0 2380.0 18.0
85645.0 2380.0 18.0
85789.0 2384.0 18.0
85789.0 2384.0 18.0
85825.0 2385.0 18.0
85933.0 2388.0 18.0
86221.0 2396.0 18.0
86257.0 2397.0 18.0
86725.0 2410.0 18.0
86761.0 2411.0 18.0
86797.0 2412.0 18.0
87625.0 2435.0 18.0
87733.0 2438.0 18.0
88057.0 2447.0 18.0
88993.0 2473.0 18.0
89065.0 2475.0 18.0
89101.0 2476.0 18.0
89461.0 2486.0 18.0
89713.0 2493.0 18.0
90505.0 2515.0 18.0
91189.0 2534.0 18.0
91441.0 2541.0 18.0
92269.0 2564.0 18.0
92845.0 2580.0 18.0
92917.0 2582.0 18.0
92953.0 2583.0 18.0
92989.0 2584.0 18.0
93745.0 2605.0 18.0
95041.0 2641.0 18.0
95833.0 2663.0 18.0
97309.0 2704.0 18.0
97489.0 2709.0 18.0
98317.0 2732.0 18.0
98893.0 2748.0 18.0
99721.0 2771.0 18.0
100369.0 2789.0 18.0
101305.0 2815.0 18.0
