rev2
311869.0 8664.0 18.0
317341.0 8816.0 18.0
319753.0 8883.0 18.0
320797.0 8912.0 18.0
321337.0 8927.0 18.0
321805.0 8940.0 18.0
322165.0 8950.0 18.0
322417.0 8957.0 18.0
322525.0 8960.0 18.0
322705.0 8965.0 18.0
323569.0 8989.0 18.0
324361.0 9011.0 18.0
326197.0 9062.0 18.0
326413.0 9068.0 18.0
326701.0 9076.0 18.0
326809.0 9079.0 18.0
327025.0 9085.0 18.0
327709.0 9104.0 18.0
328105.0 9115.0 18.0
328465.0 9125.0 18.0
328825.0 9135.0 18.0
329077.0 9142.0 18.0
329545.0 9155.0 18.0
329761.0 9161.0 18.0
329833.0 9163.0 18.0
330409.0 9179.0 18.0
330445.0 9180.0 18.0
330913.0 9193.0 18.0
331381.0 9206.0 18.0
331849.0 9219.0 18.0
331885.0 9220.0 18.0
331993.0 9223.0 18.0
332425.0 9235.0 18.0
332821.0 9246.0 18.0
333397.0 9262.0 18.0
333613.0 9268.0 18.0
333793.0 9273.0 18.0
333865.0 9275.0 18.0
333973.0 9278.0 18.0
334585.0 9295.0 18.0
334909.0 9304.0 18.0
336133.0 9338.0 18.0
336637.0 9352.0 18.0
338149.0 9394.0 18.0
338725.0 9410.0 18.0
338941.0 9416.0 18.0
339733.0 9438.0 18.0
340597.0 9462.0 18.0
342613.0 9518.0 18.0
342649.0 9519.0 18.0
342721.0 9521.0 18.0
343153.0 9533.0 18.0
343225.0 9535.0 18.0
343261.0 9536.0 18.0
343513.0 9543.0 18.0
343909.0 9554.0 18.0
344593.0 9573.0 18.0
345133.0 9588.0 18.0
345709.0 9604.0 18.0
346069.0 9614.0 18.0
346357.0 9622.0 18.0
346573.0 9628.0 18.0
346825.0 9635.0 18.0
347041.0 9641.0 18.0
348013.0 9668.0 18.0
348553.0 9683.0 18.0
349057.0 9697.0 18.0
350137.0 9727.0 18.0
350353.0 9733.0 18.0
351289.0 9759.0 18.0
351685.0 9770.0 18.0
352765.0 9800.0 18.0
354097.0 9837.0 18.0
354529.0 9849.0 18.0
355105.0 9865.0 18.0
355825.0 9885.0 18.0
356185.0 9895.0 18.0
357481.0 9931.0 18.0
358057.0 9947.0 18.0
358597.0 9962.0 18.0
361909.0 10054.0 18.0
362953.0 10083.0 18.0
363925.0 10110.0 18.0
364393.0 10123.0 18.0
365833.0 10163.0 18.0
368389.0 10234.0 18.0
370477.0 10292.0 18.0
371881.0 10331.0 18.0
372817.0 10357.0 18.0
373861.0 10386.0 18.0
378829.0 10524.0 18.0
378829.0 10524.0 18.0
380989.0 10584.0 18.0
383473.0 10653.0 18.0
383977.0 10667.0 18.0
384913.0 10693.0 18.0
385561.0 10711.0 18.0
407845.0 11330.0 18.0
411913.0 11443.0 18.0
429805.0 11940.0 18.0
