rev4
1.5821245E7 439480.0 18.0
1.5873047E7 440919.0 18.0
1.5891191E7 441423.0 18.0
1.5916609E7 442129.0 18.0
1.5926653E7 442408.0 18.0
1.5946669E7 442964.0 18.0
1.5986358E7 444067.0 18.0
1.5997481E7 444376.0 18.0
1.6070544E7 446405.0 18.0
1.6082027E7 446724.0 18.0
1.6103593E7 447323.0 18.0
1.6104813E7 447357.0 18.0
1.6131853E7 448108.0 18.0
1.6166914E7 449082.0 18.0
1.6178365E7 449400.0 18.0
1.6182973E7 449528.0 18.0
1.6186823E7 449635.0 18.0
1.6210297E7 450287.0 18.0
1.6211159E7 450311.0 18.0
1.623852E7 451071.0 18.0
1.6255009E7 451529.0 18.0
1.6255691E7 451548.0 18.0
1.6337123E7 453810.0 18.0
1.6357897E7 454387.0 18.0
1.6360488E7 454459.0 18.0
1.6395031E7 455419.0 18.0
1.6401527E7 455599.0 18.0
1.6401889E7 455609.0 18.0
1.6415137E7 455977.0 18.0
1.6417404E7 456040.0 18.0
1.6438824E7 456635.0 18.0
1.6439688E7 456659.0 18.0
1.6455456E7 457097.0 18.0
1.6503589E7 458434.0 18.0
1.6514065E7 458725.0 18.0
1.6518708E7 458854.0 18.0
1.6530265E7 459175.0 18.0
1.6532964E7 459250.0 18.0
1.6546933E7 459638.0 18.0
1.6563889E7 460109.0 18.0
1.6571772E7 460328.0 18.0
1.6572743E7 460355.0 18.0
1.6572924E7 460360.0 18.0
1.657692E7 460471.0 18.0
1.6608061E7 461336.0 18.0
1.6623055E7 461753.0 18.0
1.6640136E7 462227.0 18.0
1.6665121E7 462921.0 18.0
1.6677648E7 463269.0 18.0
1.6678729E7 463299.0 18.0
1.6718221E7 464396.0 18.0
1.6719553E7 464433.0 18.0
1.6739461E7 464986.0 18.0
1.6792236E7 466452.0 18.0
1.679778E7 466606.0 18.0
1.6810705E7 466965.0 18.0
1.6825249E7 467369.0 18.0
1.6880401E7 468901.0 18.0
1.6883857E7 468997.0 18.0
1.6885296E7 469037.0 18.0
1.6887599E7 469101.0 18.0
1.6911503E7 469765.0 18.0
1.6955749E7 470994.0 18.0
1.6989301E7 471926.0 18.0
1.7004348E7 472344.0 18.0
1.7009245E7 472480.0 18.0
1.7011297E7 472537.0 18.0
1.7013889E7 472609.0 18.0
1.7027459E7 472986.0 18.0
1.7033185E7 473145.0 18.0
1.7047225E7 473535.0 18.0
1.7048197E7 473562.0 18.0
1.7077752E7 474383.0 18.0
1.7079911E7 474443.0 18.0
1.7111664E7 475325.0 18.0
1.713744E7 476041.0 18.0
1.7169337E7 476927.0 18.0
1.7198747E7 477744.0 18.0
1.724958E7 479156.0 18.0
1.7266159E7 479617.0 18.0
1.7275608E7 479879.0 18.0
1.7275609E7 479879.0 18.0
1.7279244E7 479980.0 18.0
1.7284211E7 480118.0 18.0
1.7291521E7 480321.0 18.0
1.732932E7 481371.0 18.0
1.7342965E7 481750.0 18.0
1.73696E7 482490.0 18.0
1.7387821E7 482996.0 18.0
1.7430228E7 484174.0 18.0
1.7431201E7 484201.0 18.0
1.7445961E7 484611.0 18.0
1.7659692E7 490548.0 18.0
1.766106E7 490586.0 18.0
1.7665129E7 490699.0 18.0
1.7767873E7 493553.0 18.0
1.8078947E7 502194.0 18.0
1.8225864E7 506275.0 18.0
1.8316008E7 508779.0 18.0
1.8423073E7 511753.0 18.0
