rev4
7875649.0 218769.0 18.0
7884541.0 219016.0 18.0
7932781.0 220356.0 18.0
7936921.0 220471.0 18.0
7943869.0 220664.0 18.0
7949700.0 220826.0 18.0
7949809.0 220829.0 18.0
7957549.0 221044.0 18.0
7962589.0 221184.0 18.0
7977204.0 221590.0 18.0
7978068.0 221614.0 18.0
7992469.0 222014.0 18.0
7992685.0 222020.0 18.0
8010541.0 222516.0 18.0
8047549.0 223544.0 18.0
8052157.0 223672.0 18.0
8060761.0 223911.0 18.0
8070949.0 224194.0 18.0
8071489.0 224209.0 18.0
8074189.0 224284.0 18.0
8081515.0 224488.0 18.0
8091144.0 224755.0 18.0
8113465.0 225375.0 18.0
8137009.0 226029.0 18.0
8150761.0 226411.0 18.0
8151552.0 226433.0 18.0
8159617.0 226657.0 18.0
8162857.0 226747.0 18.0
8162857.0 226747.0 18.0
8163487.0 226765.0 18.0
8164225.0 226785.0 18.0
8174449.0 227069.0 18.0
8200908.0 227804.0 18.0
8201377.0 227817.0 18.0
8204221.0 227896.0 18.0
8209549.0 228044.0 18.0
8214121.0 228171.0 18.0
8221105.0 228365.0 18.0
8233021.0 228696.0 18.0
8234353.0 228733.0 18.0
8237449.0 228819.0 18.0
8241265.0 228925.0 18.0
8242705.0 228965.0 18.0
8242777.0 228967.0 18.0
8276329.0 229899.0 18.0
8304589.0 230684.0 18.0
8309412.0 230818.0 18.0
8310637.0 230852.0 18.0
8325145.0 231255.0 18.0
8331229.0 231424.0 18.0
8334307.0 231510.0 18.0
8344045.0 231780.0 18.0
8347213.0 231868.0 18.0
8367157.0 232422.0 18.0
8368525.0 232460.0 18.0
8371909.0 232554.0 18.0
8380729.0 232799.0 18.0
8382205.0 232840.0 18.0
8386055.0 232947.0 18.0
8398927.0 233305.0 18.0
8430192.0 234173.0 18.0
8440488.0 234459.0 18.0
8441569.0 234489.0 18.0
8441677.0 234492.0 18.0
8441929.0 234499.0 18.0
8449633.0 234713.0 18.0
8450425.0 234735.0 18.0
8453988.0 234834.0 18.0
8463852.0 235108.0 18.0
8464285.0 235120.0 18.0
8486533.0 235738.0 18.0
8499456.0 236097.0 18.0
8515333.0 236538.0 18.0
8521236.0 236702.0 18.0
8538336.0 237177.0 18.0
8539237.0 237202.0 18.0
8551909.0 237554.0 18.0
8561557.0 237822.0 18.0
8567569.0 237989.0 18.0
8610481.0 239181.0 18.0
8630533.0 239738.0 18.0
8665740.0 240716.0 18.0
8667037.0 240752.0 18.0
8715565.0 242100.0 18.0
8741557.0 242822.0 18.0
8759485.0 243320.0 18.0
8786737.0 244077.0 18.0
8789436.0 244152.0 18.0
8806789.0 244634.0 18.0
8812477.0 244792.0 18.0
8878501.0 246626.0 18.0
8901433.0 247263.0 18.0
8911441.0 247541.0 18.0
8933580.0 248156.0 18.0
8971398.0 249207.0 18.0
9019765.0 250550.0 18.0
9153757.0 254272.0 18.0
9179569.0 254989.0 18.0
9245377.0 256817.0 18.0
9293617.0 258157.0 18.0
