rev4
959329.0 26649.0 18.0
969049.0 26919.0 18.0
974917.0 27082.0 18.0
979669.0 27214.0 18.0
981721.0 27271.0 18.0
984925.0 27360.0 18.0
988849.0 27469.0 18.0
988885.0 27470.0 18.0
989101.0 27476.0 18.0
989857.0 27497.0 18.0
990001.0 27501.0 18.0
990253.0 27508.0 18.0
990469.0 27514.0 18.0
991621.0 27546.0 18.0
996049.0 27669.0 18.0
996085.0 27670.0 18.0
997309.0 27704.0 18.0
997525.0 27710.0 18.0
999901.0 27776.0 18.0
1001521.0 27821.0 18.0
1003645.0 27880.0 18.0
1004257.0 27897.0 18.0
1004437.0 27902.0 18.0
1005589.0 27934.0 18.0
1005589.0 27934.0 18.0
1006525.0 27960.0 18.0
1008937.0 28027.0 18.0
1009333.0 28038.0 18.0
1009585.0 28045.0 18.0
1011745.0 28105.0 18.0
1013329.0 28149.0 18.0
1013941.0 28166.0 18.0
1014805.0 28190.0 18.0
1015597.0 28212.0 18.0
1019089.0 28309.0 18.0
1019845.0 28330.0 18.0
1020205.0 28340.0 18.0
1022005.0 28390.0 18.0
1022221.0 28396.0 18.0
1023373.0 28428.0 18.0
1023949.0 28444.0 18.0
1024381.0 28456.0 18.0
1024849.0 28469.0 18.0
1025497.0 28487.0 18.0
1027945.0 28555.0 18.0
1028269.0 28564.0 18.0
1028376.0 28567.0 18.0
1028809.0 28579.0 18.0
1030177.0 28617.0 18.0
1031725.0 28660.0 18.0
1032049.0 28669.0 18.0
1036693.0 28798.0 18.0
1039249.0 28869.0 18.0
1041301.0 28926.0 18.0
1041877.0 28942.0 18.0
1043425.0 28985.0 18.0
1045081.0 29031.0 18.0
1046233.0 29063.0 18.0
1047673.0 29103.0 18.0
1049365.0 29150.0 18.0
1049725.0 29160.0 18.0
1052605.0 29240.0 18.0
1053072.0 29253.0 18.0
1054585.0 29295.0 18.0
1056421.0 29346.0 18.0
1059697.0 29437.0 18.0
1060417.0 29457.0 18.0
1061209.0 29479.0 18.0
1061497.0 29487.0 18.0
1061893.0 29498.0 18.0
1062289.0 29509.0 18.0
1062865.0 29525.0 18.0
1064377.0 29567.0 18.0
1065997.0 29612.0 18.0
1066069.0 29614.0 18.0
1067941.0 29666.0 18.0
1068193.0 29673.0 18.0
1069489.0 29709.0 18.0
1069885.0 29720.0 18.0
1072693.0 29798.0 18.0
1073557.0 29822.0 18.0
1074601.0 29851.0 18.0
1077805.0 29940.0 18.0
1079029.0 29974.0 18.0
1081693.0 30048.0 18.0
1084429.0 30124.0 18.0
1089793.0 30273.0 18.0
1093897.0 30387.0 18.0
1094077.0 30392.0 18.0
1094077.0 30392.0 18.0
1099549.0 30544.0 18.0
1099945.0 30555.0 18.0
1108225.0 30785.0 18.0
1108369.0 30789.0 18.0
1108549.0 30794.0 18.0
1130977.0 31417.0 18.0
1140409.0 31679.0 18.0
1144657.0 31797.0 18.0
1145089.0 31809.0 18.0
1212912.0 33693.0 18.0
