rev2
38161.0 1061.0 18.0
38413.0 1068.0 18.0
38521.0 1071.0 18.0
38593.0 1073.0 18.0
38629.0 1074.0 18.0
38665.0 1075.0 18.0
38737.0 1077.0 18.0
38989.0 1084.0 18.0
39133.0 1088.0 18.0
39169.0 1089.0 18.0
39277.0 1092.0 18.0
40033.0 1113.0 18.0
40069.0 1114.0 18.0
40285.0 1120.0 18.0
40393.0 1123.0 18.0
40465.0 1125.0 18.0
40501.0 1126.0 18.0
40537.0 1127.0 18.0
40573.0 1128.0 18.0
40573.0 1128.0 18.0
40717.0 1132.0 18.0
40789.0 1134.0 18.0
40825.0 1135.0 18.0
40861.0 1136.0 18.0
40933.0 1138.0 18.0
40969.0 1139.0 18.0
41041.0 1141.0 18.0
41077.0 1142.0 18.0
41185.0 1145.0 18.0
41185.0 1145.0 18.0
41257.0 1147.0 18.0
41257.0 1147.0 18.0
41329.0 1149.0 18.0
41473.0 1153.0 18.0
41617.0 1157.0 18.0
41653.0 1158.0 18.0
41761.0 1161.0 18.0
41977.0 1167.0 18.0
42013.0 1168.0 18.0
42049.0 1169.0 18.0
42085.0 1170.0 18.0
42085.0 1170.0 18.0
42121.0 1171.0 18.0
42157.0 1172.0 18.0
42229.0 1174.0 18.0
42229.0 1174.0 18.0
42265.0 1175.0 18.0
42301.0 1176.0 18.0
42337.0 1177.0 18.0
42409.0 1179.0 18.0
42445.0 1180.0 18.0
42553.0 1183.0 18.0
42769.0 1189.0 18.0
42913.0 1193.0 18.0
42949.0 1194.0 18.0
43021.0 1196.0 18.0
43021.0 1196.0 18.0
43093.0 1198.0 18.0
43201.0 1201.0 18.0
43309.0 1204.0 18.0
43309.0 1204.0 18.0
43345.0 1205.0 18.0
43381.0 1206.0 18.0
43633.0 1213.0 18.0
43633.0 1213.0 18.0
43957.0 1222.0 18.0
43993.0 1223.0 18.0
44065.0 1225.0 18.0
44245.0 1230.0 18.0
44389.0 1234.0 18.0
44461.0 1236.0 18.0
44461.0 1236.0 18.0
44461.0 1236.0 18.0
44497.0 1237.0 18.0
44641.0 1241.0 18.0
44677.0 1242.0 18.0
44749.0 1244.0 18.0
44749.0 1244.0 18.0
44893.0 1248.0 18.0
44929.0 1249.0 18.0
44965.0 1250.0 18.0
45253.0 1258.0 18.0
45325.0 1260.0 18.0
45325.0 1260.0 18.0
45505.0 1265.0 18.0
45577.0 1267.0 18.0
45577.0 1267.0 18.0
45721.0 1271.0 18.0
45793.0 1273.0 18.0
45901.0 1276.0 18.0
46225.0 1285.0 18.0
46405.0 1290.0 18.0
46549.0 1294.0 18.0
47341.0 1316.0 18.0
47557.0 1322.0 18.0
49033.0 1363.0 18.0
49141.0 1366.0 18.0
49465.0 1375.0 18.0
49645.0 1380.0 18.0
51301.0 1426.0 18.0
