rev2
3925.0 110.0 18.0
4177.0 117.0 18.0
4249.0 119.0 18.0
4321.0 121.0 18.0
4357.0 122.0 18.0
4429.0 124.0 18.0
4429.0 124.0 18.0
4501.0 126.0 18.0
4501.0 126.0 18.0
4573.0 128.0 18.0
4573.0 128.0 18.0
4573.0 128.0 18.0
4609.0 129.0 18.0
4645.0 130.0 18.0
4645.0 130.0 18.0
4681.0 131.0 18.0
4717.0 132.0 18.0
4753.0 133.0 18.0
4753.0 133.0 18.0
4789.0 134.0 18.0
4825.0 135.0 18.0
4861.0 136.0 18.0
4897.0 137.0 18.0
4897.0 137.0 18.0
4933.0 138.0 18.0
4969.0 139.0 18.0
5005.0 140.0 18.0
5041.0 141.0 18.0
5041.0 141.0 18.0
5077.0 142.0 18.0
5113.0 143.0 18.0
5113.0 143.0 18.0
5113.0 143.0 18.0
5113.0 143.0 18.0
5113.0 143.0 18.0
5113.0 143.0 18.0
5113.0 143.0 18.0
5149.0 144.0 18.0
5149.0 144.0 18.0
5149.0 144.0 18.0
5185.0 145.0 18.0
5185.0 145.0 18.0
5257.0 147.0 18.0
5293.0 148.0 18.0
5365.0 150.0 18.0
5401.0 151.0 18.0
5401.0 151.0 18.0
5437.0 152.0 18.0
5473.0 153.0 18.0
5509.0 154.0 18.0
5509.0 154.0 18.0
5509.0 154.0 18.0
5545.0 155.0 18.0
5545.0 155.0 18.0
5545.0 155.0 18.0
5581.0 156.0 18.0
5581.0 156.0 18.0
5581.0 156.0 18.0
5581.0 156.0 18.0
5617.0 157.0 18.0
5617.0 157.0 18.0
5653.0 158.0 18.0
5689.0 159.0 18.0
5725.0 160.0 18.0
5725.0 160.0 18.0
5725.0 160.0 18.0
5725.0 160.0 18.0
5725.0 160.0 18.0
5761.0 161.0 18.0
5761.0 161.0 18.0
5797.0 162.0 18.0
5869.0 164.0 18.0
5869.0 164.0 18.0
5905.0 165.0 18.0
5905.0 165.0 18.0
5905.0 165.0 18.0
5941.0 166.0 18.0
5941.0 166.0 18.0
6013.0 168.0 18.0
6013.0 168.0 18.0
6049.0 169.0 18.0
6049.0 169.0 18.0
6049.0 169.0 18.0
6085.0 170.0 18.0
6121.0 171.0 18.0
6157.0 172.0 18.0
6157.0 172.0 18.0
6265.0 175.0 18.0
6265.0 175.0 18.0
6301.0 176.0 18.0
6301.0 176.0 18.0
6337.0 177.0 18.0
6445.0 180.0 18.0
6481.0 181.0 18.0
6481.0 181.0 18.0
6481.0 181.0 18.0
6697.0 187.0 18.0
6769.0 189.0 18.0
7093.0 198.0 18.0
7309.0 204.0 18.0
