rev2
1.92290426E8
1.93527637E8
1.94204366E8
1.94681686E8
1.95449524E8
1.9555788E8
1.97407354E8
1.97420775E8
1.98284403E8
1.98417106E8
1.99975269E8
2.00832186E8
2.00904798E8
2.01472255E8
2.01743645E8
2.019568E8
2.02017864E8
2.02061175E8
2.02323328E8
2.04185168E8
2.04858988E8
2.05567914E8
2.05846191E8
2.06123204E8
2.06350379E8
2.06861893E8
2.06891136E8
2.07286152E8
2.08030523E8
2.09020121E8
2.09205882E8
2.09298546E8
2.09687346E8
2.09837815E8
2.10185322E8
2.10972909E8
2.11054813E8
2.11213059E8
2.11606074E8
2.12274808E8
2.12478958E8
2.12661153E8
2.13468849E8
2.13845677E8
2.14314995E8
2.14357312E8
2.14359425E8
2.14615404E8
2.14851548E8
2.15014979E8
2.16090891E8
2.16784499E8
2.16795705E8
2.16958807E8
2.17088361E8
2.17131851E8
2.17363079E8
2.17991424E8
2.18105666E8
2.18292156E8
2.1839176E8
2.18532046E8
2.19623568E8
2.19636262E8
2.19745282E8
2.20330107E8
2.20513361E8
2.20685201E8
2.20864821E8
2.20870617E8
2.21976453E8
2.23031942E8
2.23232189E8
2.23318871E8
2.2394638E8
2.26160244E8
2.26201852E8
2.27463295E8
2.27777645E8
2.27931467E8
2.28166612E8
2.29189237E8
2.29609461E8
2.30294027E8
2.31136482E8
2.3150046E8
2.31511628E8
2.33497611E8
2.33580239E8
2.33630137E8
2.34512132E8
2.35792065E8
2.38570572E8
2.42554178E8
2.45788568E8
2.4830355E8
2.55590669E8
2.55864241E8
2.59999682E8
2.62304964E8
