rev1
6788042.0
6960623.0
7104824.0
7134082.0
7170835.0
7189528.0
7255373.0
7267502.0
7284270.0
7366556.0
7382608.0
7408583.0
7439646.0
7442805.0
7448646.0
7472238.0
7566982.0
7612081.0
7654203.0
7658008.0
7672937.0
7684081.0
7748718.0
7774994.0
7794048.0
7859722.0
7899150.0
7900620.0
7947136.0
7959160.0
7990347.0
8016536.0
8018332.0
8040207.0
8052426.0
8123766.0
8126108.0
8164944.0
8174517.0
8183514.0
8208864.0
8246066.0
8247085.0
8304948.0
8318925.0
8321771.0
8326784.0
8352036.0
8360153.0
8362640.0
8377346.0
8400201.0
8435622.0
8488204.0
8517611.0
8530640.0
8560452.0
8564830.0
8594736.0
8600695.0
8622005.0
8637271.0
8737211.0
8750795.0
8764091.0
8764136.0
8770662.0
8814768.0
8867149.0
8887691.0
8891640.0
8910728.0
8913234.0
8957452.0
9008234.0
9033492.0
9068577.0
9083741.0
9083806.0
9106117.0
9108614.0
9127654.0
9159825.0
9184850.0
9260399.0
9386986.0
9428169.0
9445644.0
9511732.0
9526884.0
9546948.0
9612175.0
9652338.0
9703788.0
9919042.0
1.0063666E7
1.0323384E7
1.0437682E7
1.0513008E7
1.1435534E7
