rev2
15938.0
17194.0
17407.0
17543.0
17680.0
17746.0
18180.0
18414.0
18428.0
18667.0
18936.0
18951.0
18975.0
19264.0
19380.0
19638.0
19849.0
20372.0
20541.0
20702.0
20713.0
20730.0
20783.0
20865.0
21005.0
21050.0
21266.0
21349.0
21640.0
21647.0
21775.0
21840.0
21846.0
21864.0
21887.0
21951.0
21971.0
22013.0
22077.0
22092.0
22129.0
22161.0
22332.0
22524.0
22541.0
22639.0
23092.0
23135.0
23252.0
23314.0
23819.0
23832.0
23947.0
24013.0
24219.0
24435.0
24497.0
24564.0
24571.0
24757.0
24778.0
24793.0
24839.0
24892.0
24897.0
25100.0
25106.0
25196.0
25354.0
25446.0
25486.0
25496.0
25899.0
26202.0
26206.0
26306.0
26458.0
26635.0
26744.0
26877.0
26940.0
26962.0
27546.0
27669.0
28327.0
28419.0
28678.0
29148.0
29432.0
29467.0
30053.0
30137.0
31310.0
32103.0
32541.0
33038.0
34287.0
36762.0
37012.0
44123.0
