rev1
262.0
292.0
297.0
310.0
322.0
327.0
350.0
352.0
352.0
356.0
359.0
370.0
372.0
372.0
384.0
384.0
387.0
400.0
417.0
419.0
448.0
448.0
449.0
450.0
454.0
465.0
471.0
472.0
478.0
485.0
487.0
489.0
492.0
499.0
500.0
506.0
510.0
514.0
523.0
525.0
531.0
533.0
537.0
540.0
546.0
550.0
559.0
566.0
572.0
573.0
575.0
576.0
577.0
580.0
600.0
602.0
607.0
610.0
611.0
615.0
615.0
618.0
618.0
621.0
637.0
641.0
647.0
654.0
658.0
662.0
671.0
675.0
682.0
684.0
688.0
702.0
703.0
704.0
717.0
725.0
731.0
735.0
745.0
749.0
751.0
769.0
798.0
809.0
819.0
823.0
825.0
847.0
849.0
868.0
930.0
993.0
994.0
997.0
1063.0
1108.0
