rev1
130679.0
144505.0
145813.0
146162.0
146487.0
151065.0
151656.0
151893.0
152134.0
152789.0
154430.0
154693.0
156651.0
158543.0
159015.0
159247.0
159518.0
160103.0
161976.0
162451.0
164083.0
164133.0
164150.0
164425.0
164456.0
166751.0
166871.0
166962.0
168017.0
168981.0
169285.0
170467.0
170603.0
170822.0
171412.0
172791.0
173156.0
173877.0
174909.0
176159.0
176259.0
177973.0
178561.0
178806.0
179685.0
180405.0
180870.0
181364.0
181900.0
182751.0
182929.0
183653.0
183719.0
184094.0
185154.0
185652.0
185854.0
185942.0
185996.0
186132.0
186926.0
187204.0
187232.0
188207.0
189155.0
189485.0
189933.0
190114.0
190960.0
191315.0
191413.0
191424.0
192371.0
192463.0
192559.0
195633.0
195759.0
198252.0
199045.0
200809.0
200848.0
200954.0
201186.0
202229.0
202505.0
203107.0
204276.0
205109.0
206756.0
207155.0
208111.0
229583.0
230916.0
232694.0
234553.0
237541.0
245672.0
246197.0
253142.0
253938.0
