rev2
8.9325726E7
8.9588703E7
9.1846439E7
9.2833928E7
9.2998507E7
9.3411959E7
9.3603678E7
9.3949206E7
9.450813E7
9.470357E7
9.4903224E7
9.5580259E7
9.5813481E7
9.6202771E7
9.6243917E7
9.6610003E7
9.6745355E7
9.6963042E7
9.7037716E7
9.7772826E7
9.8056197E7
9.8253917E7
9.8348141E7
9.9038934E7
9.927698E7
9.9816078E7
1.0004221E8
1.00255474E8
1.00301725E8
1.00572588E8
1.0060765E8
1.00615922E8
1.00986624E8
1.01020689E8
1.01074018E8
1.01122352E8
1.01340393E8
1.01415078E8
1.01430645E8
1.01453891E8
1.01642693E8
1.01713124E8
1.0177204E8
1.01787454E8
1.01846543E8
1.01898788E8
1.02121021E8
1.02206077E8
1.02289275E8
1.02535058E8
1.0266047E8
1.02673885E8
1.03416483E8
1.03906758E8
1.04017086E8
1.0424696E8
1.04698128E8
1.04926418E8
1.04957915E8
1.0561201E8
1.06159318E8
1.06238412E8
1.06505439E8
1.06680458E8
1.07268682E8
1.07524599E8
1.07532156E8
1.0754622E8
1.07882515E8
1.07919647E8
1.08268371E8
1.08421638E8
1.08957997E8
1.09139544E8
1.09487102E8
1.09549295E8
1.11372369E8
1.1171319E8
1.11835625E8
1.12047547E8
1.13063153E8
1.14208974E8
1.14629793E8
1.15095016E8
1.16026813E8
1.16286703E8
1.17187742E8
1.17294366E8
1.17600618E8
1.18661736E8
1.18826259E8
1.19074224E8
1.21206621E8
1.22678165E8
1.24719314E8
1.25063687E8
1.28306139E8
1.28546501E8
1.32868069E8
1.4117775E8
