rev2
453.0
484.0
509.0
519.0
582.0
597.0
602.0
610.0
633.0
641.0
663.0
670.0
672.0
685.0
687.0
691.0
695.0
701.0
703.0
723.0
726.0
731.0
736.0
745.0
746.0
751.0
786.0
787.0
790.0
794.0
807.0
826.0
826.0
828.0
844.0
845.0
847.0
864.0
866.0
866.0
872.0
880.0
882.0
882.0
885.0
888.0
889.0
893.0
893.0
904.0
925.0
926.0
928.0
938.0
939.0
941.0
944.0
949.0
967.0
976.0
981.0
994.0
994.0
994.0
1005.0
1011.0
1015.0
1018.0
1022.0
1027.0
1028.0
1049.0
1052.0
1061.0
1069.0
1070.0
1089.0
1112.0
1122.0
1124.0
1140.0
1168.0
1173.0
1215.0
1227.0
1237.0
1251.0
1265.0
1268.0
1278.0
1296.0
1314.0
1330.0
1348.0
1363.0
1441.0
1472.0
1494.0
1549.0
1644.0
