rev2
1951880.0
2013439.0
2053060.0
2067966.0
2085712.0
2095702.0
2096302.0
2122431.0
2150293.0
2158178.0
2166061.0
2172788.0
2173599.0
2176340.0
2188800.0
2189573.0
2196422.0
2207172.0
2217679.0
2229399.0
2232532.0
2237856.0
2243814.0
2253586.0
2260782.0
2284009.0
2290490.0
2293194.0
2293296.0
2295415.0
2296059.0
2300664.0
2303438.0
2309026.0
2322764.0
2331997.0
2334716.0
2339958.0
2341694.0
2346027.0
2370877.0
2383184.0
2384936.0
2386843.0
2393754.0
2402053.0
2407532.0
2422581.0
2435274.0
2451247.0
2452580.0
2452666.0
2457243.0
2457886.0
2468749.0
2469895.0
2471767.0
2472829.0
2475829.0
2488257.0
2488690.0
2492994.0
2494864.0
2497256.0
2499795.0
2500956.0
2555626.0
2557582.0
2560443.0
2569860.0
2574461.0
2585770.0
2587949.0
2599146.0
2603796.0
2610971.0
2615305.0
2618854.0
2623353.0
2626629.0
2631197.0
2647524.0
2663804.0
2666466.0
2666751.0
2704609.0
2706509.0
2716038.0
2732475.0
2741335.0
2779190.0
2809749.0
2811875.0
2812809.0
2816894.0
2836308.0
2837170.0
2865928.0
3152759.0
3331883.0
