rev2
46.0
66.0
67.0
68.0
76.0
77.0
79.0
86.0
89.0
90.0
93.0
95.0
96.0
99.0
100.0
101.0
101.0
101.0
102.0
103.0
104.0
106.0
113.0
113.0
116.0
116.0
120.0
121.0
124.0
125.0
127.0
132.0
136.0
138.0
141.0
141.0
141.0
142.0
143.0
148.0
149.0
150.0
154.0
155.0
157.0
160.0
160.0
160.0
163.0
165.0
165.0
166.0
166.0
167.0
169.0
170.0
177.0
178.0
180.0
181.0
181.0
181.0
186.0
186.0
187.0
187.0
188.0
191.0
192.0
196.0
197.0
198.0
202.0
204.0
205.0
211.0
211.0
213.0
215.0
221.0
225.0
225.0
226.0
230.0
231.0
231.0
235.0
240.0
265.0
269.0
269.0
272.0
274.0
285.0
327.0
344.0
368.0
373.0
433.0
500.0
