rev1
11694.0
11861.0
11925.0
12068.0
12551.0
12677.0
12941.0
13023.0
13175.0
13212.0
13240.0
13255.0
13423.0
13943.0
14100.0
14105.0
14254.0
14394.0
14768.0
14892.0
15161.0
15218.0
15424.0
15457.0
15526.0
15578.0
15655.0
15672.0
15678.0
15733.0
15786.0
15887.0
16012.0
16020.0
16125.0
16127.0
16135.0
16313.0
16347.0
16369.0
16607.0
16770.0
16831.0
16835.0
16886.0
16911.0
16972.0
16983.0
17108.0
17230.0
17238.0
17305.0
17403.0
17597.0
17601.0
17677.0
17935.0
18145.0
18199.0
18215.0
18323.0
18370.0
18445.0
18468.0
18637.0
18821.0
19062.0
19093.0
19303.0
19391.0
19452.0
19458.0
19663.0
20037.0
20288.0
20401.0
20403.0
20757.0
20795.0
20808.0
21211.0
21399.0
21938.0
22141.0
22257.0
22276.0
23306.0
23628.0
24338.0
24339.0
24413.0
24531.0
25097.0
25680.0
26498.0
26836.0
27686.0
28136.0
28665.0
30325.0
