rev2
17.0
23.0
25.0
26.0
27.0
27.0
27.0
27.0
28.0
29.0
29.0
29.0
30.0
30.0
31.0
31.0
33.0
34.0
34.0
35.0
35.0
35.0
35.0
37.0
37.0
38.0
39.0
41.0
42.0
43.0
43.0
44.0
44.0
44.0
45.0
45.0
46.0
46.0
47.0
48.0
48.0
48.0
49.0
51.0
52.0
52.0
53.0
53.0
53.0
55.0
55.0
56.0
57.0
57.0
59.0
59.0
59.0
59.0
61.0
61.0
61.0
61.0
61.0
62.0
62.0
63.0
65.0
65.0
66.0
70.0
70.0
71.0
72.0
72.0
73.0
76.0
76.0
76.0
76.0
77.0
79.0
79.0
80.0
80.0
81.0
81.0
84.0
85.0
85.0
88.0
89.0
90.0
92.0
95.0
100.0
107.0
119.0
124.0
141.0
175.0
