rev2
441554.0
444316.0
446327.0
447412.0
457961.0
460809.0
462283.0
464266.0
466333.0
467769.0
467851.0
475269.0
477137.0
479202.0
481401.0
482146.0
484718.0
486756.0
487799.0
488470.0
491156.0
491414.0
491702.0
496853.0
500173.0
502495.0
505797.0
506934.0
507286.0
509921.0
511513.0
511786.0
511877.0
512771.0
513467.0
515280.0
521110.0
530264.0
530443.0
531055.0
531833.0
532346.0
532466.0
533150.0
533177.0
533272.0
533468.0
533734.0
538681.0
539008.0
539276.0
540398.0
541981.0
542441.0
543226.0
544566.0
546474.0
550553.0
551144.0
552247.0
552838.0
558709.0
559890.0
560401.0
560842.0
561092.0
567258.0
568123.0
569378.0
570153.0
576685.0
580217.0
581779.0
583135.0
589160.0
593363.0
595468.0
595909.0
604448.0
604846.0
608362.0
610531.0
611701.0
611874.0
612678.0
614024.0
624267.0
627732.0
627904.0
633371.0
637938.0
653299.0
656316.0
659986.0
664345.0
671900.0
684641.0
692335.0
697306.0
744319.0
