rev1
1545433.0
1555349.0
1563400.0
1575353.0
1577699.0
1593091.0
1598975.0
1601435.0
1615337.0
1619396.0
1635127.0
1636866.0
1637562.0
1644292.0
1647095.0
1650209.0
1654431.0
1659550.0
1662605.0
1697518.0
1705020.0
1706415.0
1708892.0
1710298.0
1710506.0
1711664.0
1712852.0
1712946.0
1718911.0
1725661.0
1735798.0
1735957.0
1739016.0
1748575.0
1750563.0
1758807.0
1760851.0
1763751.0
1766078.0
1773963.0
1774151.0
1783285.0
1784146.0
1790662.0
1799040.0
1799707.0
1801282.0
1802080.0
1808647.0
1811785.0
1814138.0
1822837.0
1833014.0
1839973.0
1843898.0
1847586.0
1866869.0
1867063.0
1886593.0
1895365.0
1923745.0
1924892.0
1936939.0
1942187.0
1959541.0
1970616.0
1978519.0
1993825.0
1994731.0
2001441.0
2002711.0
2007451.0
2018950.0
2027752.0
2035537.0
2040961.0
2050869.0
2055813.0
2071176.0
2092190.0
2110645.0
2112158.0
2114094.0
2147077.0
2147856.0
2167776.0
2173100.0
2208340.0
2222258.0
2225865.0
2278808.0
2284996.0
2310175.0
2345621.0
2355528.0
2367197.0
2384026.0
2402745.0
2475492.0
2480491.0
