rev1
6.3874216E8
6.39469619E8
6.42296127E8
6.50087328E8
6.51470719E8
6.52813074E8
6.5647657E8
6.58378071E8
6.62074739E8
6.7535468E8
6.76411228E8
6.78055638E8
6.78809705E8
6.7971289E8
6.81067207E8
6.84408502E8
6.85569761E8
6.86247093E8
6.86577513E8
6.87326897E8
6.90353794E8
6.92040057E8
6.92438634E8
6.92822723E8
6.94270681E8
6.96323765E8
6.96632726E8
6.96641345E8
6.96983819E8
6.97496236E8
6.98425486E8
7.02923254E8
7.03442115E8
7.04030899E8
7.05420441E8
7.06474156E8
7.07277503E8
7.08164608E8
7.08700804E8
7.09049069E8
7.09662752E8
7.11896099E8
7.12426147E8
7.14661099E8
7.15289221E8
7.15397194E8
7.18851721E8
7.19734098E8
7.20780768E8
7.21096781E8
7.23898836E8
7.25582544E8
7.27946866E8
7.28071497E8
7.28678921E8
7.30362852E8
7.30677847E8
7.30845372E8
7.33476923E8
7.33949398E8
7.3497018E8
7.35247812E8
7.38520286E8
7.41848002E8
7.42650966E8
7.43995566E8
7.45737321E8
7.45985619E8
7.48355399E8
7.50528071E8
7.50580696E8
7.52050309E8
7.54905457E8
7.59461697E8
7.5985158E8
7.65471187E8
7.65908221E8
7.66305479E8
7.68645583E8
7.69771241E8
7.70407609E8
7.71368239E8
7.76900804E8
7.82687529E8
7.89427224E8
7.90068608E8
7.90275227E8
7.91402416E8
7.95706529E8
7.97944189E8
8.01184273E8
8.01679791E8
8.02811816E8
8.12030193E8
8.15486597E8
8.2979585E8
8.4200549E8
8.47170749E8
8.63050706E8
8.84013441E8
