rev2
1.9536267E7
2.053798E7
2.0675382E7
2.0947723E7
2.0952128E7
2.1046856E7
2.1132365E7
2.1161378E7
2.1210086E7
2.1225415E7
2.1266949E7
2.1334855E7
2.1339008E7
2.1415714E7
2.1434862E7
2.1600246E7
2.1621373E7
2.1634831E7
2.1681033E7
2.1705821E7
2.1707415E7
2.1984612E7
2.2060082E7
2.2153386E7
2.2327923E7
2.2408961E7
2.2464457E7
2.247186E7
2.2485103E7
2.2573751E7
2.2574195E7
2.2603055E7
2.2607383E7
2.264463E7
2.2649483E7
2.2703E7
2.2722452E7
2.277262E7
2.2807084E7
2.2921317E7
2.2967829E7
2.3040983E7
2.3062261E7
2.3116187E7
2.3120498E7
2.3122322E7
2.3164645E7
2.3204395E7
2.3215741E7
2.3254957E7
2.3265119E7
2.3272122E7
2.329437E7
2.3333059E7
2.33793E7
2.3410519E7
2.3467656E7
2.3541114E7
2.3639421E7
2.3649263E7
2.381301E7
2.3821435E7
2.3843887E7
2.3926696E7
2.3954517E7
2.4015543E7
2.4136156E7
2.434045E7
2.4438357E7
2.4605598E7
2.4660968E7
2.473779E7
2.4741348E7
2.4814478E7
2.4828908E7
2.4884151E7
2.4988884E7
2.5022055E7
2.503264E7
2.5109731E7
2.5365072E7
2.5545042E7
2.5609285E7
2.5693371E7
2.6099512E7
2.6218714E7
2.6308817E7
2.6419453E7
2.6505653E7
2.6636708E7
2.7189727E7
2.7915277E7
2.8004269E7
2.8110125E7
2.824585E7
2.8275234E7
2.9130348E7
2.9404079E7
2.9540704E7
3.3703828E7
