rev2
9464186.0
9484097.0
9554972.0
9593787.0
9781374.0
9842052.0
9947433.0
9994536.0
1.001301E7
1.0085258E7
1.0132873E7
1.0137276E7
1.0144898E7
1.0154515E7
1.018694E7
1.0278413E7
1.0278466E7
1.0297683E7
1.0332844E7
1.0339604E7
1.0373904E7
1.039081E7
1.0395539E7
1.0402327E7
1.0419693E7
1.0486028E7
1.0490998E7
1.0544662E7
1.0615321E7
1.0648963E7
1.065825E7
1.0665381E7
1.0682578E7
1.0720366E7
1.0731073E7
1.0746776E7
1.0763091E7
1.0810911E7
1.0823466E7
1.0840989E7
1.0853452E7
1.0907282E7
1.0945913E7
1.0965138E7
1.0982284E7
1.0984189E7
1.101921E7
1.1056825E7
1.113275E7
1.1185063E7
1.1293981E7
1.1339595E7
1.1353203E7
1.1373827E7
1.1415764E7
1.1419659E7
1.144953E7
1.1493392E7
1.154816E7
1.1575599E7
1.1648951E7
1.1649932E7
1.1659278E7
1.167093E7
1.167184E7
1.1760327E7
1.186473E7
1.1887571E7
1.1909785E7
1.1922348E7
1.1927076E7
1.2066488E7
1.2105779E7
1.2113165E7
1.2187283E7
1.2187523E7
1.2263312E7
1.2283922E7
1.235515E7
1.2399746E7
1.2432615E7
1.2444056E7
1.2538319E7
1.2576891E7
1.2629231E7
1.2639306E7
1.2744925E7
1.2746529E7
1.2755071E7
1.2849247E7
1.2976394E7
1.2999294E7
1.3104338E7
1.3398625E7
1.3411853E7
1.3440686E7
1.4170805E7
1.4248467E7
1.4649751E7
1.540563E7
