rev2
1222.0
1234.0
1307.0
1414.0
1418.0
1421.0
1481.0
1493.0
1514.0
1531.0
1536.0
1537.0
1565.0
1573.0
1581.0
1583.0
1613.0
1633.0
1636.0
1659.0
1664.0
1699.0
1733.0
1736.0
1741.0
1753.0
1762.0
1778.0
1780.0
1787.0
1788.0
1795.0
1810.0
1816.0
1819.0
1852.0
1857.0
1862.0
1865.0
1875.0
1876.0
1877.0
1911.0
1955.0
1956.0
1957.0
1959.0
1960.0
1963.0
2009.0
2018.0
2022.0
2024.0
2086.0
2102.0
2103.0
2135.0
2157.0
2157.0
2162.0
2166.0
2180.0
2197.0
2206.0
2218.0
2219.0
2232.0
2240.0
2258.0
2263.0
2273.0
2323.0
2337.0
2350.0
2370.0
2463.0
2543.0
2545.0
2607.0
2617.0
2666.0
2736.0
2738.0
2741.0
2774.0
2779.0
2811.0
2847.0
2867.0
2872.0
2916.0
2958.0
3049.0
3092.0
3147.0
3196.0
3280.0
3502.0
3802.0
3966.0
