rev2
192069.0
192921.0
196568.0
197576.0
201555.0
205127.0
207092.0
208957.0
209022.0
210459.0
212269.0
213976.0
217668.0
218458.0
219557.0
220198.0
224467.0
225140.0
225381.0
225558.0
226028.0
226796.0
227801.0
228462.0
229872.0
230364.0
232389.0
232582.0
233102.0
233928.0
234003.0
234400.0
234756.0
235290.0
235566.0
235609.0
235715.0
236606.0
237496.0
238274.0
238492.0
238525.0
239218.0
240653.0
240957.0
241071.0
241245.0
241417.0
241704.0
241705.0
241858.0
242215.0
242563.0
244507.0
244790.0
244902.0
244966.0
245803.0
247292.0
247904.0
249346.0
250303.0
250371.0
250774.0
251398.0
251742.0
251879.0
254263.0
255669.0
256096.0
261363.0
262803.0
263700.0
264821.0
265073.0
267420.0
267509.0
268370.0
268973.0
272509.0
273604.0
280401.0
281895.0
283649.0
284525.0
285183.0
287230.0
289766.0
289804.0
292984.0
293062.0
294117.0
295235.0
295329.0
296583.0
303901.0
304478.0
330540.0
337180.0
379212.0
