rev2
3199.0
3294.0
3311.0
3324.0
3329.0
3367.0
3426.0
3437.0
3645.0
3739.0
3759.0
3760.0
3780.0
3787.0
3791.0
3825.0
3841.0
3845.0
3921.0
3933.0
3934.0
3934.0
3946.0
3983.0
3998.0
4030.0
4046.0
4095.0
4136.0
4143.0
4196.0
4211.0
4259.0
4261.0
4274.0
4281.0
4301.0
4302.0
4347.0
4357.0
4366.0
4385.0
4495.0
4526.0
4539.0
4544.0
4563.0
4563.0
4565.0
4594.0
4604.0
4608.0
4618.0
4673.0
4685.0
4690.0
4692.0
4707.0
4714.0
4724.0
4735.0
4771.0
4775.0
4782.0
4875.0
4900.0
4904.0
4978.0
4993.0
5004.0
5027.0
5064.0
5113.0
5137.0
5145.0
5158.0
5175.0
5185.0
5234.0
5354.0
5402.0
5471.0
5562.0
5580.0
5604.0
5624.0
5670.0
5687.0
5714.0
5733.0
5754.0
5768.0
5868.0
6034.0
6128.0
6161.0
6348.0
6945.0
7207.0
7511.0
