rev2
37761.0
38466.0
38522.0
38567.0
38626.0
41182.0
41943.0
42032.0
42056.0
42310.0
42385.0
42535.0
42607.0
43267.0
43418.0
43472.0
43845.0
44717.0
45443.0
45444.0
45772.0
45791.0
45816.0
45910.0
46529.0
46663.0
46874.0
46999.0
47055.0
47771.0
47871.0
47877.0
47927.0
48018.0
48943.0
49425.0
50087.0
50152.0
50279.0
50289.0
50466.0
50507.0
50554.0
50587.0
50617.0
51142.0
51154.0
51248.0
51267.0
51349.0
51546.0
51562.0
51592.0
51654.0
51798.0
51841.0
52425.0
52433.0
52538.0
52841.0
53099.0
53509.0
53754.0
53912.0
53980.0
55020.0
55325.0
55639.0
55759.0
56185.0
56217.0
56424.0
57232.0
57336.0
57726.0
57766.0
57941.0
58846.0
58896.0
59225.0
59516.0
59625.0
62983.0
63122.0
63839.0
64588.0
64783.0
64905.0
65154.0
65162.0
66419.0
66836.0
67142.0
67164.0
67427.0
69004.0
78904.0
79799.0
80365.0
81519.0
