rev2
84881.0
92038.0
95495.0
95951.0
97727.0
97806.0
98384.0
98449.0
98541.0
100042.0
101410.0
101695.0
101978.0
102698.0
102961.0
103013.0
103312.0
105022.0
105316.0
105342.0
105653.0
105662.0
106214.0
106379.0
106697.0
106834.0
106905.0
107636.0
108057.0
108195.0
109190.0
109623.0
109958.0
110204.0
110227.0
110290.0
111775.0
112555.0
112663.0
112969.0
114109.0
114213.0
114769.0
115446.0
116419.0
116745.0
116846.0
117229.0
117420.0
118271.0
118484.0
118521.0
118552.0
118839.0
118939.0
119154.0
119829.0
119971.0
120151.0
120314.0
120623.0
121312.0
122186.0
122840.0
123288.0
123523.0
123535.0
124030.0
124788.0
125002.0
125261.0
125402.0
125411.0
125747.0
125903.0
126802.0
126898.0
126919.0
127009.0
127234.0
128691.0
128724.0
130420.0
130439.0
130443.0
131671.0
132626.0
132791.0
134459.0
134699.0
135918.0
139961.0
142024.0
143179.0
143394.0
143673.0
145360.0
147745.0
150502.0
163976.0
