rev2
42835.0
43251.0
44755.0
44950.0
44968.0
45486.0
46226.0
46333.0
46517.0
46542.0
46690.0
46694.0
47802.0
47886.0
47936.0
48028.0
48039.0
48080.0
48165.0
48371.0
48729.0
48756.0
48760.0
49077.0
49539.0
49631.0
49714.0
49842.0
49893.0
50356.0
50560.0
50882.0
50972.0
51345.0
51436.0
51760.0
51992.0
52003.0
52105.0
52661.0
53061.0
53312.0
53368.0
53447.0
53651.0
54109.0
54252.0
54567.0
54605.0
54915.0
55325.0
55608.0
56212.0
56717.0
56874.0
56916.0
57006.0
57107.0
57224.0
57850.0
57865.0
58025.0
58180.0
58294.0
58481.0
59043.0
59073.0
59158.0
59273.0
59597.0
60334.0
60351.0
60474.0
60489.0
60751.0
61010.0
61150.0
61602.0
62496.0
62974.0
63120.0
63157.0
64659.0
64668.0
64726.0
66053.0
67152.0
68199.0
68245.0
68374.0
68407.0
69083.0
69344.0
71864.0
73382.0
75029.0
78274.0
78419.0
83985.0
84323.0
