rev1
1.4686364E7
1.5255447E7
1.5337206E7
1.5350316E7
1.5432868E7
1.5523638E7
1.5687086E7
1.5746855E7
1.5807455E7
1.582284E7
1.5855242E7
1.5860962E7
1.5884491E7
1.590826E7
1.6079612E7
1.6134796E7
1.6196248E7
1.6247415E7
1.6248095E7
1.6275763E7
1.6441183E7
1.6443259E7
1.6475735E7
1.6477277E7
1.6614968E7
1.6616848E7
1.6617193E7
1.6643799E7
1.6714701E7
1.6745566E7
1.6797209E7
1.6855841E7
1.6898917E7
1.6899715E7
1.6927909E7
1.7191561E7
1.7288388E7
1.734348E7
1.7383856E7
1.7501804E7
1.7515265E7
1.7520214E7
1.7527157E7
1.7627477E7
1.7627564E7
1.7632264E7
1.7710456E7
1.7785044E7
1.7788158E7
1.792447E7
1.793757E7
1.795341E7
1.8040704E7
1.8096621E7
1.814782E7
1.818098E7
1.8192832E7
1.8192875E7
1.8332247E7
1.8358441E7
1.8363117E7
1.8433745E7
1.848778E7
1.8636231E7
1.8714697E7
1.8811559E7
1.8815723E7
1.8826041E7
1.8855073E7
1.8880591E7
1.8882504E7
1.8892885E7
1.8947391E7
1.9099727E7
1.9151383E7
1.916377E7
1.9192175E7
1.9233555E7
1.931135E7
1.9372287E7
1.9413663E7
1.9466196E7
1.9478229E7
1.9503613E7
1.9579402E7
1.9650666E7
1.976009E7
1.9779604E7
1.9861348E7
1.9977123E7
2.0038055E7
2.0171005E7
2.0179265E7
2.0385917E7
2.0587261E7
2.0619301E7
2.0933506E7
2.120507E7
2.1674036E7
2.316235E7
