rev1
797.0
951.0
960.0
967.0
976.0
1054.0
1061.0
1108.0
1109.0
1118.0
1154.0
1159.0
1165.0
1167.0
1191.0
1212.0
1215.0
1218.0
1224.0
1248.0
1252.0
1289.0
1300.0
1316.0
1330.0
1356.0
1358.0
1360.0
1376.0
1399.0
1409.0
1426.0
1429.0
1432.0
1436.0
1437.0
1439.0
1457.0
1471.0
1471.0
1474.0
1484.0
1487.0
1492.0
1497.0
1499.0
1521.0
1528.0
1539.0
1550.0
1573.0
1575.0
1589.0
1592.0
1595.0
1599.0
1608.0
1634.0
1642.0
1646.0
1653.0
1675.0
1677.0
1686.0
1689.0
1760.0
1774.0
1776.0
1799.0
1803.0
1824.0
1847.0
1859.0
1861.0
1874.0
1890.0
1894.0
1896.0
1901.0
1906.0
1915.0
1961.0
1970.0
2057.0
2063.0
2068.0
2106.0
2141.0
2251.0
2285.0
2336.0
2367.0
2418.0
2477.0
2534.0
2554.0
2750.0
2922.0
3031.0
3250.0
