rev1
6911157.0
7108985.0
7171717.0
7270395.0
7273235.0
7301904.0
7309935.0
7364621.0
7380534.0
7406968.0
7409676.0
7411241.0
7438452.0
7458533.0
7462888.0
7513846.0
7525636.0
7539903.0
7579009.0
7630622.0
7670034.0
7716349.0
7726936.0
7761192.0
7785389.0
7790770.0
7791003.0
7815621.0
7829386.0
7924901.0
7951510.0
7953197.0
7979543.0
7997413.0
8007665.0
8036293.0
8045465.0
8061727.0
8073651.0
8076074.0
8099729.0
8139781.0
8200225.0
8209081.0
8211941.0
8240659.0
8255339.0
8304411.0
8310991.0
8335503.0
8355669.0
8356021.0
8365656.0
8371701.0
8412111.0
8458105.0
8459205.0
8573301.0
8574264.0
8579109.0
8652920.0
8656530.0
8685287.0
8690603.0
8713903.0
8795803.0
8891254.0
8896993.0
8940285.0
8957594.0
8962563.0
8968779.0
9038643.0
9046943.0
9111053.0
9143181.0
9163363.0
9178070.0
9281527.0
9323065.0
9386491.0
9483162.0
9487092.0
9615398.0
9702696.0
9778453.0
9875362.0
9900426.0
9962339.0
1.0119495E7
1.0128585E7
1.0275931E7
1.0392558E7
1.04504E7
1.0460808E7
1.0518923E7
1.070459E7
1.1099346E7
1.1351569E7
1.1575212E7
