rev2
18076.0
18842.0
19264.0
19915.0
20461.0
20661.0
20778.0
21078.0
21252.0
21526.0
21594.0
21648.0
21908.0
21945.0
22250.0
22332.0
22360.0
22373.0
22378.0
22397.0
22421.0
22426.0
22495.0
22499.0
22550.0
22602.0
22713.0
22787.0
22839.0
22930.0
23081.0
23114.0
23140.0
23595.0
23668.0
23707.0
23720.0
23743.0
23859.0
23883.0
24094.0
24144.0
24300.0
24382.0
24527.0
24723.0
24760.0
24768.0
24770.0
24788.0
24836.0
25001.0
25046.0
25101.0
25153.0
25247.0
25285.0
25337.0
25603.0
25670.0
25675.0
25780.0
25862.0
25959.0
26040.0
26049.0
26087.0
26195.0
26490.0
26776.0
27047.0
27092.0
27156.0
27235.0
27435.0
27598.0
27712.0
27832.0
28372.0
28604.0
28969.0
29033.0
29061.0
29129.0
29154.0
29192.0
30001.0
30065.0
30534.0
30657.0
30957.0
32031.0
32054.0
32123.0
32358.0
32398.0
32523.0
34663.0
35299.0
36279.0
