rev2
1479.0
1523.0
1581.0
1589.0
1598.0
1625.0
1638.0
1705.0
1721.0
1777.0
1782.0
1785.0
1800.0
1831.0
1835.0
1837.0
1860.0
1889.0
1893.0
1932.0
1945.0
1945.0
1946.0
1950.0
1959.0
1960.0
1974.0
1976.0
1983.0
2007.0
2023.0
2035.0
2051.0
2060.0
2070.0
2091.0
2103.0
2109.0
2125.0
2142.0
2149.0
2159.0
2186.0
2190.0
2210.0
2252.0
2255.0
2263.0
2277.0
2285.0
2292.0
2300.0
2302.0
2319.0
2333.0
2335.0
2338.0
2357.0
2360.0
2430.0
2430.0
2439.0
2463.0
2481.0
2482.0
2499.0
2545.0
2559.0
2562.0
2570.0
2597.0
2634.0
2649.0
2673.0
2673.0
2699.0
2702.0
2741.0
2813.0
2831.0
2872.0
3006.0
3037.0
3056.0
3127.0
3149.0
3161.0
3257.0
3352.0
3401.0
3450.0
3463.0
3464.0
3485.0
3486.0
3534.0
3537.0
3607.0
4038.0
4434.0
