rev1
288115.0
294696.0
314073.0
314667.0
324393.0
330335.0
337070.0
337691.0
339310.0
339446.0
341220.0
343511.0
345748.0
346202.0
348683.0
349666.0
358464.0
359329.0
359721.0
360738.0
366677.0
367948.0
369439.0
369520.0
370504.0
371673.0
373879.0
375290.0
376363.0
378717.0
379045.0
379374.0
381171.0
381335.0
381416.0
383891.0
385135.0
386805.0
387855.0
389424.0
394874.0
395021.0
395340.0
395697.0
396456.0
397756.0
399374.0
399749.0
400897.0
401073.0
401086.0
401260.0
402910.0
403948.0
404075.0
404933.0
406017.0
409802.0
414854.0
415803.0
416212.0
416875.0
418117.0
420813.0
422325.0
423145.0
425292.0
431057.0
431494.0
432435.0
433063.0
434828.0
438070.0
440522.0
441277.0
442023.0
442630.0
443324.0
444219.0
450717.0
450853.0
451814.0
452035.0
455222.0
459081.0
461291.0
462201.0
462919.0
472836.0
477381.0
484940.0
486423.0
488509.0
488566.0
492992.0
505561.0
522239.0
525509.0
535986.0
610439.0
