rev1
5881.0
5926.0
5937.0
6010.0
6073.0
6160.0
6368.0
6373.0
6465.0
6508.0
6510.0
6545.0
6554.0
6654.0
6684.0
6723.0
6772.0
6779.0
6895.0
6985.0
7020.0
7058.0
7090.0
7091.0
7121.0
7181.0
7188.0
7250.0
7329.0
7387.0
7391.0
7418.0
7420.0
7441.0
7475.0
7481.0
7511.0
7520.0
7554.0
7557.0
7572.0
7591.0
7593.0
7642.0
7709.0
7709.0
7777.0
7788.0
7837.0
7856.0
7861.0
7898.0
7939.0
8068.0
8140.0
8154.0
8282.0
8305.0
8347.0
8347.0
8371.0
8380.0
8412.0
8438.0
8453.0
8481.0
8494.0
8574.0
8604.0
8633.0
8732.0
8850.0
8892.0
8962.0
9028.0
9073.0
9092.0
9179.0
9350.0
9523.0
9657.0
9673.0
9822.0
9825.0
9918.0
10105.0
10111.0
10385.0
10508.0
10590.0
10670.0
10671.0
10821.0
10982.0
11005.0
11082.0
11920.0
12657.0
12877.0
12929.0
