rev1
3298803.0
3302328.0
3311962.0
3353484.0
3373635.0
3391638.0
3438175.0
3455969.0
3470245.0
3477312.0
3521459.0
3524419.0
3528654.0
3535429.0
3541288.0
3553922.0
3595776.0
3602476.0
3607436.0
3617215.0
3618703.0
3644503.0
3647029.0
3666895.0
3668875.0
3672184.0
3672997.0
3695997.0
3698054.0
3712532.0
3733350.0
3767689.0
3780005.0
3786305.0
3795865.0
3798439.0
3804337.0
3805597.0
3808099.0
3822023.0
3858973.0
3860251.0
3862927.0
3864293.0
3864818.0
3887830.0
3891940.0
3908089.0
3915946.0
3926210.0
3929065.0
3935689.0
3956880.0
3978500.0
3981157.0
3984886.0
3991081.0
3991422.0
3997218.0
4000433.0
4000721.0
4007830.0
4056984.0
4076872.0
4102988.0
4124736.0
4130806.0
4148263.0
4158074.0
4229547.0
4231908.0
4236389.0
4262754.0
4264997.0
4294373.0
4310846.0
4330189.0
4350675.0
4360532.0
4389567.0
4398033.0
4401306.0
4409192.0
4425612.0
4458580.0
4485732.0
4600773.0
4628043.0
4646177.0
4689094.0
4792382.0
4851660.0
4886275.0
5062332.0
5079150.0
5081868.0
5236824.0
5331419.0
5459108.0
5574806.0
