rev1
685660.0
718499.0
722581.0
725763.0
726794.0
736665.0
747264.0
754339.0
754341.0
754912.0
756024.0
760169.0
761067.0
762025.0
771660.0
775220.0
775498.0
775691.0
776511.0
779719.0
781520.0
787132.0
789193.0
794186.0
797032.0
805703.0
806738.0
807540.0
811930.0
812721.0
814162.0
816748.0
823443.0
824206.0
826662.0
827322.0
828055.0
829516.0
832317.0
837668.0
839847.0
839852.0
842111.0
847982.0
848849.0
851893.0
852988.0
860657.0
861310.0
861537.0
866416.0
872076.0
872949.0
879364.0
882644.0
886681.0
888796.0
889682.0
891436.0
893379.0
894416.0
896249.0
897730.0
902011.0
902160.0
902943.0
905772.0
906245.0
907187.0
908370.0
909310.0
923083.0
925984.0
926837.0
926898.0
929450.0
931049.0
931355.0
934846.0
936463.0
939674.0
943338.0
944084.0
963554.0
966045.0
969885.0
970097.0
978539.0
983502.0
987577.0
1002661.0
1009667.0
1026228.0
1027103.0
1041844.0
1057849.0
1086661.0
1090086.0
1091551.0
1218492.0
