rev2
2.0365739E7
2.0530706E7
2.0564675E7
2.1020812E7
2.1038153E7
2.1087728E7
2.112449E7
2.1234338E7
2.1344027E7
2.1381673E7
2.1427488E7
2.1439467E7
2.1508203E7
2.1512915E7
2.1550084E7
2.1581126E7
2.1652934E7
2.1726119E7
2.1832819E7
2.1886066E7
2.1904837E7
2.2187231E7
2.2191521E7
2.2193882E7
2.219773E7
2.2269096E7
2.2300457E7
2.2334819E7
2.238114E7
2.2508993E7
2.2795826E7
2.2822597E7
2.2969376E7
2.3004685E7
2.3074114E7
2.3078443E7
2.3079106E7
2.3106512E7
2.3114754E7
2.3221468E7
2.3318005E7
2.336331E7
2.3368654E7
2.341498E7
2.3464737E7
2.3574486E7
2.3579366E7
2.3585691E7
2.3672594E7
2.3733474E7
2.3756854E7
2.37951E7
2.380137E7
2.3881483E7
2.3885624E7
2.3910425E7
2.3919222E7
2.3999023E7
2.4037704E7
2.4046414E7
2.4098142E7
2.409824E7
2.4107218E7
2.4140948E7
2.4321876E7
2.4407376E7
2.44569E7
2.4497669E7
2.4699286E7
2.476334E7
2.477782E7
2.5080562E7
2.5090642E7
2.5172635E7
2.5185584E7
2.5356147E7
2.5369805E7
2.5615145E7
2.570392E7
2.5727305E7
2.5789529E7
2.5876368E7
2.5893215E7
2.5921091E7
2.5976317E7
2.6128968E7
2.6315816E7
2.631792E7
2.652064E7
2.6767235E7
2.6768958E7
2.7378571E7
2.7505047E7
2.8476971E7
2.8825035E7
2.8938321E7
3.0266349E7
3.0809936E7
3.1165688E7
3.3394622E7
