rev2
964625.0
980316.0
987929.0
993765.0
1006515.0
1008672.0
1009737.0
1019933.0
1021731.0
1021865.0
1025176.0
1028639.0
1038416.0
1050545.0
1058730.0
1059656.0
1062827.0
1064174.0
1065743.0
1072588.0
1072833.0
1073826.0
1074320.0
1075645.0
1078602.0
1080089.0
1082460.0
1087085.0
1091466.0
1104436.0
1104656.0
1105097.0
1109825.0
1110507.0
1115662.0
1120325.0
1120356.0
1122802.0
1124181.0
1126671.0
1131338.0
1137216.0
1139133.0
1140772.0
1142655.0
1150725.0
1150960.0
1151929.0
1164711.0
1167085.0
1170497.0
1170967.0
1178392.0
1179200.0
1181076.0
1187754.0
1191573.0
1192331.0
1210307.0
1212365.0
1214429.0
1218244.0
1218633.0
1222246.0
1229402.0
1233589.0
1234158.0
1242778.0
1257731.0
1260028.0
1270288.0
1270520.0
1274690.0
1276481.0
1279342.0
1286076.0
1288545.0
1290920.0
1302464.0
1303548.0
1330034.0
1336961.0
1337114.0
1341913.0
1345859.0
1358434.0
1370685.0
1373134.0
1377600.0
1413802.0
1444169.0
1444827.0
1450365.0
1464681.0
1475028.0
1478201.0
1555487.0
1663777.0
1715763.0
1811253.0
