rev4
22421.0 591.0 19.0
22459.0 592.0 19.0
22497.0 593.0 19.0
22573.0 595.0 19.0
22573.0 595.0 19.0
22611.0 596.0 19.0
22611.0 596.0 19.0
22687.0 598.0 19.0
22725.0 599.0 19.0
22801.0 601.0 19.0
22801.0 601.0 19.0
22801.0 601.0 19.0
22877.0 603.0 19.0
22915.0 604.0 19.0
22991.0 606.0 19.0
23029.0 607.0 19.0
23067.0 608.0 19.0
23067.0 608.0 19.0
23067.0 608.0 19.0
23105.0 609.0 19.0
23143.0 610.0 19.0
23143.0 610.0 19.0
23219.0 612.0 19.0
23219.0 612.0 19.0
23219.0 612.0 19.0
23295.0 614.0 19.0
23295.0 614.0 19.0
23295.0 614.0 19.0
23333.0 615.0 19.0
23333.0 615.0 19.0
23371.0 616.0 19.0
23371.0 616.0 19.0
23371.0 616.0 19.0
23409.0 617.0 19.0
23447.0 618.0 19.0
23523.0 620.0 19.0
23561.0 621.0 19.0
23599.0 622.0 19.0
23599.0 622.0 19.0
23637.0 623.0 19.0
23637.0 623.0 19.0
23637.0 623.0 19.0
23637.0 623.0 19.0
23637.0 623.0 19.0
23637.0 623.0 19.0
23675.0 624.0 19.0
23713.0 625.0 19.0
23713.0 625.0 19.0
23713.0 625.0 19.0
23713.0 625.0 19.0
23751.0 626.0 19.0
23789.0 627.0 19.0
23789.0 627.0 19.0
23789.0 627.0 19.0
23789.0 627.0 19.0
23903.0 630.0 19.0
23903.0 630.0 19.0
23941.0 631.0 19.0
24017.0 633.0 19.0
24017.0 633.0 19.0
24055.0 634.0 19.0
24055.0 634.0 19.0
24055.0 634.0 19.0
24093.0 635.0 19.0
24093.0 635.0 19.0
24131.0 636.0 19.0
24169.0 637.0 19.0
24169.0 637.0 19.0
24321.0 641.0 19.0
24359.0 642.0 19.0
24397.0 643.0 19.0
24473.0 645.0 19.0
24473.0 645.0 19.0
24473.0 645.0 19.0
24473.0 645.0 19.0
24549.0 647.0 19.0
24549.0 647.0 19.0
24549.0 647.0 19.0
24549.0 647.0 19.0
24625.0 649.0 19.0
24625.0 649.0 19.0
24625.0 649.0 19.0
24625.0 649.0 19.0
24663.0 650.0 19.0
24739.0 652.0 19.0
24815.0 654.0 19.0
24853.0 655.0 19.0
24853.0 655.0 19.0
24929.0 657.0 19.0
24929.0 657.0 19.0
25081.0 661.0 19.0
25081.0 661.0 19.0
25157.0 663.0 19.0
25195.0 664.0 19.0
25233.0 665.0 19.0
25309.0 667.0 19.0
25385.0 669.0 19.0
25461.0 671.0 19.0
26107.0 688.0 19.0
26183.0 690.0 19.0
