rev4
6515481.0 171461.0 19.0
6528021.0 171791.0 19.0
6563339.0 172721.0 19.0
6581335.0 173194.0 19.0
6589809.0 173417.0 19.0
6592506.0 173488.0 19.0
6597710.0 173625.0 19.0
6603755.0 173784.0 19.0
6608276.0 173903.0 19.0
6627352.0 174405.0 19.0
6631001.0 174501.0 19.0
6634687.0 174598.0 19.0
6644491.0 174856.0 19.0
6652775.0 175074.0 19.0
6655321.0 175141.0 19.0
6656765.0 175179.0 19.0
6657905.0 175209.0 19.0
6667215.0 175454.0 19.0
6669723.0 175520.0 19.0
6672269.0 175587.0 19.0
6674055.0 175634.0 19.0
6679033.0 175765.0 19.0
6693055.0 176134.0 19.0
6693206.0 176138.0 19.0
6695220.0 176191.0 19.0
6701206.0 176349.0 19.0
6703087.0 176398.0 19.0
6715285.0 176719.0 19.0
6716501.0 176751.0 19.0
6723075.0 176924.0 19.0
6726457.0 177013.0 19.0
6727901.0 177051.0 19.0
6733183.0 177190.0 19.0
6737249.0 177297.0 19.0
6740479.0 177382.0 19.0
6743861.0 177471.0 19.0
6745799.0 177522.0 19.0
6746749.0 177547.0 19.0
6747661.0 177571.0 19.0
6747736.0 177573.0 19.0
6748611.0 177596.0 19.0
6749257.0 177613.0 19.0
6750473.0 177645.0 19.0
6759479.0 177882.0 19.0
6760163.0 177900.0 19.0
6762937.0 177973.0 19.0
6762937.0 177973.0 19.0
6765597.0 178043.0 19.0
6766281.0 178061.0 19.0
6768067.0 178108.0 19.0
6775439.0 178302.0 19.0
6782012.0 178475.0 19.0
6785622.0 178570.0 19.0
6791171.0 178716.0 19.0
6791893.0 178735.0 19.0
6793603.0 178780.0 19.0
6794534.0 178805.0 19.0
6801241.0 178981.0 19.0
6802685.0 179019.0 19.0
6802894.0 179025.0 19.0
6815909.0 179367.0 19.0
6823889.0 179577.0 19.0
6826131.0 179636.0 19.0
6826549.0 179647.0 19.0
6831451.0 179776.0 19.0
6838253.0 179955.0 19.0
6839279.0 179982.0 19.0
6842281.0 180061.0 19.0
6842889.0 180077.0 19.0
6844180.0 180111.0 19.0
6844295.0 180114.0 19.0
6849691.0 180256.0 19.0
6856531.0 180436.0 19.0
6864321.0 180641.0 19.0
6866145.0 180689.0 19.0
6867057.0 180713.0 19.0
6870895.0 180814.0 19.0
6879521.0 181041.0 19.0
6879863.0 181050.0 19.0
6881421.0 181091.0 19.0
6881573.0 181095.0 19.0
6890313.0 181325.0 19.0
6891110.0 181346.0 19.0
6891833.0 181365.0 19.0
6892403.0 181380.0 19.0
6899205.0 181559.0 19.0
6912771.0 181916.0 19.0
6917293.0 182035.0 19.0
6929301.0 182351.0 19.0
6947465.0 182829.0 19.0
6956661.0 183071.0 19.0
6959283.0 183140.0 19.0
6972848.0 183497.0 19.0
7012331.0 184536.0 19.0
7013433.0 184565.0 19.0
7048317.0 185483.0 19.0
7070281.0 186061.0 19.0
7119947.0 187368.0 19.0
7190969.0 189237.0 19.0
7212781.0 189811.0 19.0
