rev4
2.6563331E7 699036.0 19.0
2.6711681E7 702940.0 19.0
2.6841073E7 706345.0 19.0
2.6841947E7 706368.0 19.0
2.6931968E7 708737.0 19.0
2.6943445E7 709039.0 19.0
2.6967005E7 709659.0 19.0
2.7018324E7 711010.0 19.0
2.7080054E7 712634.0 19.0
2.7090771E7 712916.0 19.0
2.7109428E7 713407.0 19.0
2.7135951E7 714105.0 19.0
2.7161147E7 714768.0 19.0
2.723551E7 716725.0 19.0
2.7240792E7 716864.0 19.0
2.7255349E7 717247.0 19.0
2.7258921E7 717341.0 19.0
2.7260935E7 717394.0 19.0
2.7262568E7 717437.0 19.0
2.7264621E7 717491.0 19.0
2.7275831E7 717786.0 19.0
2.7280428E7 717907.0 19.0
2.7319797E7 718943.0 19.0
2.7320633E7 718965.0 19.0
2.7324946E7 719079.0 19.0
2.7370489E7 720277.0 19.0
2.7377899E7 720472.0 19.0
2.7379419E7 720512.0 19.0
2.7384815E7 720654.0 19.0
2.7390097E7 720793.0 19.0
2.7392643E7 720860.0 19.0
2.7469821E7 722891.0 19.0
2.7485857E7 723313.0 19.0
2.7501018E7 723712.0 19.0
2.7506681E7 723861.0 19.0
2.7515801E7 724101.0 19.0
2.7522562E7 724279.0 19.0
2.7523211E7 724296.0 19.0
2.7537081E7 724661.0 19.0
2.7542173E7 724795.0 19.0
2.7559881E7 725261.0 19.0
2.7563187E7 725348.0 19.0
2.7575499E7 725672.0 19.0
2.7580781E7 725811.0 19.0
2.7600921E7 726341.0 19.0
2.7603125E7 726399.0 19.0
2.7610079E7 726582.0 19.0
2.7637325E7 727299.0 19.0
2.7644239E7 727481.0 19.0
2.7687599E7 728622.0 19.0
2.7690373E7 728695.0 19.0
2.7704507E7 729067.0 19.0
2.7707777E7 729153.0 19.0
2.7710852E7 729234.0 19.0
2.7729703E7 729730.0 19.0
2.7743363E7 730090.0 19.0
2.7747981E7 730211.0 19.0
2.7751363E7 730300.0 19.0
2.7753833E7 730365.0 19.0
2.7762572E7 730595.0 19.0
2.7770287E7 730798.0 19.0
2.7772111E7 730846.0 19.0
2.7844937E7 732763.0 19.0
2.7878321E7 733641.0 19.0
2.7910507E7 734488.0 19.0
2.7931331E7 735036.0 19.0
2.7932166E7 735058.0 19.0
2.7943434E7 735355.0 19.0
2.7944517E7 735383.0 19.0
2.7946682E7 735440.0 19.0
2.7951965E7 735579.0 19.0
2.7972863E7 736129.0 19.0
2.8045026E7 738028.0 19.0
2.8111071E7 739766.0 19.0
2.8130147E7 740268.0 19.0
2.8150856E7 740813.0 19.0
2.8155491E7 740935.0 19.0
2.8229365E7 742879.0 19.0
2.8230333E7 742905.0 19.0
2.8334129E7 745636.0 19.0
2.8369623E7 746570.0 19.0
2.8376007E7 746738.0 19.0
2.8380415E7 746854.0 19.0
2.8385659E7 746992.0 19.0
2.8426585E7 748069.0 19.0
2.8508626E7 750228.0 19.0
2.8548717E7 751283.0 19.0
2.8606591E7 752806.0 19.0
2.8614609E7 753017.0 19.0
2.8623881E7 753261.0 19.0
2.8743087E7 756398.0 19.0
2.8811791E7 758206.0 19.0
2.8963543E7 762200.0 19.0
2.9017903E7 763630.0 19.0
2.9142885E7 766919.0 19.0
2.9248297E7 769693.0 19.0
2.9256504E7 769909.0 19.0
2.9281015E7 770554.0 19.0
3.0007499E7 789672.0 19.0
3.0933026E7 814028.0 19.0
