rev4
92113.0 2425.0 19.0
93177.0 2453.0 19.0
93291.0 2456.0 19.0
93367.0 2458.0 19.0
93671.0 2466.0 19.0
93823.0 2470.0 19.0
94089.0 2477.0 19.0
94469.0 2487.0 19.0
94583.0 2490.0 19.0
94621.0 2491.0 19.0
94773.0 2495.0 19.0
94773.0 2495.0 19.0
94811.0 2496.0 19.0
94849.0 2497.0 19.0
94925.0 2499.0 19.0
95115.0 2504.0 19.0
95153.0 2505.0 19.0
95153.0 2505.0 19.0
95267.0 2508.0 19.0
95267.0 2508.0 19.0
95343.0 2510.0 19.0
95457.0 2513.0 19.0
95495.0 2514.0 19.0
95571.0 2516.0 19.0
95609.0 2517.0 19.0
95837.0 2523.0 19.0
95951.0 2526.0 19.0
96179.0 2532.0 19.0
96255.0 2534.0 19.0
96293.0 2535.0 19.0
96293.0 2535.0 19.0
96369.0 2537.0 19.0
96369.0 2537.0 19.0
96369.0 2537.0 19.0
96445.0 2539.0 19.0
96483.0 2540.0 19.0
96483.0 2540.0 19.0
96559.0 2542.0 19.0
96635.0 2544.0 19.0
96673.0 2545.0 19.0
96711.0 2546.0 19.0
96825.0 2549.0 19.0
96825.0 2549.0 19.0
96901.0 2551.0 19.0
96977.0 2553.0 19.0
96977.0 2553.0 19.0
97053.0 2555.0 19.0
97091.0 2556.0 19.0
97091.0 2556.0 19.0
97281.0 2561.0 19.0
97281.0 2561.0 19.0
97357.0 2563.0 19.0
97509.0 2567.0 19.0
97547.0 2568.0 19.0
97547.0 2568.0 19.0
97547.0 2568.0 19.0
97623.0 2570.0 19.0
97623.0 2570.0 19.0
97623.0 2570.0 19.0
97699.0 2572.0 19.0
97699.0 2572.0 19.0
97737.0 2573.0 19.0
97737.0 2573.0 19.0
97737.0 2573.0 19.0
97813.0 2575.0 19.0
97927.0 2578.0 19.0
98041.0 2581.0 19.0
98117.0 2583.0 19.0
98193.0 2585.0 19.0
98307.0 2588.0 19.0
98345.0 2589.0 19.0
98383.0 2590.0 19.0
98497.0 2593.0 19.0
98497.0 2593.0 19.0
98535.0 2594.0 19.0
98535.0 2594.0 19.0
98573.0 2595.0 19.0
98725.0 2599.0 19.0
98763.0 2600.0 19.0
98877.0 2603.0 19.0
99029.0 2607.0 19.0
99029.0 2607.0 19.0
99105.0 2609.0 19.0
99181.0 2611.0 19.0
99447.0 2618.0 19.0
99447.0 2618.0 19.0
99485.0 2619.0 19.0
99523.0 2620.0 19.0
99599.0 2622.0 19.0
99827.0 2628.0 19.0
99903.0 2630.0 19.0
99941.0 2631.0 19.0
100435.0 2644.0 19.0
100701.0 2651.0 19.0
100929.0 2657.0 19.0
101081.0 2661.0 19.0
101347.0 2668.0 19.0
101461.0 2671.0 19.0
101765.0 2679.0 19.0
102221.0 2691.0 19.0
