rev4
2.23168243E8 5872850.0 19.0
2.23425956E8 5879632.0 19.0
2.23822429E8 5890065.0 19.0
2.2394692E8 5893341.0 19.0
2.24096849E8 5897287.0 19.0
2.24990985E8 5920818.0 19.0
2.25356638E8 5930439.0 19.0
2.25403266E8 5931666.0 19.0
2.25464905E8 5933288.0 19.0
2.25526901E8 5934920.0 19.0
2.26114397E8 5950380.0 19.0
2.26123099E8 5950609.0 19.0
2.26251292E8 5953984.0 19.0
2.26335617E8 5956202.0 19.0
2.26385588E8 5957517.0 19.0
2.26463754E8 5959574.0 19.0
2.26542016E8 5961633.0 19.0
2.26588735E8 5962863.0 19.0
2.26639824E8 5964207.0 19.0
2.2677237E8 5967696.0 19.0
2.26858345E8 5969958.0 19.0
2.26876929E8 5970447.0 19.0
2.26885535E8 5970674.0 19.0
2.26915891E8 5971472.0 19.0
2.27046997E8 5974923.0 19.0
2.27210656E8 5979229.0 19.0
2.27372581E8 5983490.0 19.0
2.27420499E8 5984751.0 19.0
2.27568166E8 5988637.0 19.0
2.27569E8 5988659.0 19.0
2.27775303E8 5994088.0 19.0
2.27975794E8 5999364.0 19.0
2.28012499E8 6000330.0 19.0
2.28148195E8 6003902.0 19.0
2.28559224E8 6014718.0 19.0
2.28570528E8 6015015.0 19.0
2.28777097E8 6020451.0 19.0
2.28831968E8 6021895.0 19.0
2.28898035E8 6023634.0 19.0
2.29036484E8 6027277.0 19.0
2.29446918E8 6038078.0 19.0
2.29449549E8 6038147.0 19.0
2.29491079E8 6039240.0 19.0
2.29542133E8 6040584.0 19.0
2.29663332E8 6043773.0 19.0
2.29700307E8 6044746.0 19.0
2.29907918E8 6050210.0 19.0
2.29912461E8 6050329.0 19.0
2.30422818E8 6063760.0 19.0
2.30627906E8 6069157.0 19.0
2.30679322E8 6070510.0 19.0
2.30726518E8 6071752.0 19.0
2.30910817E8 6076602.0 19.0
2.31014954E8 6079343.0 19.0
2.31091375E8 6081353.0 19.0
2.31140963E8 6082658.0 19.0
2.31249981E8 6085527.0 19.0
2.31324521E8 6087489.0 19.0
2.31435766E8 6090417.0 19.0
2.31811169E8 6100295.0 19.0
2.32008635E8 6105492.0 19.0
2.32107572E8 6108095.0 19.0
2.32398574E8 6115754.0 19.0
2.32459775E8 6117364.0 19.0
2.32530834E8 6119234.0 19.0
2.32587011E8 6120712.0 19.0
2.32769355E8 6125511.0 19.0
2.32804221E8 6126428.0 19.0
2.32821319E8 6126878.0 19.0
2.32855088E8 6127767.0 19.0
2.32907411E8 6129144.0 19.0
2.32965304E8 6130667.0 19.0
2.33017897E8 6132051.0 19.0
2.33088654E8 6133913.0 19.0
2.33240749E8 6137916.0 19.0
2.33261801E8 6138470.0 19.0
2.33814093E8 6153004.0 19.0
2.33870638E8 6154492.0 19.0
2.3408777E8 6160206.0 19.0
2.3413168E8 6161361.0 19.0
2.34347557E8 6167042.0 19.0
2.34384983E8 6168027.0 19.0
2.34769147E8 6178138.0 19.0
2.34840985E8 6180028.0 19.0
2.34859131E8 6180505.0 19.0
2.34948668E8 6182861.0 19.0
2.35133322E8 6187720.0 19.0
2.3533016E8 6192900.0 19.0
2.36006733E8 6210705.0 19.0
2.36051704E8 6211888.0 19.0
2.36275144E8 6217768.0 19.0
2.36391534E8 6220831.0 19.0
2.36557994E8 6225212.0 19.0
2.36643588E8 6227464.0 19.0
2.37465359E8 6249090.0 19.0
2.38726524E8 6282278.0 19.0
2.39149577E8 6293411.0 19.0
2.39845779E8 6311732.0 19.0
2.39849709E8 6311836.0 19.0
2.45366986E8 6457027.0 19.0
