rev4
381559.0 10042.0 19.0
387297.0 10193.0 19.0
387411.0 10196.0 19.0
388741.0 10231.0 19.0
388969.0 10237.0 19.0
389159.0 10242.0 19.0
389463.0 10250.0 19.0
389843.0 10260.0 19.0
390261.0 10271.0 19.0
390299.0 10272.0 19.0
391287.0 10298.0 19.0
391325.0 10299.0 19.0
391477.0 10303.0 19.0
391819.0 10312.0 19.0
391933.0 10315.0 19.0
391971.0 10316.0 19.0
392161.0 10321.0 19.0
393491.0 10356.0 19.0
393605.0 10359.0 19.0
393871.0 10366.0 19.0
393947.0 10368.0 19.0
393947.0 10368.0 19.0
394175.0 10374.0 19.0
394213.0 10375.0 19.0
394232.0 10376.0 19.0
394403.0 10380.0 19.0
394403.0 10380.0 19.0
394479.0 10382.0 19.0
394517.0 10383.0 19.0
394821.0 10391.0 19.0
395999.0 10422.0 19.0
396151.0 10426.0 19.0
396949.0 10447.0 19.0
397215.0 10454.0 19.0
397367.0 10458.0 19.0
397367.0 10458.0 19.0
397481.0 10461.0 19.0
397784.0 10469.0 19.0
397899.0 10472.0 19.0
398203.0 10480.0 19.0
398431.0 10486.0 19.0
398431.0 10486.0 19.0
398697.0 10493.0 19.0
398735.0 10494.0 19.0
398773.0 10495.0 19.0
398811.0 10496.0 19.0
398849.0 10497.0 19.0
398887.0 10498.0 19.0
399039.0 10502.0 19.0
399723.0 10520.0 19.0
399951.0 10526.0 19.0
400255.0 10534.0 19.0
400445.0 10539.0 19.0
400445.0 10539.0 19.0
400445.0 10539.0 19.0
401091.0 10556.0 19.0
401129.0 10557.0 19.0
401623.0 10570.0 19.0
401965.0 10579.0 19.0
402117.0 10583.0 19.0
402155.0 10584.0 19.0
402345.0 10589.0 19.0
403257.0 10613.0 19.0
403333.0 10615.0 19.0
403333.0 10615.0 19.0
403789.0 10627.0 19.0
403941.0 10631.0 19.0
404131.0 10636.0 19.0
404549.0 10647.0 19.0
405081.0 10661.0 19.0
405537.0 10673.0 19.0
405537.0 10673.0 19.0
405993.0 10685.0 19.0
406107.0 10688.0 19.0
406335.0 10694.0 19.0
406791.0 10706.0 19.0
406867.0 10708.0 19.0
407057.0 10713.0 19.0
407399.0 10722.0 19.0
407551.0 10726.0 19.0
407703.0 10730.0 19.0
407779.0 10732.0 19.0
407931.0 10736.0 19.0
408463.0 10750.0 19.0
409299.0 10772.0 19.0
410477.0 10803.0 19.0
410895.0 10814.0 19.0
410971.0 10816.0 19.0
411313.0 10825.0 19.0
412149.0 10847.0 19.0
412453.0 10855.0 19.0
413099.0 10872.0 19.0
414315.0 10904.0 19.0
414999.0 10922.0 19.0
415227.0 10928.0 19.0
415645.0 10939.0 19.0
416025.0 10949.0 19.0
421459.0 11092.0 19.0
425031.0 11186.0 19.0
429515.0 11304.0 19.0
