rev4
1585019.0 41712.0 19.0
1588553.0 41805.0 19.0
1593607.0 41938.0 19.0
1593683.0 41940.0 19.0
1595697.0 41993.0 19.0
1596571.0 42016.0 19.0
1602651.0 42176.0 19.0
1602955.0 42184.0 19.0
1603487.0 42198.0 19.0
1604019.0 42212.0 19.0
1604665.0 42229.0 19.0
1604741.0 42231.0 19.0
1607781.0 42311.0 19.0
1611163.0 42400.0 19.0
1611809.0 42417.0 19.0
1612074.0 42424.0 19.0
1614735.0 42494.0 19.0
1614811.0 42496.0 19.0
1615381.0 42511.0 19.0
1615951.0 42526.0 19.0
1616255.0 42534.0 19.0
1616863.0 42550.0 19.0
1618193.0 42585.0 19.0
1618649.0 42597.0 19.0
1619029.0 42607.0 19.0
1620340.0 42642.0 19.0
1622601.0 42701.0 19.0
1622829.0 42707.0 19.0
1622981.0 42711.0 19.0
1625033.0 42765.0 19.0
1626743.0 42810.0 19.0
1628567.0 42858.0 19.0
1629251.0 42876.0 19.0
1632329.0 42957.0 19.0
1632481.0 42961.0 19.0
1632481.0 42961.0 19.0
1633013.0 42975.0 19.0
1633165.0 42979.0 19.0
1633811.0 42996.0 19.0
1634191.0 43006.0 19.0
1635445.0 43039.0 19.0
1636013.0 43054.0 19.0
1637459.0 43092.0 19.0
1638903.0 43130.0 19.0
1639739.0 43152.0 19.0
1640005.0 43159.0 19.0
1642513.0 43225.0 19.0
1643121.0 43241.0 19.0
1643349.0 43247.0 19.0
1644869.0 43287.0 19.0
1644869.0 43287.0 19.0
1646351.0 43326.0 19.0
1646617.0 43333.0 19.0
1647149.0 43347.0 19.0
1649087.0 43398.0 19.0
1650265.0 43429.0 19.0
1650493.0 43435.0 19.0
1651823.0 43470.0 19.0
1653419.0 43512.0 19.0
1653495.0 43514.0 19.0
1653609.0 43517.0 19.0
1655167.0 43558.0 19.0
1656269.0 43587.0 19.0
1656269.0 43587.0 19.0
1662197.0 43743.0 19.0
1662425.0 43749.0 19.0
1663185.0 43769.0 19.0
1665275.0 43824.0 19.0
1669455.0 43934.0 19.0
1670405.0 43959.0 19.0
1672229.0 44007.0 19.0
1673445.0 44039.0 19.0
1678575.0 44174.0 19.0
1679031.0 44186.0 19.0
1679449.0 44197.0 19.0
1681121.0 44241.0 19.0
1681767.0 44258.0 19.0
1682071.0 44266.0 19.0
1682831.0 44286.0 19.0
1684655.0 44334.0 19.0
1685339.0 44352.0 19.0
1689481.0 44461.0 19.0
1694421.0 44591.0 19.0
1699399.0 44722.0 19.0
1702971.0 44816.0 19.0
1703161.0 44821.0 19.0
1706923.0 44920.0 19.0
1707721.0 44941.0 19.0
1711597.0 45043.0 19.0
1712281.0 45061.0 19.0
1712319.0 45062.0 19.0
1719387.0 45248.0 19.0
1719729.0 45257.0 19.0
1723757.0 45363.0 19.0
1727632.0 45465.0 19.0
1729761.0 45521.0 19.0
1748039.0 46002.0 19.0
1803519.0 47462.0 19.0
1820999.0 47922.0 19.0
1821531.0 47936.0 19.0
