rev4
267.0 8.0 19.0
305.0 9.0 19.0
305.0 9.0 19.0
305.0 9.0 19.0
305.0 9.0 19.0
305.0 9.0 19.0
305.0 9.0 19.0
305.0 9.0 19.0
305.0 9.0 19.0
305.0 9.0 19.0
305.0 9.0 19.0
305.0 9.0 19.0
305.0 9.0 19.0
305.0 9.0 19.0
343.0 10.0 19.0
343.0 10.0 19.0
343.0 10.0 19.0
343.0 10.0 19.0
343.0 10.0 19.0
343.0 10.0 19.0
343.0 10.0 19.0
343.0 10.0 19.0
343.0 10.0 19.0
343.0 10.0 19.0
343.0 10.0 19.0
343.0 10.0 19.0
343.0 10.0 19.0
343.0 10.0 19.0
343.0 10.0 19.0
343.0 10.0 19.0
343.0 10.0 19.0
343.0 10.0 19.0
343.0 10.0 19.0
381.0 11.0 19.0
381.0 11.0 19.0
381.0 11.0 19.0
381.0 11.0 19.0
381.0 11.0 19.0
381.0 11.0 19.0
381.0 11.0 19.0
381.0 11.0 19.0
381.0 11.0 19.0
381.0 11.0 19.0
381.0 11.0 19.0
381.0 11.0 19.0
381.0 11.0 19.0
381.0 11.0 19.0
381.0 11.0 19.0
381.0 11.0 19.0
381.0 11.0 19.0
381.0 11.0 19.0
381.0 11.0 19.0
381.0 11.0 19.0
381.0 11.0 19.0
381.0 11.0 19.0
419.0 12.0 19.0
419.0 12.0 19.0
419.0 12.0 19.0
419.0 12.0 19.0
419.0 12.0 19.0
419.0 12.0 19.0
419.0 12.0 19.0
419.0 12.0 19.0
419.0 12.0 19.0
419.0 12.0 19.0
419.0 12.0 19.0
419.0 12.0 19.0
419.0 12.0 19.0
419.0 12.0 19.0
419.0 12.0 19.0
419.0 12.0 19.0
419.0 12.0 19.0
419.0 12.0 19.0
419.0 12.0 19.0
457.0 13.0 19.0
457.0 13.0 19.0
457.0 13.0 19.0
457.0 13.0 19.0
457.0 13.0 19.0
457.0 13.0 19.0
457.0 13.0 19.0
457.0 13.0 19.0
495.0 14.0 19.0
495.0 14.0 19.0
495.0 14.0 19.0
495.0 14.0 19.0
495.0 14.0 19.0
495.0 14.0 19.0
495.0 14.0 19.0
495.0 14.0 19.0
495.0 14.0 19.0
533.0 15.0 19.0
533.0 15.0 19.0
533.0 15.0 19.0
533.0 15.0 19.0
533.0 15.0 19.0
533.0 15.0 19.0
533.0 15.0 19.0
571.0 16.0 19.0
723.0 20.0 19.0
