rev4
45069.0 1187.0 19.0
45145.0 1189.0 19.0
45715.0 1204.0 19.0
46437.0 1223.0 19.0
46437.0 1223.0 19.0
46437.0 1223.0 19.0
46437.0 1223.0 19.0
46551.0 1226.0 19.0
46551.0 1226.0 19.0
46627.0 1228.0 19.0
46627.0 1228.0 19.0
46703.0 1230.0 19.0
46779.0 1232.0 19.0
46779.0 1232.0 19.0
46969.0 1237.0 19.0
47007.0 1238.0 19.0
47045.0 1239.0 19.0
47045.0 1239.0 19.0
47083.0 1240.0 19.0
47083.0 1240.0 19.0
47121.0 1241.0 19.0
47121.0 1241.0 19.0
47159.0 1242.0 19.0
47159.0 1242.0 19.0
47159.0 1242.0 19.0
47197.0 1243.0 19.0
47197.0 1243.0 19.0
47235.0 1244.0 19.0
47235.0 1244.0 19.0
47273.0 1245.0 19.0
47463.0 1250.0 19.0
47463.0 1250.0 19.0
47501.0 1251.0 19.0
47501.0 1251.0 19.0
47539.0 1252.0 19.0
47615.0 1254.0 19.0
47729.0 1257.0 19.0
47767.0 1258.0 19.0
47881.0 1261.0 19.0
47881.0 1261.0 19.0
47881.0 1261.0 19.0
47881.0 1261.0 19.0
47957.0 1263.0 19.0
47957.0 1263.0 19.0
47957.0 1263.0 19.0
48033.0 1265.0 19.0
48033.0 1265.0 19.0
48071.0 1266.0 19.0
48071.0 1266.0 19.0
48071.0 1266.0 19.0
48071.0 1266.0 19.0
48109.0 1267.0 19.0
48109.0 1267.0 19.0
48147.0 1268.0 19.0
48223.0 1270.0 19.0
48261.0 1271.0 19.0
48299.0 1272.0 19.0
48337.0 1273.0 19.0
48337.0 1273.0 19.0
48451.0 1276.0 19.0
48489.0 1277.0 19.0
48489.0 1277.0 19.0
48527.0 1278.0 19.0
48527.0 1278.0 19.0
48641.0 1281.0 19.0
48641.0 1281.0 19.0
48717.0 1283.0 19.0
48717.0 1283.0 19.0
48793.0 1285.0 19.0
48831.0 1286.0 19.0
48869.0 1287.0 19.0
48869.0 1287.0 19.0
48869.0 1287.0 19.0
48907.0 1288.0 19.0
48907.0 1288.0 19.0
48945.0 1289.0 19.0
48983.0 1290.0 19.0
49021.0 1291.0 19.0
49059.0 1292.0 19.0
49097.0 1293.0 19.0
49211.0 1296.0 19.0
49249.0 1297.0 19.0
49287.0 1298.0 19.0
49325.0 1299.0 19.0
49401.0 1301.0 19.0
49477.0 1303.0 19.0
49553.0 1305.0 19.0
49629.0 1307.0 19.0
49705.0 1309.0 19.0
49781.0 1311.0 19.0
49857.0 1313.0 19.0
49857.0 1313.0 19.0
49933.0 1315.0 19.0
50275.0 1324.0 19.0
50465.0 1329.0 19.0
50655.0 1334.0 19.0
50655.0 1334.0 19.0
50997.0 1343.0 19.0
51491.0 1356.0 19.0
52327.0 1378.0 19.0
