rev4
6841.0 181.0 19.0
7335.0 194.0 19.0
7335.0 194.0 19.0
7449.0 197.0 19.0
7449.0 197.0 19.0
7487.0 198.0 19.0
7525.0 199.0 19.0
7525.0 199.0 19.0
7601.0 201.0 19.0
7601.0 201.0 19.0
7639.0 202.0 19.0
7639.0 202.0 19.0
7715.0 204.0 19.0
7715.0 204.0 19.0
7715.0 204.0 19.0
7715.0 204.0 19.0
7753.0 205.0 19.0
7753.0 205.0 19.0
7791.0 206.0 19.0
7791.0 206.0 19.0
7791.0 206.0 19.0
7829.0 207.0 19.0
7829.0 207.0 19.0
7867.0 208.0 19.0
7905.0 209.0 19.0
7943.0 210.0 19.0
7943.0 210.0 19.0
7943.0 210.0 19.0
7981.0 211.0 19.0
7981.0 211.0 19.0
8019.0 212.0 19.0
8057.0 213.0 19.0
8057.0 213.0 19.0
8057.0 213.0 19.0
8133.0 215.0 19.0
8171.0 216.0 19.0
8171.0 216.0 19.0
8171.0 216.0 19.0
8209.0 217.0 19.0
8209.0 217.0 19.0
8209.0 217.0 19.0
8209.0 217.0 19.0
8323.0 220.0 19.0
8323.0 220.0 19.0
8323.0 220.0 19.0
8323.0 220.0 19.0
8361.0 221.0 19.0
8361.0 221.0 19.0
8361.0 221.0 19.0
8437.0 223.0 19.0
8475.0 224.0 19.0
8513.0 225.0 19.0
8513.0 225.0 19.0
8513.0 225.0 19.0
8513.0 225.0 19.0
8513.0 225.0 19.0
8513.0 225.0 19.0
8551.0 226.0 19.0
8551.0 226.0 19.0
8551.0 226.0 19.0
8627.0 228.0 19.0
8627.0 228.0 19.0
8627.0 228.0 19.0
8665.0 229.0 19.0
8665.0 229.0 19.0
8665.0 229.0 19.0
8703.0 230.0 19.0
8703.0 230.0 19.0
8703.0 230.0 19.0
8741.0 231.0 19.0
8741.0 231.0 19.0
8779.0 232.0 19.0
8817.0 233.0 19.0
8855.0 234.0 19.0
8931.0 236.0 19.0
8969.0 237.0 19.0
9007.0 238.0 19.0
9083.0 240.0 19.0
9121.0 241.0 19.0
9159.0 242.0 19.0
9159.0 242.0 19.0
9197.0 243.0 19.0
9273.0 245.0 19.0
9273.0 245.0 19.0
9273.0 245.0 19.0
9311.0 246.0 19.0
9349.0 247.0 19.0
9387.0 248.0 19.0
9387.0 248.0 19.0
9463.0 250.0 19.0
9653.0 255.0 19.0
9653.0 255.0 19.0
9653.0 255.0 19.0
9805.0 259.0 19.0
9957.0 263.0 19.0
9995.0 264.0 19.0
9995.0 264.0 19.0
10527.0 278.0 19.0
10641.0 281.0 19.0
11211.0 296.0 19.0
