rev4
495863.0 13050.0 19.0
496433.0 13065.0 19.0
496965.0 13079.0 19.0
502627.0 13228.0 19.0
502703.0 13230.0 19.0
502703.0 13230.0 19.0
503881.0 13261.0 19.0
504033.0 13265.0 19.0
504071.0 13266.0 19.0
504109.0 13267.0 19.0
504223.0 13270.0 19.0
505705.0 13309.0 19.0
506465.0 13329.0 19.0
506921.0 13341.0 19.0
507757.0 13363.0 19.0
508137.0 13373.0 19.0
508289.0 13377.0 19.0
508821.0 13391.0 19.0
509163.0 13400.0 19.0
509581.0 13411.0 19.0
509961.0 13421.0 19.0
510493.0 13435.0 19.0
511063.0 13450.0 19.0
512963.0 13500.0 19.0
513343.0 13510.0 19.0
513457.0 13513.0 19.0
513647.0 13518.0 19.0
514445.0 13539.0 19.0
515053.0 13555.0 19.0
515205.0 13559.0 19.0
515281.0 13561.0 19.0
515775.0 13574.0 19.0
515775.0 13574.0 19.0
515965.0 13579.0 19.0
516573.0 13595.0 19.0
517561.0 13621.0 19.0
517598.0 13622.0 19.0
518055.0 13634.0 19.0
518473.0 13645.0 19.0
518891.0 13656.0 19.0
519347.0 13668.0 19.0
520411.0 13696.0 19.0
520943.0 13710.0 19.0
521133.0 13715.0 19.0
523185.0 13769.0 19.0
523413.0 13775.0 19.0
523755.0 13784.0 19.0
523983.0 13790.0 19.0
524287.0 13798.0 19.0
524325.0 13799.0 19.0
524743.0 13810.0 19.0
525161.0 13821.0 19.0
526491.0 13856.0 19.0
526643.0 13860.0 19.0
528429.0 13907.0 19.0
529455.0 13934.0 19.0
529645.0 13939.0 19.0
529797.0 13943.0 19.0
529873.0 13945.0 19.0
529949.0 13947.0 19.0
530633.0 13965.0 19.0
531279.0 13982.0 19.0
534053.0 14055.0 19.0
534585.0 14069.0 19.0
535155.0 14084.0 19.0
536713.0 14125.0 19.0
537131.0 14136.0 19.0
538499.0 14172.0 19.0
539107.0 14188.0 19.0
539677.0 14203.0 19.0
540133.0 14215.0 19.0
540817.0 14233.0 19.0
541119.0 14241.0 19.0
541767.0 14258.0 19.0
543135.0 14294.0 19.0
543933.0 14315.0 19.0
544237.0 14323.0 19.0
545795.0 14364.0 19.0
548531.0 14436.0 19.0
548949.0 14447.0 19.0
549291.0 14456.0 19.0
549519.0 14462.0 19.0
550963.0 14500.0 19.0
551039.0 14502.0 19.0
553205.0 14559.0 19.0
555941.0 14631.0 19.0
559323.0 14720.0 19.0
559323.0 14720.0 19.0
562667.0 14808.0 19.0
563921.0 14841.0 19.0
564491.0 14856.0 19.0
566619.0 14912.0 19.0
566695.0 14914.0 19.0
567075.0 14924.0 19.0
571179.0 15032.0 19.0
571597.0 15043.0 19.0
577601.0 15201.0 19.0
592345.0 15589.0 19.0
599071.0 15766.0 19.0
603213.0 15875.0 19.0
