rev4
2006135.0 52794.0 19.0
2008529.0 52857.0 19.0
2023653.0 53255.0 19.0
2026769.0 53337.0 19.0
2029733.0 53415.0 19.0
2032963.0 53500.0 19.0
2033685.0 53519.0 19.0
2043641.0 53781.0 19.0
2044021.0 53791.0 19.0
2044458.0 53803.0 19.0
2045275.0 53824.0 19.0
2053825.0 54049.0 19.0
2053901.0 54051.0 19.0
2056447.0 54118.0 19.0
2056979.0 54132.0 19.0
2058195.0 54164.0 19.0
2061881.0 54261.0 19.0
2062223.0 54270.0 19.0
2064275.0 54324.0 19.0
2066631.0 54386.0 19.0
2075675.0 54624.0 19.0
2077384.0 54669.0 19.0
2078449.0 54697.0 19.0
2080007.0 54738.0 19.0
2082287.0 54798.0 19.0
2084795.0 54864.0 19.0
2085479.0 54882.0 19.0
2088063.0 54950.0 19.0
2089659.0 54992.0 19.0
2090609.0 55017.0 19.0
2092471.0 55066.0 19.0
2092964.0 55079.0 19.0
2097335.0 55194.0 19.0
2097525.0 55199.0 19.0
2097715.0 55204.0 19.0
2099197.0 55243.0 19.0
2103567.0 55358.0 19.0
2104745.0 55389.0 19.0
2105695.0 55414.0 19.0
2106379.0 55432.0 19.0
2108279.0 55482.0 19.0
2113751.0 55626.0 19.0
2117589.0 55727.0 19.0
2118121.0 55741.0 19.0
2121389.0 55827.0 19.0
2122567.0 55858.0 19.0
2124961.0 55921.0 19.0
2127241.0 55981.0 19.0
2128495.0 56014.0 19.0
2131725.0 56099.0 19.0
2133625.0 56149.0 19.0
2133739.0 56152.0 19.0
2133815.0 56154.0 19.0
2135449.0 56197.0 19.0
2135905.0 56209.0 19.0
2137083.0 56240.0 19.0
2137501.0 56251.0 19.0
2143163.0 56400.0 19.0
2143657.0 56413.0 19.0
2148559.0 56542.0 19.0
2153309.0 56667.0 19.0
2159275.0 56824.0 19.0
2159503.0 56830.0 19.0
2162049.0 56897.0 19.0
2162695.0 56914.0 19.0
2166229.0 57007.0 19.0
2166305.0 57009.0 19.0
2166571.0 57016.0 19.0
2168281.0 57061.0 19.0
2172613.0 57175.0 19.0
2176489.0 57277.0 19.0
2181277.0 57403.0 19.0
2182227.0 57428.0 19.0
2186217.0 57533.0 19.0
2194121.0 57741.0 19.0
2195527.0 57778.0 19.0
2196211.0 57796.0 19.0
2204457.0 58013.0 19.0
2205825.0 58049.0 19.0
2207991.0 58106.0 19.0
2213577.0 58253.0 19.0
2216465.0 58329.0 19.0
2222887.0 58498.0 19.0
2238201.0 58901.0 19.0
2246979.0 59132.0 19.0
2250893.0 59235.0 19.0
2253743.0 59310.0 19.0
2256973.0 59395.0 19.0
2280685.0 60019.0 19.0
2286423.0 60170.0 19.0
2287449.0 60197.0 19.0
2289387.0 60248.0 19.0
2289805.0 60259.0 19.0
2303827.0 60628.0 19.0
2310895.0 60814.0 19.0
2315227.0 60928.0 19.0
2317963.0 61000.0 19.0
2358471.0 62066.0 19.0
2379409.0 62617.0 19.0
2384159.0 62742.0 19.0
