rev4
1.6339507E7 429988.0 19.0
1.6408971E7 431816.0 19.0
1.6440777E7 432653.0 19.0
1.6446857E7 432813.0 19.0
1.6473799E7 433522.0 19.0
1.6475813E7 433575.0 19.0
1.6493366E7 434037.0 19.0
1.6536309E7 435167.0 19.0
1.6560287E7 435798.0 19.0
1.6569977E7 436053.0 19.0
1.6575297E7 436193.0 19.0
1.6591371E7 436616.0 19.0
1.6613601E7 437201.0 19.0
1.6629941E7 437631.0 19.0
1.664326E7 437982.0 19.0
1.6644837E7 438023.0 19.0
1.6682647E7 439018.0 19.0
1.6682723E7 439020.0 19.0
1.6702673E7 439545.0 19.0
1.6716162E7 439900.0 19.0
1.6724675E7 440124.0 19.0
1.6726043E7 440160.0 19.0
1.6733605E7 440359.0 19.0
1.6833127E7 442978.0 19.0
1.6857029E7 443607.0 19.0
1.6866453E7 443855.0 19.0
1.6872571E7 444016.0 19.0
1.6879221E7 444191.0 19.0
1.6901812E7 444786.0 19.0
1.6903161E7 444821.0 19.0
1.691458E7 445122.0 19.0
1.6936905E7 445709.0 19.0
1.6949747E7 446047.0 19.0
1.6961985E7 446369.0 19.0
1.6984138E7 446952.0 19.0
1.7010815E7 447654.0 19.0
1.7035971E7 448316.0 19.0
1.7036767E7 448337.0 19.0
1.7038327E7 448378.0 19.0
1.7068803E7 449180.0 19.0
1.7088943E7 449710.0 19.0
1.710228E7 450061.0 19.0
1.711387E7 450366.0 19.0
1.7126221E7 450691.0 19.0
1.7144955E7 451184.0 19.0
1.7145904E7 451209.0 19.0
1.7166007E7 451738.0 19.0
1.7199751E7 452626.0 19.0
1.7240182E7 453690.0 19.0
1.7250519E7 453962.0 19.0
1.7265831E7 454365.0 19.0
1.7274838E7 454602.0 19.0
1.7295473E7 455145.0 19.0
1.7300565E7 455279.0 19.0
1.7313865E7 455629.0 19.0
1.7323135E7 455873.0 19.0
1.7333701E7 456151.0 19.0
1.7348293E7 456535.0 19.0
1.7358971E7 456816.0 19.0
1.7362847E7 456918.0 19.0
1.7375235E7 457244.0 19.0
1.7388819E7 457602.0 19.0
1.7412246E7 458218.0 19.0
1.7430257E7 458692.0 19.0
1.7462255E7 459534.0 19.0
1.7467459E7 459671.0 19.0
1.7511161E7 460821.0 19.0
1.7525867E7 461208.0 19.0
1.7529743E7 461310.0 19.0
1.7566071E7 462266.0 19.0
1.7578611E7 462596.0 19.0
1.7579827E7 462628.0 19.0
1.7606199E7 463322.0 19.0
1.7658943E7 464710.0 19.0
1.7703213E7 465875.0 19.0
1.7705303E7 465930.0 19.0
1.7748661E7 467071.0 19.0
1.7770739E7 467652.0 19.0
1.7816035E7 468844.0 19.0
1.7864748E7 470126.0 19.0
1.8000829E7 473707.0 19.0
1.8008581E7 473911.0 19.0
1.8027809E7 474417.0 19.0
1.8044453E7 474855.0 19.0
1.8075822E7 475681.0 19.0
1.8100578E7 476332.0 19.0
1.8109357E7 476563.0 19.0
1.8109585E7 476569.0 19.0
1.8185052E7 478555.0 19.0
1.8192805E7 478759.0 19.0
1.8206865E7 479129.0 19.0
1.8297343E7 481510.0 19.0
1.8307261E7 481771.0 19.0
1.8378739E7 483652.0 19.0
1.8411988E7 484527.0 19.0
1.8443147E7 485347.0 19.0
1.851077E7 487127.0 19.0
1.8621445E7 490039.0 19.0
1.8858905E7 496288.0 19.0
1.9073227E7 501929.0 19.0
