rev4
3968531.0 104436.0 19.0
3984263.0 104850.0 19.0
4009685.0 105519.0 19.0
4017893.0 105735.0 19.0
4046621.0 106491.0 19.0
4080174.0 107374.0 19.0
4084811.0 107496.0 19.0
4091993.0 107685.0 19.0
4098795.0 107864.0 19.0
4101265.0 107929.0 19.0
4121785.0 108469.0 19.0
4126193.0 108585.0 19.0
4132843.0 108760.0 19.0
4135351.0 108826.0 19.0
4139987.0 108948.0 19.0
4140139.0 108952.0 19.0
4150551.0 109226.0 19.0
4153895.0 109314.0 19.0
4161381.0 109511.0 19.0
4161381.0 109511.0 19.0
4166093.0 109635.0 19.0
4166472.0 109645.0 19.0
4169095.0 109714.0 19.0
4177531.0 109936.0 19.0
4178177.0 109953.0 19.0
4184523.0 110120.0 19.0
4187335.0 110194.0 19.0
4188551.0 110226.0 19.0
4189272.0 110245.0 19.0
4189273.0 110245.0 19.0
4193833.0 110365.0 19.0
4194555.0 110384.0 19.0
4204625.0 110649.0 19.0
4206259.0 110692.0 19.0
4212890.0 110867.0 19.0
4213631.0 110886.0 19.0
4213631.0 110886.0 19.0
4214239.0 110902.0 19.0
4216442.0 110960.0 19.0
4218837.0 111023.0 19.0
4221459.0 111092.0 19.0
4229781.0 111311.0 19.0
4232441.0 111381.0 19.0
4232479.0 111382.0 19.0
4234037.0 111423.0 19.0
4241181.0 111611.0 19.0
4243537.0 111673.0 19.0
4245779.0 111732.0 19.0
4246729.0 111757.0 19.0
4247564.0 111779.0 19.0
4248097.0 111793.0 19.0
4250263.0 111850.0 19.0
4253113.0 111925.0 19.0
4265159.0 112242.0 19.0
4269490.0 112356.0 19.0
4270061.0 112371.0 19.0
4272606.0 112438.0 19.0
4275229.0 112507.0 19.0
4279675.0 112624.0 19.0
4280017.0 112633.0 19.0
4289289.0 112877.0 19.0
4296623.0 113070.0 19.0
4301145.0 113189.0 19.0
4303463.0 113250.0 19.0
4313761.0 113521.0 19.0
4314673.0 113545.0 19.0
4315622.0 113570.0 19.0
4317447.0 113618.0 19.0
4320715.0 113704.0 19.0
4349215.0 114454.0 19.0
4355485.0 114619.0 19.0
4355979.0 114632.0 19.0
4366845.0 114918.0 19.0
4369583.0 114990.0 19.0
4370153.0 115005.0 19.0
4376385.0 115169.0 19.0
4378893.0 115235.0 19.0
4395195.0 115664.0 19.0
4401503.0 115830.0 19.0
4404961.0 115921.0 19.0
4406177.0 115953.0 19.0
4424873.0 116445.0 19.0
4434107.0 116688.0 19.0
4444405.0 116959.0 19.0
4446419.0 117012.0 19.0
4451207.0 117138.0 19.0
4457287.0 117298.0 19.0
4471385.0 117669.0 19.0
4475451.0 117776.0 19.0
4481721.0 117941.0 19.0
4498327.0 118378.0 19.0
4521811.0 118996.0 19.0
4529867.0 119208.0 19.0
4558633.0 119965.0 19.0
4637407.0 122038.0 19.0
4683919.0 123262.0 19.0
4694977.0 123553.0 19.0
4750229.0 125007.0 19.0
4774511.0 125646.0 19.0
4899759.0 128942.0 19.0
