rev4
3631.0 166.0 11.0
3697.0 169.0 11.0
3719.0 170.0 11.0
3828.0 175.0 11.0
3873.0 177.0 11.0
3895.0 178.0 11.0
3895.0 178.0 11.0
3916.0 179.0 11.0
3938.0 180.0 11.0
3961.0 181.0 11.0
3983.0 182.0 11.0
4026.0 184.0 11.0
4027.0 184.0 11.0
4027.0 184.0 11.0
4071.0 186.0 11.0
4071.0 186.0 11.0
4093.0 187.0 11.0
4093.0 187.0 11.0
4093.0 187.0 11.0
4093.0 187.0 11.0
4181.0 191.0 11.0
4203.0 192.0 11.0
4225.0 193.0 11.0
4225.0 193.0 11.0
4225.0 193.0 11.0
4247.0 194.0 11.0
4258.0 195.0 11.0
4268.0 195.0 11.0
4269.0 195.0 11.0
4269.0 195.0 11.0
4290.0 196.0 11.0
4291.0 196.0 11.0
4291.0 196.0 11.0
4291.0 196.0 11.0
4291.0 196.0 11.0
4313.0 197.0 11.0
4313.0 197.0 11.0
4313.0 197.0 11.0
4313.0 197.0 11.0
4313.0 197.0 11.0
4313.0 197.0 11.0
4335.0 198.0 11.0
4357.0 199.0 11.0
4379.0 200.0 11.0
4379.0 200.0 11.0
4379.0 200.0 11.0
4379.0 200.0 11.0
4401.0 201.0 11.0
4423.0 202.0 11.0
4423.0 202.0 11.0
4423.0 202.0 11.0
4423.0 202.0 11.0
4445.0 203.0 11.0
4445.0 203.0 11.0
4445.0 203.0 11.0
4445.0 203.0 11.0
4467.0 204.0 11.0
4467.0 204.0 11.0
4467.0 204.0 11.0
4467.0 204.0 11.0
4467.0 204.0 11.0
4489.0 205.0 11.0
4509.0 206.0 11.0
4511.0 206.0 11.0
4533.0 207.0 11.0
4533.0 207.0 11.0
4533.0 207.0 11.0
4533.0 207.0 11.0
4533.0 207.0 11.0
4555.0 208.0 11.0
4555.0 208.0 11.0
4555.0 208.0 11.0
4555.0 208.0 11.0
4555.0 208.0 11.0
4577.0 209.0 11.0
4577.0 209.0 11.0
4577.0 209.0 11.0
4598.0 210.0 11.0
4599.0 210.0 11.0
4599.0 210.0 11.0
4643.0 212.0 11.0
4643.0 212.0 11.0
4643.0 212.0 11.0
4643.0 212.0 11.0
4665.0 213.0 11.0
4728.0 216.0 11.0
4730.0 216.0 11.0
4753.0 217.0 11.0
4775.0 218.0 11.0
4775.0 218.0 11.0
4840.0 221.0 11.0
4841.0 221.0 11.0
4885.0 223.0 11.0
4907.0 224.0 11.0
4929.0 225.0 11.0
4973.0 227.0 11.0
5017.0 229.0 11.0
5039.0 230.0 11.0
5039.0 230.0 11.0
5127.0 234.0 11.0
