rev4
144492.0 6569.0 11.0
149838.0 6812.0 11.0
150079.0 6823.0 11.0
150107.0 6825.0 11.0
151049.0 6867.0 11.0
151546.0 6890.0 11.0
152140.0 6917.0 11.0
152193.0 6920.0 11.0
152215.0 6920.0 11.0
152260.0 6923.0 11.0
152822.0 6948.0 11.0
152865.0 6950.0 11.0
152926.0 6953.0 11.0
153040.0 6958.0 11.0
153425.0 6975.0 11.0
153456.0 6977.0 11.0
153491.0 6979.0 11.0
155231.0 7057.0 11.0
155394.0 7065.0 11.0
155834.0 7085.0 11.0
155850.0 7086.0 11.0
155917.0 7089.0 11.0
155997.0 7092.0 11.0
156294.0 7106.0 11.0
156504.0 7116.0 11.0
156704.0 7125.0 11.0
156833.0 7130.0 11.0
156846.0 7131.0 11.0
156985.0 7138.0 11.0
157059.0 7140.0 11.0
157166.0 7145.0 11.0
157440.0 7159.0 11.0
157682.0 7169.0 11.0
157716.0 7171.0 11.0
157823.0 7176.0 11.0
158071.0 7186.0 11.0
158477.0 7205.0 11.0
158573.0 7209.0 11.0
158661.0 7213.0 11.0
158891.0 7224.0 11.0
159439.0 7250.0 11.0
159736.0 7262.0 11.0
159813.0 7266.0 11.0
160044.0 7276.0 11.0
160298.0 7288.0 11.0
160708.0 7307.0 11.0
160726.0 7307.0 11.0
160814.0 7312.0 11.0
161413.0 7338.0 11.0
161424.0 7340.0 11.0
161652.0 7349.0 11.0
161678.0 7350.0 11.0
161749.0 7354.0 11.0
161900.0 7361.0 11.0
162224.0 7376.0 11.0
162554.0 7390.0 11.0
162588.0 7393.0 11.0
162627.0 7394.0 11.0
162679.0 7397.0 11.0
163005.0 7411.0 11.0
163008.0 7411.0 11.0
163028.0 7412.0 11.0
163227.0 7421.0 11.0
163347.0 7428.0 11.0
163675.0 7443.0 11.0
163832.0 7449.0 11.0
163875.0 7451.0 11.0
164566.0 7482.0 11.0
164636.0 7485.0 11.0
164843.0 7495.0 11.0
164866.0 7495.0 11.0
165154.0 7509.0 11.0
165184.0 7510.0 11.0
165878.0 7541.0 11.0
165972.0 7546.0 11.0
166065.0 7550.0 11.0
166375.0 7565.0 11.0
166867.0 7588.0 11.0
167261.0 7605.0 11.0
168151.0 7645.0 11.0
168782.0 7673.0 11.0
169670.0 7714.0 11.0
170933.0 7773.0 11.0
170982.0 7773.0 11.0
171812.0 7812.0 11.0
172125.0 7826.0 11.0
172301.0 7834.0 11.0
172972.0 7865.0 11.0
174018.0 7912.0 11.0
174577.0 7937.0 11.0
174773.0 7946.0 11.0
174908.0 7952.0 11.0
175767.0 7991.0 11.0
176843.0 8040.0 11.0
177779.0 8083.0 11.0
180339.0 8199.0 11.0
181603.0 8257.0 11.0
185489.0 8433.0 11.0
187977.0 8546.0 11.0
191197.0 8692.0 11.0
