rev4
5547521.0 252197.0 11.0
5592034.0 254214.0 11.0
5630371.0 255956.0 11.0
5645627.0 256649.0 11.0
5652512.0 256966.0 11.0
5663060.0 257440.0 11.0
5670045.0 257760.0 11.0
5676262.0 258049.0 11.0
5679231.0 258171.0 11.0
5686772.0 258522.0 11.0
5707354.0 259458.0 11.0
5708816.0 259525.0 11.0
5716254.0 259859.0 11.0
5723055.0 260170.0 11.0
5765239.0 262083.0 11.0
5766374.0 262137.0 11.0
5769825.0 262300.0 11.0
5770784.0 262345.0 11.0
5790110.0 263217.0 11.0
5792172.0 263307.0 11.0
5796470.0 263507.0 11.0
5824243.0 264774.0 11.0
5827082.0 264906.0 11.0
5827792.0 264936.0 11.0
5832907.0 265166.0 11.0
5834841.0 265254.0 11.0
5836146.0 265315.0 11.0
5839685.0 265472.0 11.0
5840101.0 265492.0 11.0
5840614.0 265520.0 11.0
5844429.0 265692.0 11.0
5845880.0 265752.0 11.0
5852978.0 266083.0 11.0
5858162.0 266314.0 11.0
5859357.0 266368.0 11.0
5861805.0 266484.0 11.0
5861952.0 266483.0 11.0
5863522.0 266554.0 11.0
5865024.0 266627.0 11.0
5874280.0 267044.0 11.0
5888259.0 267680.0 11.0
5900393.0 268230.0 11.0
5905398.0 268460.0 11.0
5914352.0 268865.0 11.0
5914919.0 268896.0 11.0
5922718.0 269242.0 11.0
5929325.0 269549.0 11.0
5940178.0 270034.0 11.0
5941382.0 270095.0 11.0
5942021.0 270132.0 11.0
5951013.0 270532.0 11.0
5952462.0 270604.0 11.0
5952650.0 270611.0 11.0
5963982.0 271124.0 11.0
5964687.0 271157.0 11.0
5965732.0 271204.0 11.0
5966006.0 271213.0 11.0
5975148.0 271632.0 11.0
5976256.0 271685.0 11.0
5979523.0 271837.0 11.0
5981210.0 271909.0 11.0
5986558.0 272151.0 11.0
5991855.0 272399.0 11.0
5993465.0 272471.0 11.0
6033878.0 274300.0 11.0
6035636.0 274382.0 11.0
6036683.0 274433.0 11.0
6042894.0 274705.0 11.0
6052234.0 275134.0 11.0
6061203.0 275546.0 11.0
6068942.0 275895.0 11.0
6077297.0 276279.0 11.0
6078177.0 276316.0 11.0
6087783.0 276743.0 11.0
6113373.0 277917.0 11.0
6137941.0 279037.0 11.0
6191354.0 281464.0 11.0
6205453.0 282098.0 11.0
6211596.0 282384.0 11.0
6211749.0 282388.0 11.0
6233219.0 283366.0 11.0
6235026.0 283448.0 11.0
6273182.0 285181.0 11.0
6285313.0 285727.0 11.0
6301806.0 286482.0 11.0
6337453.0 288095.0 11.0
6359928.0 289125.0 11.0
6397940.0 290850.0 11.0
6401537.0 291013.0 11.0
6422334.0 291956.0 11.0
6453647.0 293386.0 11.0
6490632.0 295068.0 11.0
6562284.0 298322.0 11.0
6564190.0 298407.0 11.0
6591927.0 299669.0 11.0
6675230.0 303463.0 11.0
6776076.0 308046.0 11.0
6844461.0 311152.0 11.0
7013932.0 318860.0 11.0
7107208.0 323097.0 11.0
