rev4
2635306.0 119801.0 11.0
2657894.0 120830.0 11.0
2669408.0 121355.0 11.0
2678283.0 121757.0 11.0
2711097.0 123245.0 11.0
2713206.0 123346.0 11.0
2746288.0 124850.0 11.0
2748463.0 124948.0 11.0
2755971.0 125287.0 11.0
2756491.0 125306.0 11.0
2757619.0 125365.0 11.0
2768606.0 125867.0 11.0
2769529.0 125907.0 11.0
2770801.0 125965.0 11.0
2771908.0 126008.0 11.0
2773501.0 126081.0 11.0
2773683.0 126092.0 11.0
2773828.0 126101.0 11.0
2774834.0 126145.0 11.0
2776901.0 126239.0 11.0
2788224.0 126755.0 11.0
2798672.0 127224.0 11.0
2799157.0 127250.0 11.0
2800848.0 127325.0 11.0
2803043.0 127427.0 11.0
2804106.0 127477.0 11.0
2805503.0 127535.0 11.0
2806095.0 127567.0 11.0
2810281.0 127758.0 11.0
2811234.0 127797.0 11.0
2812187.0 127844.0 11.0
2813700.0 127909.0 11.0
2820641.0 128232.0 11.0
2824482.0 128401.0 11.0
2825908.0 128470.0 11.0
2833288.0 128800.0 11.0
2834049.0 128840.0 11.0
2835177.0 128895.0 11.0
2835303.0 128891.0 11.0
2835564.0 128908.0 11.0
2838117.0 129024.0 11.0
2844429.0 129310.0 11.0
2844533.0 129314.0 11.0
2850290.0 129580.0 11.0
2852551.0 129677.0 11.0
2853031.0 129702.0 11.0
2854385.0 129760.0 11.0
2855041.0 129796.0 11.0
2860640.0 130045.0 11.0
2864492.0 130222.0 11.0
2870771.0 130508.0 11.0
2874905.0 130694.0 11.0
2877452.0 130814.0 11.0
2886392.0 131217.0 11.0
2890898.0 131422.0 11.0
2892669.0 131505.0 11.0
2897263.0 131709.0 11.0
2900140.0 131845.0 11.0
2900956.0 131878.0 11.0
2908631.0 132226.0 11.0
2916178.0 132569.0 11.0
2924334.0 132947.0 11.0
2936652.0 133503.0 11.0
2938126.0 133563.0 11.0
2941962.0 133743.0 11.0
2942836.0 133785.0 11.0
2944207.0 133849.0 11.0
2956301.0 134395.0 11.0
2959951.0 134556.0 11.0
2961096.0 134610.0 11.0
2964187.0 134753.0 11.0
2974075.0 135202.0 11.0
2978831.0 135420.0 11.0
2984268.0 135665.0 11.0
2987209.0 135801.0 11.0
2988949.0 135881.0 11.0
3001156.0 136432.0 11.0
3014171.0 137029.0 11.0
3022056.0 137383.0 11.0
3024513.0 137502.0 11.0
3029203.0 137707.0 11.0
3033038.0 137887.0 11.0
3052920.0 138789.0 11.0
3053263.0 138801.0 11.0
3056321.0 138942.0 11.0
3057022.0 138976.0 11.0
3075083.0 139796.0 11.0
3075347.0 139804.0 11.0
3078820.0 139963.0 11.0
3082026.0 140108.0 11.0
3110573.0 141402.0 11.0
3142546.0 142858.0 11.0
3144450.0 142947.0 11.0
3148426.0 143132.0 11.0
3156648.0 143504.0 11.0
3166898.0 143969.0 11.0
3214117.0 146117.0 11.0
3255100.0 147979.0 11.0
3288201.0 149482.0 11.0
3422557.0 155594.0 11.0
