rev4
793.0 37.0 11.0
815.0 38.0 11.0
837.0 39.0 11.0
859.0 40.0 11.0
859.0 40.0 11.0
881.0 41.0 11.0
881.0 41.0 11.0
881.0 41.0 11.0
903.0 42.0 11.0
903.0 42.0 11.0
903.0 42.0 11.0
903.0 42.0 11.0
903.0 42.0 11.0
903.0 42.0 11.0
903.0 42.0 11.0
903.0 42.0 11.0
903.0 42.0 11.0
925.0 43.0 11.0
925.0 43.0 11.0
925.0 43.0 11.0
925.0 43.0 11.0
925.0 43.0 11.0
925.0 43.0 11.0
925.0 43.0 11.0
925.0 43.0 11.0
925.0 43.0 11.0
925.0 43.0 11.0
947.0 44.0 11.0
947.0 44.0 11.0
947.0 44.0 11.0
947.0 44.0 11.0
947.0 44.0 11.0
947.0 44.0 11.0
969.0 45.0 11.0
969.0 45.0 11.0
969.0 45.0 11.0
969.0 45.0 11.0
969.0 45.0 11.0
969.0 45.0 11.0
969.0 45.0 11.0
991.0 46.0 11.0
991.0 46.0 11.0
991.0 46.0 11.0
991.0 46.0 11.0
991.0 46.0 11.0
991.0 46.0 11.0
991.0 46.0 11.0
991.0 46.0 11.0
991.0 46.0 11.0
991.0 46.0 11.0
991.0 46.0 11.0
991.0 46.0 11.0
991.0 46.0 11.0
991.0 46.0 11.0
1013.0 47.0 11.0
1013.0 47.0 11.0
1013.0 47.0 11.0
1013.0 47.0 11.0
1013.0 47.0 11.0
1013.0 47.0 11.0
1035.0 48.0 11.0
1035.0 48.0 11.0
1035.0 48.0 11.0
1035.0 48.0 11.0
1035.0 48.0 11.0
1035.0 48.0 11.0
1035.0 48.0 11.0
1035.0 48.0 11.0
1035.0 48.0 11.0
1057.0 49.0 11.0
1057.0 49.0 11.0
1057.0 49.0 11.0
1079.0 50.0 11.0
1079.0 50.0 11.0
1079.0 50.0 11.0
1079.0 50.0 11.0
1079.0 50.0 11.0
1101.0 51.0 11.0
1101.0 51.0 11.0
1101.0 51.0 11.0
1123.0 52.0 11.0
1123.0 52.0 11.0
1123.0 52.0 11.0
1123.0 52.0 11.0
1123.0 52.0 11.0
1123.0 52.0 11.0
1145.0 53.0 11.0
1167.0 54.0 11.0
1167.0 54.0 11.0
1167.0 54.0 11.0
1189.0 55.0 11.0
1189.0 55.0 11.0
1211.0 56.0 11.0
1211.0 56.0 11.0
1211.0 56.0 11.0
1255.0 58.0 11.0
1276.0 59.0 11.0
1277.0 59.0 11.0
1409.0 65.0 11.0
1409.0 65.0 11.0
