rev4
1289192.0 58608.0 11.0
1321019.0 60053.0 11.0
1324936.0 60235.0 11.0
1327543.0 60355.0 11.0
1329353.0 60432.0 11.0
1331009.0 60511.0 11.0
1334225.0 60654.0 11.0
1336716.0 60768.0 11.0
1337231.0 60793.0 11.0
1340123.0 60922.0 11.0
1342202.0 61017.0 11.0
1348940.0 61322.0 11.0
1352866.0 61502.0 11.0
1356340.0 61661.0 11.0
1356583.0 61670.0 11.0
1356622.0 61671.0 11.0
1357573.0 61718.0 11.0
1359428.0 61801.0 11.0
1363109.0 61967.0 11.0
1364630.0 62038.0 11.0
1366507.0 62121.0 11.0
1368303.0 62203.0 11.0
1369389.0 62254.0 11.0
1369513.0 62259.0 11.0
1373682.0 62450.0 11.0
1375158.0 62514.0 11.0
1380845.0 62773.0 11.0
1382370.0 62845.0 11.0
1384743.0 62950.0 11.0
1384890.0 62958.0 11.0
1387315.0 63069.0 11.0
1388828.0 63135.0 11.0
1390035.0 63192.0 11.0
1390694.0 63219.0 11.0
1390782.0 63227.0 11.0
1391707.0 63270.0 11.0
1397116.0 63513.0 11.0
1397805.0 63546.0 11.0
1400638.0 63676.0 11.0
1402673.0 63767.0 11.0
1403530.0 63804.0 11.0
1403767.0 63816.0 11.0
1404851.0 63867.0 11.0
1405232.0 63885.0 11.0
1408864.0 64048.0 11.0
1410815.0 64138.0 11.0
1411235.0 64154.0 11.0
1411375.0 64162.0 11.0
1412055.0 64194.0 11.0
1412259.0 64206.0 11.0
1413177.0 64247.0 11.0
1413411.0 64254.0 11.0
1415346.0 64339.0 11.0
1415627.0 64357.0 11.0
1417899.0 64462.0 11.0
1419232.0 64522.0 11.0
1421395.0 64618.0 11.0
1429040.0 64966.0 11.0
1429942.0 65006.0 11.0
1431509.0 65076.0 11.0
1434066.0 65195.0 11.0
1436395.0 65297.0 11.0
1436474.0 65304.0 11.0
1437516.0 65350.0 11.0
1442846.0 65592.0 11.0
1444154.0 65650.0 11.0
1448203.0 65838.0 11.0
1450672.0 65948.0 11.0
1451700.0 65994.0 11.0
1451804.0 66001.0 11.0
1452744.0 66043.0 11.0
1453183.0 66063.0 11.0
1456261.0 66206.0 11.0
1456649.0 66220.0 11.0
1457258.0 66246.0 11.0
1462775.0 66502.0 11.0
1464430.0 66574.0 11.0
1464521.0 66579.0 11.0
1467135.0 66696.0 11.0
1467177.0 66697.0 11.0
1469163.0 66790.0 11.0
1480783.0 67318.0 11.0
1481956.0 67372.0 11.0
1490667.0 67770.0 11.0
1491985.0 67828.0 11.0
1497618.0 68083.0 11.0
1501135.0 68244.0 11.0
1504732.0 68405.0 11.0
1514300.0 68843.0 11.0
1517409.0 68981.0 11.0
1532294.0 69658.0 11.0
1548901.0 70415.0 11.0
1563062.0 71057.0 11.0
1575741.0 71635.0 11.0
1578715.0 71772.0 11.0
1581108.0 71878.0 11.0
1588507.0 72217.0 11.0
1590394.0 72300.0 11.0
1608965.0 73144.0 11.0
1668268.0 75845.0 11.0
