rev4
4797.0 219.0 11.0
5039.0 230.0 11.0
5105.0 233.0 11.0
5127.0 234.0 11.0
5171.0 236.0 11.0
5171.0 236.0 11.0
5193.0 237.0 11.0
5237.0 239.0 11.0
5237.0 239.0 11.0
5237.0 239.0 11.0
5303.0 242.0 11.0
5303.0 242.0 11.0
5325.0 243.0 11.0
5347.0 244.0 11.0
5347.0 244.0 11.0
5369.0 245.0 11.0
5391.0 246.0 11.0
5424.0 248.0 11.0
5434.0 248.0 11.0
5457.0 249.0 11.0
5457.0 249.0 11.0
5501.0 251.0 11.0
5501.0 251.0 11.0
5501.0 251.0 11.0
5545.0 253.0 11.0
5545.0 253.0 11.0
5545.0 253.0 11.0
5589.0 255.0 11.0
5611.0 256.0 11.0
5633.0 257.0 11.0
5655.0 258.0 11.0
5677.0 259.0 11.0
5699.0 260.0 11.0
5721.0 261.0 11.0
5721.0 261.0 11.0
5721.0 261.0 11.0
5787.0 264.0 11.0
5797.0 265.0 11.0
5809.0 265.0 11.0
5831.0 266.0 11.0
5831.0 266.0 11.0
5853.0 267.0 11.0
5853.0 267.0 11.0
5875.0 268.0 11.0
5875.0 268.0 11.0
5896.0 269.0 11.0
5919.0 270.0 11.0
5919.0 270.0 11.0
5940.0 271.0 11.0
5941.0 271.0 11.0
5963.0 272.0 11.0
6050.0 276.0 11.0
6051.0 276.0 11.0
6051.0 276.0 11.0
6073.0 277.0 11.0
6116.0 279.0 11.0
6117.0 279.0 11.0
6136.0 280.0 11.0
6161.0 281.0 11.0
6183.0 282.0 11.0
6183.0 282.0 11.0
6271.0 286.0 11.0
6271.0 286.0 11.0
6315.0 288.0 11.0
6315.0 288.0 11.0
6337.0 289.0 11.0
6359.0 290.0 11.0
6359.0 290.0 11.0
6381.0 291.0 11.0
6381.0 291.0 11.0
6403.0 292.0 11.0
6425.0 293.0 11.0
6425.0 293.0 11.0
6425.0 293.0 11.0
6425.0 293.0 11.0
6447.0 294.0 11.0
6447.0 294.0 11.0
6468.0 295.0 11.0
6469.0 295.0 11.0
6491.0 296.0 11.0
6513.0 297.0 11.0
6556.0 299.0 11.0
6579.0 300.0 11.0
6623.0 302.0 11.0
6688.0 305.0 11.0
6777.0 309.0 11.0
6799.0 310.0 11.0
6843.0 312.0 11.0
6865.0 313.0 11.0
6909.0 315.0 11.0
6975.0 318.0 11.0
6997.0 319.0 11.0
7107.0 324.0 11.0
7195.0 328.0 11.0
7349.0 335.0 11.0
7349.0 335.0 11.0
7437.0 339.0 11.0
7459.0 340.0 11.0
7987.0 364.0 11.0
8273.0 377.0 11.0
