rev4
1.3001416E7 591053.0 11.0
1.3023368E7 592045.0 11.0
1.3077887E7 594521.0 11.0
1.3078498E7 594560.0 11.0
1.3158511E7 598192.0 11.0
1.3162808E7 598383.0 11.0
1.3183402E7 599322.0 11.0
1.321226E7 600633.0 11.0
1.3279359E7 603677.0 11.0
1.3284402E7 603906.0 11.0
1.3322534E7 605646.0 11.0
1.3366615E7 607640.0 11.0
1.3397455E7 609060.0 11.0
1.3427712E7 610416.0 11.0
1.3461891E7 611979.0 11.0
1.3467889E7 612249.0 11.0
1.3505026E7 613950.0 11.0
1.3525971E7 614882.0 11.0
1.3553035E7 616120.0 11.0
1.3561319E7 616502.0 11.0
1.3585431E7 617593.0 11.0
1.3608923E7 618666.0 11.0
1.3624587E7 619387.0 11.0
1.3639851E7 620072.0 11.0
1.3653789E7 620702.0 11.0
1.3680607E7 621923.0 11.0
1.3687116E7 622217.0 11.0
1.3693714E7 622530.0 11.0
1.3714861E7 623480.0 11.0
1.3723093E7 623858.0 11.0
1.3725999E7 623989.0 11.0
1.3728006E7 624081.0 11.0
1.3728718E7 624115.0 11.0
1.3739086E7 624579.0 11.0
1.375248E7 625197.0 11.0
1.3813653E7 627973.0 11.0
1.3816523E7 628097.0 11.0
1.3826104E7 628536.0 11.0
1.3873736E7 630703.0 11.0
1.3913026E7 632490.0 11.0
1.3914826E7 632565.0 11.0
1.3944514E7 633919.0 11.0
1.3945208E7 633950.0 11.0
1.394732E7 634046.0 11.0
1.3969397E7 635052.0 11.0
1.397062E7 635105.0 11.0
1.3978597E7 635467.0 11.0
1.3984925E7 635754.0 11.0
1.398787E7 635885.0 11.0
1.3995142E7 636228.0 11.0
1.4002595E7 636557.0 11.0
1.4076715E7 639937.0 11.0
1.407687E7 639927.0 11.0
1.4086351E7 640358.0 11.0
1.4144364E7 643014.0 11.0
1.4173347E7 644321.0 11.0
1.4175306E7 644413.0 11.0
1.4189218E7 645035.0 11.0
1.41899E7 645079.0 11.0
1.4196116E7 645356.0 11.0
1.4198162E7 645451.0 11.0
1.4215028E7 646231.0 11.0
1.4265869E7 648532.0 11.0
1.4277993E7 649077.0 11.0
1.4278925E7 649122.0 11.0
1.4279049E7 649128.0 11.0
1.4284376E7 649378.0 11.0
1.431165E7 650616.0 11.0
1.4326664E7 651281.0 11.0
1.4344007E7 652078.0 11.0
1.4394029E7 654356.0 11.0
1.4396318E7 654462.0 11.0
1.4398043E7 654543.0 11.0
1.4427033E7 655860.0 11.0
1.4447203E7 656769.0 11.0
1.4482663E7 658377.0 11.0
1.450626E7 659471.0 11.0
1.4514325E7 659833.0 11.0
1.4514743E7 659850.0 11.0
1.4526776E7 660387.0 11.0
1.4542825E7 661112.0 11.0
1.4582769E7 662931.0 11.0
1.4598971E7 663663.0 11.0
1.4674583E7 667097.0 11.0
1.4675635E7 667160.0 11.0
1.4744844E7 670300.0 11.0
1.4852326E7 675192.0 11.0
1.4930935E7 678772.0 11.0
1.4938954E7 679127.0 11.0
1.4950594E7 679658.0 11.0
1.4981183E7 681051.0 11.0
1.5043147E7 683866.0 11.0
1.5069739E7 685075.0 11.0
1.5089545E7 685973.0 11.0
1.5179277E7 690052.0 11.0
1.5344862E7 697573.0 11.0
1.5483525E7 703889.0 11.0
1.551195E7 705176.0 11.0
1.5521714E7 705625.0 11.0
1.5745875E7 715811.0 11.0
