rev4
179382.0 8156.0 11.0
179440.0 8160.0 11.0
181576.0 8256.0 11.0
182105.0 8279.0 11.0
182763.0 8310.0 11.0
184643.0 8395.0 11.0
184961.0 8409.0 11.0
185551.0 8436.0 11.0
186614.0 8484.0 11.0
187348.0 8518.0 11.0
187968.0 8545.0 11.0
188328.0 8562.0 11.0
188358.0 8564.0 11.0
188723.0 8580.0 11.0
189680.0 8623.0 11.0
189740.0 8626.0 11.0
190108.0 8644.0 11.0
190952.0 8681.0 11.0
191129.0 8689.0 11.0
192028.0 8730.0 11.0
192055.0 8731.0 11.0
192188.0 8739.0 11.0
193047.0 8777.0 11.0
193125.0 8781.0 11.0
193279.0 8787.0 11.0
193385.0 8792.0 11.0
193885.0 8815.0 11.0
194286.0 8833.0 11.0
194654.0 8850.0 11.0
194945.0 8863.0 11.0
195280.0 8879.0 11.0
195542.0 8890.0 11.0
195568.0 8893.0 11.0
195883.0 8906.0 11.0
196016.0 8912.0 11.0
196434.0 8930.0 11.0
197156.0 8963.0 11.0
197413.0 8975.0 11.0
197521.0 8980.0 11.0
198163.0 9009.0 11.0
198283.0 9014.0 11.0
198335.0 9017.0 11.0
199114.0 9052.0 11.0
200074.0 9097.0 11.0
200141.0 9099.0 11.0
200406.0 9111.0 11.0
200493.0 9116.0 11.0
201869.0 9178.0 11.0
202572.0 9211.0 11.0
202715.0 9217.0 11.0
202725.0 9217.0 11.0
203078.0 9234.0 11.0
203261.0 9241.0 11.0
203658.0 9259.0 11.0
203888.0 9269.0 11.0
203894.0 9270.0 11.0
204475.0 9297.0 11.0
204907.0 9317.0 11.0
205220.0 9331.0 11.0
205438.0 9340.0 11.0
205691.0 9352.0 11.0
205717.0 9353.0 11.0
205784.0 9356.0 11.0
206141.0 9373.0 11.0
207288.0 9424.0 11.0
207786.0 9447.0 11.0
207993.0 9457.0 11.0
208047.0 9459.0 11.0
208080.0 9460.0 11.0
208498.0 9480.0 11.0
208873.0 9497.0 11.0
209010.0 9503.0 11.0
209013.0 9502.0 11.0
209021.0 9503.0 11.0
209216.0 9513.0 11.0
210125.0 9553.0 11.0
210249.0 9559.0 11.0
210907.0 9589.0 11.0
211000.0 9592.0 11.0
212195.0 9647.0 11.0
213427.0 9703.0 11.0
213988.0 9729.0 11.0
214165.0 9738.0 11.0
214372.0 9748.0 11.0
214384.0 9748.0 11.0
214933.0 9772.0 11.0
215044.0 9777.0 11.0
215304.0 9789.0 11.0
215508.0 9798.0 11.0
217202.0 9875.0 11.0
217654.0 9895.0 11.0
222114.0 10098.0 11.0
222644.0 10122.0 11.0
222669.0 10123.0 11.0
223358.0 10156.0 11.0
224474.0 10205.0 11.0
224482.0 10205.0 11.0
225000.0 10231.0 11.0
231949.0 10546.0 11.0
254641.0 11577.0 11.0
