rev4
43131.0 1962.0 11.0
44152.0 2008.0 11.0
44165.0 2009.0 11.0
44373.0 2018.0 11.0
44517.0 2025.0 11.0
44759.0 2036.0 11.0
44802.0 2038.0 11.0
44824.0 2039.0 11.0
44892.0 2043.0 11.0
44902.0 2042.0 11.0
45183.0 2055.0 11.0
45562.0 2072.0 11.0
45649.0 2076.0 11.0
45694.0 2078.0 11.0
45893.0 2087.0 11.0
46003.0 2092.0 11.0
46025.0 2093.0 11.0
46111.0 2097.0 11.0
46243.0 2103.0 11.0
46298.0 2106.0 11.0
46351.0 2108.0 11.0
46432.0 2112.0 11.0
46640.0 2121.0 11.0
46883.0 2132.0 11.0
47080.0 2142.0 11.0
47125.0 2143.0 11.0
47191.0 2146.0 11.0
47290.0 2151.0 11.0
47311.0 2152.0 11.0
47322.0 2152.0 11.0
47363.0 2154.0 11.0
47542.0 2163.0 11.0
47641.0 2167.0 11.0
47652.0 2167.0 11.0
47683.0 2169.0 11.0
47697.0 2169.0 11.0
47728.0 2171.0 11.0
47816.0 2175.0 11.0
47848.0 2176.0 11.0
47895.0 2178.0 11.0
47902.0 2179.0 11.0
48104.0 2188.0 11.0
48158.0 2190.0 11.0
48166.0 2191.0 11.0
48269.0 2195.0 11.0
48324.0 2198.0 11.0
48620.0 2211.0 11.0
48686.0 2214.0 11.0
48797.0 2219.0 11.0
48808.0 2220.0 11.0
48841.0 2221.0 11.0
48849.0 2222.0 11.0
48903.0 2224.0 11.0
48951.0 2226.0 11.0
49013.0 2229.0 11.0
49060.0 2231.0 11.0
49302.0 2242.0 11.0
49585.0 2255.0 11.0
49675.0 2259.0 11.0
49676.0 2259.0 11.0
49699.0 2260.0 11.0
49753.0 2263.0 11.0
49873.0 2268.0 11.0
49929.0 2271.0 11.0
50003.0 2274.0 11.0
50028.0 2275.0 11.0
50092.0 2279.0 11.0
50334.0 2289.0 11.0
50424.0 2293.0 11.0
50689.0 2305.0 11.0
50697.0 2306.0 11.0
50731.0 2307.0 11.0
51226.0 2330.0 11.0
51303.0 2333.0 11.0
51382.0 2337.0 11.0
51456.0 2340.0 11.0
51481.0 2341.0 11.0
51502.0 2342.0 11.0
51700.0 2351.0 11.0
51964.0 2363.0 11.0
52250.0 2376.0 11.0
52258.0 2377.0 11.0
52361.0 2381.0 11.0
52504.0 2388.0 11.0
52512.0 2388.0 11.0
52554.0 2390.0 11.0
52820.0 2402.0 11.0
52918.0 2407.0 11.0
52931.0 2407.0 11.0
53483.0 2432.0 11.0
53626.0 2439.0 11.0
54382.0 2473.0 11.0
54515.0 2479.0 11.0
54539.0 2480.0 11.0
55351.0 2517.0 11.0
55626.0 2530.0 11.0
56210.0 2556.0 11.0
56692.0 2578.0 11.0
56890.0 2587.0 11.0
58433.0 2657.0 11.0
