rev4
6325334.0 287549.0 11.0
6446992.0 293082.0 11.0
6511157.0 295991.0 11.0
6518659.0 296338.0 11.0
6522850.0 296532.0 11.0
6524676.0 296618.0 11.0
6544439.0 297514.0 11.0
6552798.0 297890.0 11.0
6572080.0 298762.0 11.0
6575923.0 298936.0 11.0
6578616.0 299065.0 11.0
6592819.0 299712.0 11.0
6594561.0 299793.0 11.0
6605613.0 300287.0 11.0
6608569.0 300432.0 11.0
6628123.0 301314.0 11.0
6628259.0 301321.0 11.0
6630732.0 301440.0 11.0
6632231.0 301496.0 11.0
6638659.0 301793.0 11.0
6649350.0 302280.0 11.0
6667016.0 303085.0 11.0
6668246.0 303138.0 11.0
6676643.0 303519.0 11.0
6679363.0 303642.0 11.0
6686423.0 303961.0 11.0
6714286.0 305235.0 11.0
6723519.0 305657.0 11.0
6747278.0 306738.0 11.0
6756794.0 307167.0 11.0
6761585.0 307382.0 11.0
6762859.0 307438.0 11.0
6766582.0 307608.0 11.0
6819223.0 309999.0 11.0
6820211.0 310049.0 11.0
6823000.0 310172.0 11.0
6838582.0 310894.0 11.0
6844150.0 311138.0 11.0
6844909.0 311168.0 11.0
6849745.0 311397.0 11.0
6853596.0 311570.0 11.0
6861725.0 311940.0 11.0
6871434.0 312370.0 11.0
6872000.0 312402.0 11.0
6875110.0 312535.0 11.0
6879068.0 312726.0 11.0
6883398.0 312922.0 11.0
6893744.0 313384.0 11.0
6900458.0 313696.0 11.0
6901197.0 313732.0 11.0
6910182.0 314131.0 11.0
6921233.0 314642.0 11.0
6961787.0 316489.0 11.0
6968988.0 316807.0 11.0
6974732.0 317066.0 11.0
6983865.0 317485.0 11.0
6984462.0 317515.0 11.0
6986051.0 317582.0 11.0
6992454.0 317878.0 11.0
6992899.0 317891.0 11.0
7008789.0 318618.0 11.0
7009975.0 318672.0 11.0
7011648.0 318759.0 11.0
7020565.0 319153.0 11.0
7021792.0 319214.0 11.0
7025750.0 319393.0 11.0
7049032.0 320454.0 11.0
7049216.0 320468.0 11.0
7053753.0 320670.0 11.0
7076448.0 321693.0 11.0
7088005.0 322222.0 11.0
7109770.0 323207.0 11.0
7113265.0 323369.0 11.0
7121526.0 323752.0 11.0
7121919.0 323767.0 11.0
7124726.0 323893.0 11.0
7153267.0 325194.0 11.0
7165847.0 325765.0 11.0
7169477.0 325923.0 11.0
7184139.0 326586.0 11.0
7186837.0 326713.0 11.0
7188683.0 326798.0 11.0
7213740.0 327930.0 11.0
7213988.0 327955.0 11.0
7258814.0 329996.0 11.0
7286860.0 331263.0 11.0
7341466.0 333746.0 11.0
7390941.0 335996.0 11.0
7403388.0 336560.0 11.0
7429167.0 337731.0 11.0
7448966.0 338632.0 11.0
7456495.0 338970.0 11.0
7504741.0 341168.0 11.0
7526848.0 342170.0 11.0
7591032.0 345087.0 11.0
7628274.0 346782.0 11.0
7692323.0 349695.0 11.0
7753346.0 352474.0 11.0
7817193.0 355375.0 11.0
7906560.0 359432.0 11.0
