rev4
947.0 44.0 11.0
991.0 46.0 11.0
1013.0 47.0 11.0
1057.0 49.0 11.0
1057.0 49.0 11.0
1079.0 50.0 11.0
1123.0 52.0 11.0
1123.0 52.0 11.0
1167.0 54.0 11.0
1189.0 55.0 11.0
1211.0 56.0 11.0
1233.0 57.0 11.0
1255.0 58.0 11.0
1255.0 58.0 11.0
1255.0 58.0 11.0
1277.0 59.0 11.0
1299.0 60.0 11.0
1321.0 61.0 11.0
1343.0 62.0 11.0
1343.0 62.0 11.0
1365.0 63.0 11.0
1365.0 63.0 11.0
1365.0 63.0 11.0
1386.0 64.0 11.0
1387.0 64.0 11.0
1387.0 64.0 11.0
1387.0 64.0 11.0
1387.0 64.0 11.0
1387.0 64.0 11.0
1387.0 64.0 11.0
1408.0 65.0 11.0
1409.0 65.0 11.0
1409.0 65.0 11.0
1409.0 65.0 11.0
1431.0 66.0 11.0
1431.0 66.0 11.0
1431.0 66.0 11.0
1431.0 66.0 11.0
1431.0 66.0 11.0
1453.0 67.0 11.0
1453.0 67.0 11.0
1453.0 67.0 11.0
1453.0 67.0 11.0
1453.0 67.0 11.0
1475.0 68.0 11.0
1475.0 68.0 11.0
1497.0 69.0 11.0
1497.0 69.0 11.0
1497.0 69.0 11.0
1497.0 69.0 11.0
1497.0 69.0 11.0
1519.0 70.0 11.0
1519.0 70.0 11.0
1541.0 71.0 11.0
1541.0 71.0 11.0
1541.0 71.0 11.0
1541.0 71.0 11.0
1563.0 72.0 11.0
1563.0 72.0 11.0
1563.0 72.0 11.0
1563.0 72.0 11.0
1585.0 73.0 11.0
1607.0 74.0 11.0
1628.0 75.0 11.0
1629.0 75.0 11.0
1629.0 75.0 11.0
1649.0 76.0 11.0
1651.0 76.0 11.0
1651.0 76.0 11.0
1651.0 76.0 11.0
1673.0 77.0 11.0
1673.0 77.0 11.0
1684.0 78.0 11.0
1695.0 78.0 11.0
1695.0 78.0 11.0
1706.0 79.0 11.0
1717.0 79.0 11.0
1717.0 79.0 11.0
1717.0 79.0 11.0
1739.0 80.0 11.0
1739.0 80.0 11.0
1739.0 80.0 11.0
1761.0 81.0 11.0
1761.0 81.0 11.0
1761.0 81.0 11.0
1783.0 82.0 11.0
1783.0 82.0 11.0
1805.0 83.0 11.0
1827.0 84.0 11.0
1871.0 86.0 11.0
1893.0 87.0 11.0
1893.0 87.0 11.0
1937.0 89.0 11.0
1981.0 91.0 11.0
2003.0 92.0 11.0
2047.0 94.0 11.0
2047.0 94.0 11.0
2047.0 94.0 11.0
2113.0 97.0 11.0
2223.0 102.0 11.0
