rev4
3090871.0 140513.0 11.0
3129995.0 142287.0 11.0
3132915.0 142423.0 11.0
3149245.0 143165.0 11.0
3150501.0 143221.0 11.0
3153125.0 143343.0 11.0
3153377.0 143352.0 11.0
3189891.0 145012.0 11.0
3190181.0 145028.0 11.0
3207281.0 145801.0 11.0
3207512.0 145811.0 11.0
3220410.0 146399.0 11.0
3228459.0 146768.0 11.0
3233526.0 146998.0 11.0
3241114.0 147346.0 11.0
3251082.0 147795.0 11.0
3260725.0 148234.0 11.0
3265833.0 148469.0 11.0
3273042.0 148797.0 11.0
3279481.0 149082.0 11.0
3282408.0 149216.0 11.0
3283242.0 149260.0 11.0
3287228.0 149441.0 11.0
3287678.0 149460.0 11.0
3299207.0 149985.0 11.0
3300320.0 150035.0 11.0
3301127.0 150072.0 11.0
3305191.0 150251.0 11.0
3306454.0 150314.0 11.0
3311277.0 150529.0 11.0
3317415.0 150816.0 11.0
3318340.0 150856.0 11.0
3318379.0 150858.0 11.0
3318411.0 150857.0 11.0
3322953.0 151064.0 11.0
3325201.0 151171.0 11.0
3334102.0 151570.0 11.0
3340342.0 151850.0 11.0
3341891.0 151922.0 11.0
3349124.0 152251.0 11.0
3351473.0 152361.0 11.0
3352723.0 152415.0 11.0
3359251.0 152712.0 11.0
3367733.0 153098.0 11.0
3369032.0 153157.0 11.0
3373149.0 153345.0 11.0
3373579.0 153366.0 11.0
3375019.0 153429.0 11.0
3377447.0 153540.0 11.0
3380594.0 153684.0 11.0
3383367.0 153811.0 11.0
3385471.0 153907.0 11.0
3386678.0 153958.0 11.0
3391061.0 154157.0 11.0
3392000.0 154198.0 11.0
3393832.0 154286.0 11.0
3398220.0 154486.0 11.0
3404033.0 154753.0 11.0
3414519.0 155229.0 11.0
3417933.0 155381.0 11.0
3419454.0 155449.0 11.0
3422434.0 155591.0 11.0
3425667.0 155735.0 11.0
3446136.0 156663.0 11.0
3448976.0 156790.0 11.0
3450204.0 156854.0 11.0
3454381.0 157038.0 11.0
3454599.0 157044.0 11.0
3458452.0 157225.0 11.0
3458495.0 157221.0 11.0
3477001.0 158066.0 11.0
3481190.0 158257.0 11.0
3481255.0 158255.0 11.0
3491785.0 158737.0 11.0
3497640.0 159003.0 11.0
3501558.0 159182.0 11.0
3506457.0 159407.0 11.0
3516737.0 159872.0 11.0
3528428.0 160406.0 11.0
3529323.0 160442.0 11.0
3531848.0 160559.0 11.0
3551615.0 161461.0 11.0
3559551.0 161820.0 11.0
3559862.0 161837.0 11.0
3594126.0 163392.0 11.0
3602413.0 163765.0 11.0
3613390.0 164264.0 11.0
3617063.0 164431.0 11.0
3637989.0 165383.0 11.0
3666018.0 166659.0 11.0
3675092.0 167071.0 11.0
3695760.0 168010.0 11.0
3709036.0 168612.0 11.0
3717643.0 169001.0 11.0
3735119.0 169797.0 11.0
3751497.0 170545.0 11.0
3860678.0 175508.0 11.0
3869679.0 175918.0 11.0
3964120.0 180216.0 11.0
4063344.0 184723.0 11.0
