rev2
4.6613921E7 5826741.0 4.0
4.7543249E7 5942907.0 4.0
4.7660993E7 5957625.0 4.0
4.7725737E7 5965718.0 4.0
4.7753121E7 5969141.0 4.0
4.7777249E7 5972157.0 4.0
4.8027569E7 6003447.0 4.0
4.8126169E7 6015772.0 4.0
4.8554921E7 6069366.0 4.0
4.8682201E7 6085276.0 4.0
4.8688105E7 6086014.0 4.0
4.8692529E7 6086567.0 4.0
4.8934649E7 6116832.0 4.0
4.9249857E7 6156233.0 4.0
4.9455609E7 6181952.0 4.0
4.9509505E7 6188689.0 4.0
4.9516553E7 6189570.0 4.0
4.9729897E7 6216238.0 4.0
4.9791025E7 6223879.0 4.0
4.9931289E7 6241412.0 4.0
4.9957417E7 6244678.0 4.0
5.0002585E7 6250324.0 4.0
5.0042193E7 6255275.0 4.0
5.0053785E7 6256724.0 4.0
5.0100353E7 6262545.0 4.0
5.0352265E7 6294034.0 4.0
5.0591921E7 6323991.0 4.0
5.0739481E7 6342436.0 4.0
5.0761809E7 6345227.0 4.0
5.0819137E7 6352393.0 4.0
5.1147049E7 6393382.0 4.0
5.1270289E7 6408787.0 4.0
5.1615457E7 6451933.0 4.0
5.1837681E7 6479711.0 4.0
5.1941529E7 6492692.0 4.0
5.2202553E7 6525320.0 4.0
5.2372841E7 6546606.0 4.0
5.2392729E7 6549092.0 4.0
5.2422833E7 6552855.0 4.0
5.2545281E7 6568161.0 4.0
5.2585193E7 6573150.0 4.0
5.2676705E7 6584589.0 4.0
5.2715657E7 6589458.0 4.0
5.2745657E7 6593208.0 4.0
5.2799409E7 6599927.0 4.0
5.2820697E7 6602588.0 4.0
5.2870481E7 6608811.0 4.0
5.2895257E7 6611908.0 4.0
5.2977817E7 6622228.0 4.0
5.2982065E7 6622759.0 4.0
5.3036377E7 6629548.0 4.0
5.3136265E7 6642034.0 4.0
5.3233361E7 6654171.0 4.0
5.3337889E7 6667237.0 4.0
5.3417961E7 6677246.0 4.0
5.3466337E7 6683293.0 4.0
5.3486169E7 6685772.0 4.0
5.3536105E7 6692014.0 4.0
5.3568857E7 6696108.0 4.0
5.3611401E7 6701426.0 4.0
5.3648721E7 6706091.0 4.0
5.3697705E7 6712214.0 4.0
5.3799705E7 6724964.0 4.0
5.3935401E7 6741926.0 4.0
5.4032473E7 6754060.0 4.0
5.4584945E7 6823119.0 4.0
5.4800329E7 6850042.0 4.0
5.4828985E7 6853624.0 4.0
5.4856665E7 6857084.0 4.0
5.4924177E7 6865523.0 4.0
5.5102513E7 6887815.0 4.0
5.5239529E7 6904942.0 4.0
5.5243633E7 6905455.0 4.0
5.5424761E7 6928096.0 4.0
5.5483865E7 6935484.0 4.0
5.5771361E7 6971421.0 4.0
5.6093601E7 7011701.0 4.0
5.6153273E7 7019160.0 4.0
5.6163321E7 7020416.0 4.0
5.6800953E7 7100120.0 4.0
5.6892385E7 7111549.0 4.0
5.7135201E7 7141901.0 4.0
5.7202457E7 7150308.0 4.0
5.7356153E7 7169520.0 4.0
5.7500081E7 7187511.0 4.0
5.8052273E7 7256535.0 4.0
5.8591081E7 7323886.0 4.0
5.8692617E7 7336578.0 4.0
5.8712465E7 7339059.0 4.0
5.9656801E7 7457101.0 4.0
5.9758521E7 7469816.0 4.0
5.9864689E7 7483087.0 4.0
6.0454633E7 7556830.0 4.0
6.1150329E7 7643792.0 4.0
6.1711305E7 7713914.0 4.0
6.4379849E7 8047482.0 4.0
6.5306393E7 8163300.0 4.0
6.8003057E7 8500383.0 4.0
6.8317457E7 8539683.0 4.0
6.8792897E7 8599113.0 4.0
