rev4
14695.0 1929.0 4.0
15654.0 2054.0 4.0
15976.0 2099.0 4.0
16016.0 2113.0 4.0
16434.0 2147.0 4.0
16452.0 2178.0 4.0
16755.0 2192.0 4.0
17057.0 2245.0 4.0
17116.0 2265.0 4.0
17167.0 2265.0 4.0
17180.0 2279.0 4.0
17346.0 2280.0 4.0
17398.0 2294.0 4.0
17491.0 2305.0 4.0
17524.0 2320.0 4.0
17561.0 2321.0 4.0
17613.0 2320.0 4.0
17673.0 2329.0 4.0
17784.0 2330.0 4.0
17873.0 2351.0 4.0
17950.0 2362.0 4.0
18010.0 2373.0 4.0
18049.0 2381.0 4.0
18113.0 2403.0 4.0
18118.0 2389.0 4.0
18255.0 2408.0 4.0
18294.0 2408.0 4.0
18358.0 2419.0 4.0
18772.0 2473.0 4.0
18818.0 2478.0 4.0
18822.0 2490.0 4.0
18872.0 2488.0 4.0
18878.0 2501.0 4.0
18899.0 2493.0 4.0
18994.0 2511.0 4.0
18998.0 2495.0 4.0
18998.0 2518.0 4.0
19028.0 2499.0 4.0
19107.0 2513.0 4.0
19134.0 2515.0 4.0
19149.0 2525.0 4.0
19178.0 2528.0 4.0
19208.0 2525.0 4.0
19279.0 2546.0 4.0
19332.0 2558.0 4.0
19419.0 2572.0 4.0
19434.0 2554.0 4.0
19451.0 2568.0 4.0
19458.0 2562.0 4.0
19477.0 2567.0 4.0
19637.0 2595.0 4.0
19759.0 2607.0 4.0
19766.0 2597.0 4.0
19793.0 2602.0 4.0
19810.0 2615.0 4.0
19816.0 2618.0 4.0
19828.0 2614.0 4.0
19844.0 2632.0 4.0
19876.0 2625.0 4.0
19892.0 2628.0 4.0
19943.0 2619.0 4.0
20009.0 2617.0 4.0
20052.0 2639.0 4.0
20119.0 2652.0 4.0
20140.0 2663.0 4.0
20192.0 2671.0 4.0
20211.0 2678.0 4.0
20273.0 2666.0 4.0
20327.0 2682.0 4.0
20335.0 2698.0 4.0
20588.0 2719.0 4.0
20694.0 2727.0 4.0
20774.0 2738.0 4.0
20858.0 2742.0 4.0
20891.0 2757.0 4.0
21099.0 2788.0 4.0
21238.0 2789.0 4.0
21338.0 2806.0 4.0
21575.0 2845.0 4.0
21577.0 2850.0 4.0
21830.0 2871.0 4.0
21899.0 2898.0 4.0
21915.0 2890.0 4.0
22041.0 2903.0 4.0
22107.0 2921.0 4.0
22225.0 2931.0 4.0
22240.0 2935.0 4.0
22438.0 2952.0 4.0
22611.0 2969.0 4.0
22733.0 2996.0 4.0
23312.0 3070.0 4.0
23477.0 3094.0 4.0
23653.0 3119.0 4.0
23921.0 3168.0 4.0
25197.0 3319.0 4.0
25293.0 3325.0 4.0
25382.0 3343.0 4.0
25738.0 3385.0 4.0
26052.0 3440.0 4.0
28626.0 3773.0 4.0
