rev2
4.38223329E8 5.4777917E7 4.0
4.38497281E8 5.4812161E7 4.0
4.39903249E8 5.4987907E7 4.0
4.39918689E8 5.4989837E7 4.0
4.40075513E8 5.500944E7 4.0
4.46433409E8 5.5804177E7 4.0
4.46532425E8 5.5816554E7 4.0
4.47388289E8 5.5923537E7 4.0
4.49953337E8 5.6244168E7 4.0
4.50964041E8 5.6370506E7 4.0
4.51038209E8 5.6379777E7 4.0
4.51526721E8 5.6440841E7 4.0
4.53239137E8 5.6654893E7 4.0
4.54216953E8 5.677712E7 4.0
4.54287097E8 5.6785888E7 4.0
4.54797841E8 5.6849731E7 4.0
4.55088481E8 5.6886061E7 4.0
4.55469761E8 5.6933721E7 4.0
4.56910281E8 5.7113786E7 4.0
4.58513369E8 5.7314172E7 4.0
4.58848489E8 5.7356062E7 4.0
4.59839705E8 5.7479964E7 4.0
4.60154201E8 5.7519276E7 4.0
4.61016001E8 5.7627001E7 4.0
4.61145249E8 5.7643157E7 4.0
4.62167473E8 5.7770935E7 4.0
4.62564457E8 5.7820558E7 4.0
4.63153001E8 5.7894126E7 4.0
4.63207513E8 5.790094E7 4.0
4.64299537E8 5.8037443E7 4.0
4.65001393E8 5.8125175E7 4.0
4.65762185E8 5.8220274E7 4.0
4.68333625E8 5.8541704E7 4.0
4.68469025E8 5.8558629E7 4.0
4.68959241E8 5.8619906E7 4.0
4.69486169E8 5.8685772E7 4.0
4.70050025E8 5.8756254E7 4.0
4.70289049E8 5.8786132E7 4.0
4.70290001E8 5.8786251E7 4.0
4.71124433E8 5.8890555E7 4.0
4.71474817E8 5.8934353E7 4.0
4.72307649E8 5.9038457E7 4.0
4.73629233E8 5.9203655E7 4.0
4.74277881E8 5.9284736E7 4.0
4.76318097E8 5.9539763E7 4.0
4.76349881E8 5.9543736E7 4.0
4.76498921E8 5.9562366E7 4.0
4.77272969E8 5.9659122E7 4.0
4.77310193E8 5.9663775E7 4.0
4.77541617E8 5.9692703E7 4.0
4.78942017E8 5.9867753E7 4.0
4.79256153E8 5.990702E7 4.0
4.79284505E8 5.9910564E7 4.0
4.80923481E8 6.0115436E7 4.0
4.82627145E8 6.0328394E7 4.0
4.83658537E8 6.0457318E7 4.0
4.84044937E8 6.0505618E7 4.0
4.84246961E8 6.0530871E7 4.0
4.85282257E8 6.0660283E7 4.0
4.85399777E8 6.0674973E7 4.0
4.85740521E8 6.0717566E7 4.0
4.86338961E8 6.0792371E7 4.0
4.88042409E8 6.1005302E7 4.0
4.89019937E8 6.1127493E7 4.0
4.89641049E8 6.1205132E7 4.0
4.89773945E8 6.1221744E7 4.0
4.89908377E8 6.1238548E7 4.0
4.92374289E8 6.1546787E7 4.0
4.93361481E8 6.1670186E7 4.0
4.93526033E8 6.1690755E7 4.0
4.94930833E8 6.1866355E7 4.0
4.95023265E8 6.1877909E7 4.0
4.95206481E8 6.1900811E7 4.0
4.95568633E8 6.194608E7 4.0
4.97034225E8 6.2129279E7 4.0
4.98216017E8 6.2277003E7 4.0
4.98516673E8 6.2314585E7 4.0
5.02452761E8 6.2806596E7 4.0
5.03117905E8 6.2889739E7 4.0
5.03698041E8 6.2962256E7 4.0
5.04795249E8 6.3099407E7 4.0
5.06128993E8 6.3266125E7 4.0
5.06299689E8 6.3287462E7 4.0
5.08696241E8 6.3587031E7 4.0
5.10867025E8 6.3858379E7 4.0
5.12165609E8 6.4020702E7 4.0
5.14517193E8 6.431465E7 4.0
5.14715137E8 6.4339393E7 4.0
5.14979745E8 6.4372469E7 4.0
5.20388865E8 6.5048609E7 4.0
5.28003257E8 6.6000408E7 4.0
5.28256585E8 6.6032074E7 4.0
5.32338913E8 6.6542365E7 4.0
5.34962961E8 6.6870371E7 4.0
5.36734561E8 6.7091821E7 4.0
5.43180353E8 6.7897545E7 4.0
5.48247353E8 6.853092E7 4.0
5.51319345E8 6.8914919E7 4.0
5.51815969E8 6.8976997E7 4.0
5.59765625E8 6.9970704E7 4.0
