rev4
80.0 11.0 4.0
89.0 13.0 4.0
95.0 13.0 4.0
98.0 14.0 4.0
104.0 14.0 4.0
110.0 15.0 4.0
112.0 16.0 4.0
112.0 15.0 4.0
114.0 16.0 4.0
115.0 16.0 4.0
119.0 16.0 4.0
119.0 17.0 4.0
121.0 17.0 4.0
121.0 17.0 4.0
124.0 17.0 4.0
124.0 17.0 4.0
124.0 17.0 4.0
125.0 17.0 4.0
127.0 17.0 4.0
128.0 17.0 4.0
128.0 18.0 4.0
128.0 18.0 4.0
129.0 18.0 4.0
129.0 17.0 4.0
130.0 19.0 4.0
130.0 18.0 4.0
131.0 18.0 4.0
133.0 18.0 4.0
134.0 18.0 4.0
135.0 19.0 4.0
135.0 18.0 4.0
137.0 18.0 4.0
140.0 19.0 4.0
141.0 19.0 4.0
141.0 19.0 4.0
142.0 19.0 4.0
142.0 20.0 4.0
143.0 19.0 4.0
144.0 19.0 4.0
152.0 20.0 4.0
152.0 20.0 4.0
155.0 21.0 4.0
156.0 21.0 4.0
157.0 22.0 4.0
158.0 21.0 4.0
158.0 22.0 4.0
159.0 21.0 4.0
159.0 21.0 4.0
159.0 22.0 4.0
160.0 21.0 4.0
160.0 23.0 4.0
162.0 22.0 4.0
162.0 22.0 4.0
163.0 22.0 4.0
166.0 22.0 4.0
166.0 23.0 4.0
167.0 22.0 4.0
168.0 23.0 4.0
168.0 23.0 4.0
168.0 24.0 4.0
168.0 23.0 4.0
168.0 22.0 4.0
172.0 25.0 4.0
172.0 23.0 4.0
173.0 23.0 4.0
178.0 24.0 4.0
179.0 24.0 4.0
181.0 25.0 4.0
183.0 25.0 4.0
185.0 25.0 4.0
187.0 25.0 4.0
188.0 26.0 4.0
190.0 26.0 4.0
194.0 26.0 4.0
194.0 26.0 4.0
198.0 28.0 4.0
201.0 27.0 4.0
206.0 27.0 4.0
207.0 28.0 4.0
212.0 28.0 4.0
212.0 29.0 4.0
214.0 29.0 4.0
216.0 28.0 4.0
217.0 29.0 4.0
221.0 29.0 4.0
223.0 31.0 4.0
232.0 30.0 4.0
234.0 32.0 4.0
238.0 32.0 4.0
238.0 31.0 4.0
239.0 32.0 4.0
239.0 32.0 4.0
240.0 32.0 4.0
240.0 34.0 4.0
251.0 33.0 4.0
257.0 35.0 4.0
262.0 36.0 4.0
267.0 35.0 4.0
310.0 40.0 4.0
319.0 43.0 4.0
