rev2
729.0 92.0 4.0
753.0 95.0 4.0
833.0 105.0 4.0
889.0 112.0 4.0
889.0 112.0 4.0
897.0 113.0 4.0
905.0 114.0 4.0
913.0 115.0 4.0
913.0 115.0 4.0
921.0 116.0 4.0
929.0 117.0 4.0
929.0 117.0 4.0
929.0 117.0 4.0
937.0 118.0 4.0
969.0 122.0 4.0
977.0 123.0 4.0
985.0 124.0 4.0
985.0 124.0 4.0
1001.0 126.0 4.0
1009.0 127.0 4.0
1025.0 129.0 4.0
1033.0 130.0 4.0
1041.0 131.0 4.0
1057.0 133.0 4.0
1057.0 133.0 4.0
1065.0 134.0 4.0
1065.0 134.0 4.0
1065.0 134.0 4.0
1065.0 134.0 4.0
1065.0 134.0 4.0
1073.0 135.0 4.0
1081.0 136.0 4.0
1081.0 136.0 4.0
1089.0 137.0 4.0
1097.0 138.0 4.0
1113.0 140.0 4.0
1121.0 141.0 4.0
1121.0 141.0 4.0
1137.0 143.0 4.0
1137.0 143.0 4.0
1145.0 144.0 4.0
1145.0 144.0 4.0
1161.0 146.0 4.0
1161.0 146.0 4.0
1161.0 146.0 4.0
1169.0 147.0 4.0
1177.0 148.0 4.0
1201.0 151.0 4.0
1201.0 151.0 4.0
1209.0 152.0 4.0
1209.0 152.0 4.0
1209.0 152.0 4.0
1217.0 153.0 4.0
1217.0 153.0 4.0
1225.0 154.0 4.0
1225.0 154.0 4.0
1225.0 154.0 4.0
1225.0 154.0 4.0
1225.0 154.0 4.0
1233.0 155.0 4.0
1233.0 155.0 4.0
1241.0 156.0 4.0
1249.0 157.0 4.0
1265.0 159.0 4.0
1281.0 161.0 4.0
1289.0 162.0 4.0
1305.0 164.0 4.0
1313.0 165.0 4.0
1313.0 165.0 4.0
1329.0 167.0 4.0
1329.0 167.0 4.0
1353.0 170.0 4.0
1353.0 170.0 4.0
1353.0 170.0 4.0
1361.0 171.0 4.0
1369.0 172.0 4.0
1377.0 173.0 4.0
1393.0 175.0 4.0
1393.0 175.0 4.0
1409.0 177.0 4.0
1409.0 177.0 4.0
1465.0 184.0 4.0
1473.0 185.0 4.0
1473.0 185.0 4.0
1489.0 187.0 4.0
1489.0 187.0 4.0
1497.0 188.0 4.0
1505.0 189.0 4.0
1529.0 192.0 4.0
1593.0 200.0 4.0
1601.0 201.0 4.0
1617.0 203.0 4.0
1633.0 205.0 4.0
1641.0 206.0 4.0
1641.0 206.0 4.0
1649.0 207.0 4.0
1673.0 210.0 4.0
1713.0 215.0 4.0
1945.0 244.0 4.0
2001.0 251.0 4.0
