rev4
1.4811867E7 1951809.0 4.0
1.529701E7 2015624.0 4.0
1.5366912E7 2024794.0 4.0
1.539503E7 2028540.0 4.0
1.5400419E7 2029227.0 4.0
1.5431014E7 2033151.0 4.0
1.5506474E7 2042812.0 4.0
1.5533764E7 2046744.0 4.0
1.5770772E7 2078100.0 4.0
1.590213E7 2095463.0 4.0
1.5927399E7 2098832.0 4.0
1.5997031E7 2107939.0 4.0
1.6042943E7 2113768.0 4.0
1.6100331E7 2121561.0 4.0
1.6136792E7 2126277.0 4.0
1.620369E7 2134791.0 4.0
1.6211285E7 2136237.0 4.0
1.6286446E7 2145883.0 4.0
1.6404019E7 2161392.0 4.0
1.6409855E7 2162171.0 4.0
1.6487354E7 2172718.0 4.0
1.6622624E7 2189897.0 4.0
1.6628864E7 2191067.0 4.0
1.6645853E7 2193478.0 4.0
1.6655085E7 2194439.0 4.0
1.6657952E7 2195010.0 4.0
1.667649E7 2197574.0 4.0
1.6686848E7 2198906.0 4.0
1.6740124E7 2205787.0 4.0
1.6758258E7 2208372.0 4.0
1.6771404E7 2210074.0 4.0
1.6785182E7 2212037.0 4.0
1.6803127E7 2213907.0 4.0
1.687459E7 2223366.0 4.0
1.6881158E7 2224170.0 4.0
1.688661E7 2225019.0 4.0
1.6890975E7 2225353.0 4.0
1.6950315E7 2233732.0 4.0
1.7012101E7 2241445.0 4.0
1.7029562E7 2243683.0 4.0
1.7034009E7 2244618.0 4.0
1.703411E7 2244673.0 4.0
1.7089727E7 2252022.0 4.0
1.7098541E7 2252750.0 4.0
1.7151553E7 2260115.0 4.0
1.7154198E7 2260452.0 4.0
1.715464E7 2260077.0 4.0
1.7156453E7 2260825.0 4.0
1.7178118E7 2263607.0 4.0
1.7190231E7 2264665.0 4.0
1.7200721E7 2266293.0 4.0
1.724017E7 2271783.0 4.0
1.7270704E7 2275633.0 4.0
1.7293767E7 2279083.0 4.0
1.7299367E7 2279562.0 4.0
1.7406426E7 2293598.0 4.0
1.7421654E7 2295787.0 4.0
1.752317E7 2308777.0 4.0
1.7525918E7 2309400.0 4.0
1.7526458E7 2309227.0 4.0
1.7627769E7 2322856.0 4.0
1.7641935E7 2324658.0 4.0
1.7694074E7 2331234.0 4.0
1.7787961E7 2343706.0 4.0
1.7838595E7 2350627.0 4.0
1.7843637E7 2350933.0 4.0
1.7844477E7 2351447.0 4.0
1.7860451E7 2353281.0 4.0
1.7865964E7 2353710.0 4.0
1.7884789E7 2356503.0 4.0
1.7886954E7 2356852.0 4.0
1.788987E7 2357383.0 4.0
1.7895426E7 2357809.0 4.0
1.7903085E7 2359027.0 4.0
1.7950932E7 2365245.0 4.0
1.8040087E7 2377038.0 4.0
1.8066191E7 2379952.0 4.0
1.8071868E7 2381350.0 4.0
1.8105967E7 2386054.0 4.0
1.8367297E7 2420165.0 4.0
1.8430094E7 2428855.0 4.0
1.8570048E7 2447050.0 4.0
1.8623887E7 2453564.0 4.0
1.8720716E7 2466931.0 4.0
1.8736859E7 2468724.0 4.0
1.8848064E7 2483651.0 4.0
1.9042941E7 2509447.0 4.0
1.9128495E7 2521000.0 4.0
1.9291017E7 2541793.0 4.0
1.9308084E7 2544303.0 4.0
1.9432265E7 2560302.0 4.0
1.9438056E7 2560954.0 4.0
1.9459514E7 2564491.0 4.0
1.9523022E7 2572600.0 4.0
1.9574993E7 2579437.0 4.0
2.001335E7 2637023.0 4.0
2.0235071E7 2666560.0 4.0
2.0267722E7 2670558.0 4.0
2.072022E7 2730603.0 4.0
2.1829468E7 2876556.0 4.0
