rev2
2250241.0 281281.0 4.0
2315929.0 289492.0 4.0
2322097.0 290263.0 4.0
2365441.0 295681.0 4.0
2395905.0 299489.0 4.0
2407145.0 300894.0 4.0
2420657.0 302583.0 4.0
2447057.0 305883.0 4.0
2459433.0 307430.0 4.0
2467985.0 308499.0 4.0
2469433.0 308680.0 4.0
2470945.0 308869.0 4.0
2471217.0 308903.0 4.0
2490593.0 311325.0 4.0
2492633.0 311580.0 4.0
2502993.0 312875.0 4.0
2519441.0 314931.0 4.0
2521113.0 315140.0 4.0
2522153.0 315270.0 4.0
2525673.0 315710.0 4.0
2534097.0 316763.0 4.0
2535857.0 316983.0 4.0
2535985.0 316999.0 4.0
2540689.0 317587.0 4.0
2547465.0 318434.0 4.0
2571681.0 321461.0 4.0
2582969.0 322872.0 4.0
2587737.0 323468.0 4.0
2587873.0 323485.0 4.0
2591257.0 323908.0 4.0
2593481.0 324186.0 4.0
2595361.0 324421.0 4.0
2598889.0 324862.0 4.0
2603585.0 325449.0 4.0
2604529.0 325567.0 4.0
2605393.0 325675.0 4.0
2607833.0 325980.0 4.0
2616729.0 327092.0 4.0
2623889.0 327987.0 4.0
2633265.0 329159.0 4.0
2633705.0 329214.0 4.0
2649897.0 331238.0 4.0
2662201.0 332776.0 4.0
2674281.0 334286.0 4.0
2675537.0 334443.0 4.0
2675609.0 334452.0 4.0
2680985.0 335124.0 4.0
2690953.0 336370.0 4.0
2693849.0 336732.0 4.0
2701145.0 337644.0 4.0
2717785.0 339724.0 4.0
2720097.0 340013.0 4.0
2729937.0 341243.0 4.0
2758849.0 344857.0 4.0
2759393.0 344925.0 4.0
2771633.0 346455.0 4.0
2780129.0 347517.0 4.0
2783313.0 347915.0 4.0
2794801.0 349351.0 4.0
2797073.0 349635.0 4.0
2798633.0 349830.0 4.0
2817329.0 352167.0 4.0
2823137.0 352893.0 4.0
2829785.0 353724.0 4.0
2832009.0 354002.0 4.0
2832081.0 354011.0 4.0
2836713.0 354590.0 4.0
2846721.0 355841.0 4.0
2857905.0 357239.0 4.0
2861745.0 357719.0 4.0
2863257.0 357908.0 4.0
2867969.0 358497.0 4.0
2872849.0 359107.0 4.0
2912593.0 364075.0 4.0
2915521.0 364441.0 4.0
2917249.0 364657.0 4.0
2920905.0 365114.0 4.0
2947769.0 368472.0 4.0
2989113.0 373640.0 4.0
3010729.0 376342.0 4.0
3012681.0 376586.0 4.0
3015649.0 376957.0 4.0
3015681.0 376961.0 4.0
3034201.0 379276.0 4.0
3036537.0 379568.0 4.0
3039257.0 379908.0 4.0
3050793.0 381350.0 4.0
3074609.0 384327.0 4.0
3090649.0 386332.0 4.0
3119697.0 389963.0 4.0
3120001.0 390001.0 4.0
3138729.0 392342.0 4.0
3144273.0 393035.0 4.0
3190777.0 398848.0 4.0
3210497.0 401313.0 4.0
3277377.0 409673.0 4.0
3339241.0 417406.0 4.0
3365961.0 420746.0 4.0
3618953.0 452370.0 4.0
3887561.0 485946.0 4.0
