rev2
515145.0 64394.0 4.0
517465.0 64684.0 4.0
520433.0 65055.0 4.0
521561.0 65196.0 4.0
524433.0 65555.0 4.0
529689.0 66212.0 4.0
530545.0 66319.0 4.0
531001.0 66376.0 4.0
531145.0 66394.0 4.0
532377.0 66548.0 4.0
535681.0 66961.0 4.0
536377.0 67048.0 4.0
538721.0 67341.0 4.0
538801.0 67351.0 4.0
541057.0 67633.0 4.0
545593.0 68200.0 4.0
548265.0 68534.0 4.0
549561.0 68696.0 4.0
549585.0 68699.0 4.0
552417.0 69053.0 4.0
552881.0 69111.0 4.0
554089.0 69262.0 4.0
558361.0 69796.0 4.0
559265.0 69909.0 4.0
561921.0 70241.0 4.0
563153.0 70395.0 4.0
564657.0 70583.0 4.0
565001.0 70626.0 4.0
565017.0 70628.0 4.0
565097.0 70638.0 4.0
565361.0 70671.0 4.0
565537.0 70693.0 4.0
566337.0 70793.0 4.0
569001.0 71126.0 4.0
569953.0 71245.0 4.0
570153.0 71270.0 4.0
571873.0 71485.0 4.0
572273.0 71535.0 4.0
574401.0 71801.0 4.0
575977.0 71998.0 4.0
576257.0 72033.0 4.0
582385.0 72799.0 4.0
582665.0 72834.0 4.0
583489.0 72937.0 4.0
587193.0 73400.0 4.0
587817.0 73478.0 4.0
589345.0 73669.0 4.0
591249.0 73907.0 4.0
592553.0 74070.0 4.0
592881.0 74111.0 4.0
594385.0 74299.0 4.0
594529.0 74317.0 4.0
594721.0 74341.0 4.0
594913.0 74365.0 4.0
595633.0 74455.0 4.0
596729.0 74592.0 4.0
599305.0 74914.0 4.0
601169.0 75147.0 4.0
601281.0 75161.0 4.0
603385.0 75424.0 4.0
606353.0 75795.0 4.0
606585.0 75824.0 4.0
606913.0 75865.0 4.0
609625.0 76204.0 4.0
612113.0 76515.0 4.0
612329.0 76542.0 4.0
613025.0 76629.0 4.0
615617.0 76953.0 4.0
617449.0 77182.0 4.0
617657.0 77208.0 4.0
617825.0 77229.0 4.0
618857.0 77358.0 4.0
625313.0 78165.0 4.0
628153.0 78520.0 4.0
628321.0 78541.0 4.0
633249.0 79157.0 4.0
637737.0 79718.0 4.0
638793.0 79850.0 4.0
641241.0 80156.0 4.0
642665.0 80334.0 4.0
643881.0 80486.0 4.0
646417.0 80803.0 4.0
646745.0 80844.0 4.0
650881.0 81361.0 4.0
652161.0 81521.0 4.0
652713.0 81590.0 4.0
671441.0 83931.0 4.0
686233.0 85780.0 4.0
697385.0 87174.0 4.0
701809.0 87727.0 4.0
708049.0 88507.0 4.0
710521.0 88816.0 4.0
723881.0 90486.0 4.0
726593.0 90825.0 4.0
776121.0 97016.0 4.0
791393.0 98925.0 4.0
805545.0 100694.0 4.0
832857.0 104108.0 4.0
834417.0 104303.0 4.0
851417.0 106428.0 4.0
