rev2
9769.0 1222.0 4.0
9969.0 1247.0 4.0
10433.0 1305.0 4.0
10513.0 1315.0 4.0
10585.0 1324.0 4.0
10641.0 1331.0 4.0
10729.0 1342.0 4.0
10897.0 1363.0 4.0
10905.0 1364.0 4.0
11017.0 1378.0 4.0
11105.0 1389.0 4.0
11225.0 1404.0 4.0
11385.0 1424.0 4.0
11441.0 1431.0 4.0
11561.0 1446.0 4.0
11577.0 1448.0 4.0
11641.0 1456.0 4.0
11689.0 1462.0 4.0
11801.0 1476.0 4.0
11825.0 1479.0 4.0
11889.0 1487.0 4.0
11897.0 1488.0 4.0
11945.0 1494.0 4.0
12017.0 1503.0 4.0
12017.0 1503.0 4.0
12025.0 1504.0 4.0
12025.0 1504.0 4.0
12033.0 1505.0 4.0
12065.0 1509.0 4.0
12137.0 1518.0 4.0
12145.0 1519.0 4.0
12153.0 1520.0 4.0
12177.0 1523.0 4.0
12185.0 1524.0 4.0
12225.0 1529.0 4.0
12241.0 1531.0 4.0
12313.0 1540.0 4.0
12337.0 1543.0 4.0
12345.0 1544.0 4.0
12465.0 1559.0 4.0
12489.0 1562.0 4.0
12537.0 1568.0 4.0
12553.0 1570.0 4.0
12561.0 1571.0 4.0
12729.0 1592.0 4.0
12809.0 1602.0 4.0
12937.0 1618.0 4.0
12953.0 1620.0 4.0
12977.0 1623.0 4.0
13001.0 1626.0 4.0
13113.0 1640.0 4.0
13121.0 1641.0 4.0
13193.0 1650.0 4.0
13217.0 1653.0 4.0
13281.0 1661.0 4.0
13345.0 1669.0 4.0
13361.0 1671.0 4.0
13433.0 1680.0 4.0
13465.0 1684.0 4.0
13481.0 1686.0 4.0
13569.0 1697.0 4.0
13617.0 1703.0 4.0
13649.0 1707.0 4.0
13721.0 1716.0 4.0
13721.0 1716.0 4.0
13729.0 1717.0 4.0
13897.0 1738.0 4.0
13961.0 1746.0 4.0
14065.0 1759.0 4.0
14073.0 1760.0 4.0
14161.0 1771.0 4.0
14161.0 1771.0 4.0
14169.0 1772.0 4.0
14193.0 1775.0 4.0
14241.0 1781.0 4.0
14481.0 1811.0 4.0
14505.0 1814.0 4.0
14513.0 1815.0 4.0
14665.0 1834.0 4.0
14673.0 1835.0 4.0
14929.0 1867.0 4.0
15017.0 1878.0 4.0
15041.0 1881.0 4.0
15281.0 1911.0 4.0
15297.0 1913.0 4.0
15457.0 1933.0 4.0
15513.0 1940.0 4.0
15769.0 1972.0 4.0
16193.0 2025.0 4.0
16217.0 2028.0 4.0
16265.0 2034.0 4.0
16297.0 2038.0 4.0
16937.0 2118.0 4.0
17297.0 2163.0 4.0
17529.0 2192.0 4.0
17665.0 2209.0 4.0
18017.0 2253.0 4.0
18377.0 2298.0 4.0
21417.0 2678.0 4.0
21593.0 2700.0 4.0
