rev2
1043545.0 130444.0 4.0
1050665.0 131334.0 4.0
1057641.0 132206.0 4.0
1120313.0 140040.0 4.0
1120441.0 140056.0 4.0
1122881.0 140361.0 4.0
1133665.0 141709.0 4.0
1137385.0 142174.0 4.0
1139873.0 142485.0 4.0
1140457.0 142558.0 4.0
1147849.0 143482.0 4.0
1157457.0 144683.0 4.0
1160305.0 145039.0 4.0
1164753.0 145595.0 4.0
1165585.0 145699.0 4.0
1166009.0 145752.0 4.0
1166601.0 145826.0 4.0
1176217.0 147028.0 4.0
1178337.0 147293.0 4.0
1180153.0 147520.0 4.0
1184801.0 148101.0 4.0
1186441.0 148306.0 4.0
1192321.0 149041.0 4.0
1192873.0 149110.0 4.0
1193209.0 149152.0 4.0
1194625.0 149329.0 4.0
1195825.0 149479.0 4.0
1200121.0 150016.0 4.0
1203009.0 150377.0 4.0
1209737.0 151218.0 4.0
1215497.0 151938.0 4.0
1222553.0 152820.0 4.0
1226737.0 153343.0 4.0
1228297.0 153538.0 4.0
1230081.0 153761.0 4.0
1230257.0 153783.0 4.0
1231161.0 153896.0 4.0
1239761.0 154971.0 4.0
1240969.0 155122.0 4.0
1240993.0 155125.0 4.0
1242929.0 155367.0 4.0
1246569.0 155822.0 4.0
1258305.0 157289.0 4.0
1258529.0 157317.0 4.0
1261825.0 157729.0 4.0
1262249.0 157782.0 4.0
1263809.0 157977.0 4.0
1270713.0 158840.0 4.0
1275145.0 159394.0 4.0
1275241.0 159406.0 4.0
1276913.0 159615.0 4.0
1280153.0 160020.0 4.0
1280177.0 160023.0 4.0
1281529.0 160192.0 4.0
1281809.0 160227.0 4.0
1285249.0 160657.0 4.0
1288921.0 161116.0 4.0
1293177.0 161648.0 4.0
1300153.0 162520.0 4.0
1300865.0 162609.0 4.0
1304497.0 163063.0 4.0
1306377.0 163298.0 4.0
1307457.0 163433.0 4.0
1310601.0 163826.0 4.0
1315001.0 164376.0 4.0
1315241.0 164406.0 4.0
1317049.0 164632.0 4.0
1317625.0 164704.0 4.0
1328337.0 166043.0 4.0
1331145.0 166394.0 4.0
1337361.0 167171.0 4.0
1341945.0 167744.0 4.0
1360905.0 170114.0 4.0
1363041.0 170381.0 4.0
1364033.0 170505.0 4.0
1372729.0 171592.0 4.0
1380913.0 172615.0 4.0
1387505.0 173439.0 4.0
1397097.0 174638.0 4.0
1398689.0 174837.0 4.0
1407049.0 175882.0 4.0
1411177.0 176398.0 4.0
1418249.0 177282.0 4.0
1422921.0 177866.0 4.0
1423273.0 177910.0 4.0
1427761.0 178471.0 4.0
1436465.0 179559.0 4.0
1439593.0 179950.0 4.0
1449361.0 181171.0 4.0
1460257.0 182533.0 4.0
1466473.0 183310.0 4.0
1473977.0 184248.0 4.0
1518881.0 189861.0 4.0
1562393.0 195300.0 4.0
1564465.0 195559.0 4.0
1584569.0 198072.0 4.0
1616425.0 202054.0 4.0
1656417.0 207053.0 4.0
1855385.0 231924.0 4.0
2086921.0 260866.0 4.0
