rev2
17.0 3.0 4.0
49.0 7.0 4.0
57.0 8.0 4.0
57.0 8.0 4.0
57.0 8.0 4.0
57.0 8.0 4.0
57.0 8.0 4.0
57.0 8.0 4.0
65.0 9.0 4.0
65.0 9.0 4.0
65.0 9.0 4.0
65.0 9.0 4.0
73.0 10.0 4.0
73.0 10.0 4.0
73.0 10.0 4.0
73.0 10.0 4.0
73.0 10.0 4.0
81.0 11.0 4.0
81.0 11.0 4.0
81.0 11.0 4.0
81.0 11.0 4.0
81.0 11.0 4.0
81.0 11.0 4.0
81.0 11.0 4.0
81.0 11.0 4.0
81.0 11.0 4.0
89.0 12.0 4.0
89.0 12.0 4.0
89.0 12.0 4.0
89.0 12.0 4.0
89.0 12.0 4.0
89.0 12.0 4.0
89.0 12.0 4.0
89.0 12.0 4.0
89.0 12.0 4.0
89.0 12.0 4.0
89.0 12.0 4.0
89.0 12.0 4.0
89.0 12.0 4.0
89.0 12.0 4.0
97.0 13.0 4.0
97.0 13.0 4.0
97.0 13.0 4.0
97.0 13.0 4.0
97.0 13.0 4.0
97.0 13.0 4.0
105.0 14.0 4.0
105.0 14.0 4.0
105.0 14.0 4.0
105.0 14.0 4.0
105.0 14.0 4.0
105.0 14.0 4.0
105.0 14.0 4.0
105.0 14.0 4.0
105.0 14.0 4.0
113.0 15.0 4.0
113.0 15.0 4.0
113.0 15.0 4.0
113.0 15.0 4.0
113.0 15.0 4.0
113.0 15.0 4.0
113.0 15.0 4.0
113.0 15.0 4.0
113.0 15.0 4.0
121.0 16.0 4.0
121.0 16.0 4.0
121.0 16.0 4.0
121.0 16.0 4.0
129.0 17.0 4.0
129.0 17.0 4.0
129.0 17.0 4.0
129.0 17.0 4.0
129.0 17.0 4.0
137.0 18.0 4.0
137.0 18.0 4.0
137.0 18.0 4.0
137.0 18.0 4.0
145.0 19.0 4.0
145.0 19.0 4.0
145.0 19.0 4.0
145.0 19.0 4.0
145.0 19.0 4.0
153.0 20.0 4.0
153.0 20.0 4.0
153.0 20.0 4.0
161.0 21.0 4.0
161.0 21.0 4.0
169.0 22.0 4.0
169.0 22.0 4.0
169.0 22.0 4.0
177.0 23.0 4.0
177.0 23.0 4.0
177.0 23.0 4.0
177.0 23.0 4.0
185.0 24.0 4.0
185.0 24.0 4.0
193.0 25.0 4.0
193.0 25.0 4.0
265.0 34.0 4.0
281.0 36.0 4.0
