rev2
1.0518377E7 1314798.0 4.0
1.0621121E7 1327641.0 4.0
1.0730921E7 1341366.0 4.0
1.0774369E7 1346797.0 4.0
1.0817601E7 1352201.0 4.0
1.0924129E7 1365517.0 4.0
1.1097049E7 1387132.0 4.0
1.1130553E7 1391320.0 4.0
1.1153321E7 1394166.0 4.0
1.1169481E7 1396186.0 4.0
1.1176345E7 1397044.0 4.0
1.1196801E7 1399601.0 4.0
1.1203049E7 1400382.0 4.0
1.1204457E7 1400558.0 4.0
1.1234393E7 1404300.0 4.0
1.1280057E7 1410008.0 4.0
1.1285281E7 1410661.0 4.0
1.1316985E7 1414624.0 4.0
1.1332737E7 1416593.0 4.0
1.1347721E7 1418466.0 4.0
1.1379825E7 1422479.0 4.0
1.1384001E7 1423001.0 4.0
1.1461641E7 1432706.0 4.0
1.1488065E7 1436009.0 4.0
1.1569265E7 1446159.0 4.0
1.1606057E7 1450758.0 4.0
1.1616353E7 1452045.0 4.0
1.1644841E7 1455606.0 4.0
1.1666129E7 1458267.0 4.0
1.1679881E7 1459986.0 4.0
1.1727201E7 1465901.0 4.0
1.1733089E7 1466637.0 4.0
1.1735025E7 1466879.0 4.0
1.1753969E7 1469247.0 4.0
1.1763073E7 1470385.0 4.0
1.1818409E7 1477302.0 4.0
1.1946657E7 1493333.0 4.0
1.1958081E7 1494761.0 4.0
1.1975337E7 1496918.0 4.0
1.1997577E7 1499698.0 4.0
1.2007225E7 1500904.0 4.0
1.2014425E7 1501804.0 4.0
1.2026041E7 1503256.0 4.0
1.2055345E7 1506919.0 4.0
1.2080233E7 1510030.0 4.0
1.2116985E7 1514624.0 4.0
1.2117681E7 1514711.0 4.0
1.2134217E7 1516778.0 4.0
1.2145633E7 1518205.0 4.0
1.2150521E7 1518816.0 4.0
1.2191897E7 1523988.0 4.0
1.2236209E7 1529527.0 4.0
1.2258321E7 1532291.0 4.0
1.2308233E7 1538530.0 4.0
1.2308889E7 1538612.0 4.0
1.2313065E7 1539134.0 4.0
1.2313729E7 1539217.0 4.0
1.2336425E7 1542054.0 4.0
1.2345257E7 1543158.0 4.0
1.2380537E7 1547568.0 4.0
1.2382449E7 1547807.0 4.0
1.2425977E7 1553248.0 4.0
1.2437385E7 1554674.0 4.0
1.2498865E7 1562359.0 4.0
1.2500665E7 1562584.0 4.0
1.2517945E7 1564744.0 4.0
1.2596049E7 1574507.0 4.0
1.2650145E7 1581269.0 4.0
1.2683945E7 1585494.0 4.0
1.2694057E7 1586758.0 4.0
1.2745481E7 1593186.0 4.0
1.2747593E7 1593450.0 4.0
1.2748601E7 1593576.0 4.0
1.2836657E7 1604583.0 4.0
1.2843513E7 1605440.0 4.0
1.2855017E7 1606878.0 4.0
1.2913241E7 1614156.0 4.0
1.2959953E7 1619995.0 4.0
1.2965385E7 1620674.0 4.0
1.2989257E7 1623658.0 4.0
1.3127457E7 1640933.0 4.0
1.3226201E7 1653276.0 4.0
1.3340289E7 1667537.0 4.0
1.3361641E7 1670206.0 4.0
1.3368273E7 1671035.0 4.0
1.3413185E7 1676649.0 4.0
1.3444585E7 1680574.0 4.0
1.3448793E7 1681100.0 4.0
1.3461961E7 1682746.0 4.0
1.3629137E7 1703643.0 4.0
1.3644473E7 1705560.0 4.0
1.3689313E7 1711165.0 4.0
1.3800769E7 1725097.0 4.0
1.3909209E7 1738652.0 4.0
1.4065353E7 1758170.0 4.0
1.4232305E7 1779039.0 4.0
1.4244057E7 1780508.0 4.0
1.4371009E7 1796377.0 4.0
1.4632729E7 1829092.0 4.0
1.7405673E7 2175710.0 4.0
