rev2
227761.0 28471.0 4.0
234937.0 29368.0 4.0
235489.0 29437.0 4.0
239313.0 29915.0 4.0
242961.0 30371.0 4.0
245465.0 30684.0 4.0
245617.0 30703.0 4.0
248177.0 31023.0 4.0
248401.0 31051.0 4.0
250577.0 31323.0 4.0
251345.0 31419.0 4.0
253201.0 31651.0 4.0
254361.0 31796.0 4.0
255009.0 31877.0 4.0
255257.0 31908.0 4.0
256505.0 32064.0 4.0
257449.0 32182.0 4.0
258313.0 32290.0 4.0
258849.0 32357.0 4.0
261497.0 32688.0 4.0
261601.0 32701.0 4.0
262225.0 32779.0 4.0
263041.0 32881.0 4.0
265273.0 33160.0 4.0
265345.0 33169.0 4.0
265393.0 33175.0 4.0
265641.0 33206.0 4.0
266833.0 33355.0 4.0
267185.0 33399.0 4.0
267393.0 33425.0 4.0
269537.0 33693.0 4.0
270113.0 33765.0 4.0
271561.0 33946.0 4.0
272529.0 34067.0 4.0
272849.0 34107.0 4.0
273097.0 34138.0 4.0
273945.0 34244.0 4.0
274121.0 34266.0 4.0
275089.0 34387.0 4.0
275209.0 34402.0 4.0
277185.0 34649.0 4.0
277489.0 34687.0 4.0
279785.0 34974.0 4.0
280041.0 35006.0 4.0
281081.0 35136.0 4.0
281625.0 35204.0 4.0
282177.0 35273.0 4.0
282425.0 35304.0 4.0
282465.0 35309.0 4.0
283713.0 35465.0 4.0
284113.0 35515.0 4.0
284177.0 35523.0 4.0
284521.0 35566.0 4.0
284769.0 35597.0 4.0
284969.0 35622.0 4.0
285129.0 35642.0 4.0
285161.0 35646.0 4.0
286585.0 35824.0 4.0
287313.0 35915.0 4.0
289585.0 36199.0 4.0
289753.0 36220.0 4.0
289985.0 36249.0 4.0
290553.0 36320.0 4.0
290809.0 36352.0 4.0
290985.0 36374.0 4.0
291217.0 36403.0 4.0
292377.0 36548.0 4.0
293465.0 36684.0 4.0
295097.0 36888.0 4.0
295337.0 36918.0 4.0
295673.0 36960.0 4.0
296145.0 37019.0 4.0
298649.0 37332.0 4.0
299913.0 37490.0 4.0
299961.0 37496.0 4.0
300769.0 37597.0 4.0
301673.0 37710.0 4.0
302121.0 37766.0 4.0
302945.0 37869.0 4.0
303081.0 37886.0 4.0
303857.0 37983.0 4.0
304089.0 38012.0 4.0
307793.0 38475.0 4.0
308729.0 38592.0 4.0
310057.0 38758.0 4.0
311849.0 38982.0 4.0
316553.0 39570.0 4.0
317625.0 39704.0 4.0
318857.0 39858.0 4.0
319457.0 39933.0 4.0
320657.0 40083.0 4.0
321617.0 40203.0 4.0
323569.0 40447.0 4.0
324881.0 40611.0 4.0
329345.0 41169.0 4.0
330737.0 41343.0 4.0
335761.0 41971.0 4.0
339977.0 42498.0 4.0
342289.0 42787.0 4.0
352137.0 44018.0 4.0
