rev2
4633.0 580.0 4.0
4697.0 588.0 4.0
4705.0 589.0 4.0
4769.0 597.0 4.0
4953.0 620.0 4.0
5001.0 626.0 4.0
5041.0 631.0 4.0
5073.0 635.0 4.0
5097.0 638.0 4.0
5121.0 641.0 4.0
5161.0 646.0 4.0
5169.0 647.0 4.0
5177.0 648.0 4.0
5201.0 651.0 4.0
5209.0 652.0 4.0
5217.0 653.0 4.0
5273.0 660.0 4.0
5273.0 660.0 4.0
5305.0 664.0 4.0
5313.0 665.0 4.0
5321.0 666.0 4.0
5401.0 676.0 4.0
5425.0 679.0 4.0
5425.0 679.0 4.0
5425.0 679.0 4.0
5457.0 683.0 4.0
5457.0 683.0 4.0
5513.0 690.0 4.0
5545.0 694.0 4.0
5569.0 697.0 4.0
5577.0 698.0 4.0
5577.0 698.0 4.0
5585.0 699.0 4.0
5593.0 700.0 4.0
5609.0 702.0 4.0
5625.0 704.0 4.0
5665.0 709.0 4.0
5689.0 712.0 4.0
5761.0 721.0 4.0
5841.0 731.0 4.0
5857.0 733.0 4.0
5937.0 743.0 4.0
5953.0 745.0 4.0
5977.0 748.0 4.0
6009.0 752.0 4.0
6033.0 755.0 4.0
6041.0 756.0 4.0
6049.0 757.0 4.0
6065.0 759.0 4.0
6129.0 767.0 4.0
6145.0 769.0 4.0
6145.0 769.0 4.0
6169.0 772.0 4.0
6177.0 773.0 4.0
6177.0 773.0 4.0
6185.0 774.0 4.0
6209.0 777.0 4.0
6225.0 779.0 4.0
6225.0 779.0 4.0
6241.0 781.0 4.0
6257.0 783.0 4.0
6273.0 785.0 4.0
6305.0 789.0 4.0
6313.0 790.0 4.0
6385.0 799.0 4.0
6409.0 802.0 4.0
6417.0 803.0 4.0
6425.0 804.0 4.0
6497.0 813.0 4.0
6577.0 823.0 4.0
6665.0 834.0 4.0
6689.0 837.0 4.0
6801.0 851.0 4.0
6801.0 851.0 4.0
6817.0 853.0 4.0
6881.0 861.0 4.0
6881.0 861.0 4.0
6945.0 869.0 4.0
6961.0 871.0 4.0
7049.0 882.0 4.0
7097.0 888.0 4.0
7153.0 895.0 4.0
7169.0 897.0 4.0
7177.0 898.0 4.0
7225.0 904.0 4.0
7241.0 906.0 4.0
7329.0 917.0 4.0
7417.0 928.0 4.0
7585.0 949.0 4.0
7745.0 969.0 4.0
7817.0 978.0 4.0
7881.0 986.0 4.0
7889.0 987.0 4.0
7913.0 990.0 4.0
8025.0 1004.0 4.0
8201.0 1026.0 4.0
8417.0 1053.0 4.0
8681.0 1086.0 4.0
8993.0 1125.0 4.0
9177.0 1148.0 4.0
