rev2
9.8039889E7 1.2254987E7 4.0
9.8790641E7 1.2348831E7 4.0
9.8931633E7 1.2366455E7 4.0
9.9489761E7 1.2436221E7 4.0
9.9506625E7 1.2438329E7 4.0
9.9526217E7 1.2440778E7 4.0
1.00032553E8 1.250407E7 4.0
1.00410649E8 1.2551332E7 4.0
1.00582849E8 1.2572857E7 4.0
1.01514241E8 1.2689281E7 4.0
1.02715361E8 1.2839421E7 4.0
1.02746809E8 1.2843352E7 4.0
1.02886089E8 1.2860762E7 4.0
1.02977241E8 1.2872156E7 4.0
1.03067593E8 1.288345E7 4.0
1.03128105E8 1.2891014E7 4.0
1.03313505E8 1.2914189E7 4.0
1.03391473E8 1.2923935E7 4.0
1.04027777E8 1.3003473E7 4.0
1.04147081E8 1.3018386E7 4.0
1.04272929E8 1.3034117E7 4.0
1.04383457E8 1.3047933E7 4.0
1.04393881E8 1.3049236E7 4.0
1.04417305E8 1.3052164E7 4.0
1.04426809E8 1.3053352E7 4.0
1.04550025E8 1.3068754E7 4.0
1.04670673E8 1.3083835E7 4.0
1.04985161E8 1.3123146E7 4.0
1.05260457E8 1.3157558E7 4.0
1.05281257E8 1.3160158E7 4.0
1.05433705E8 1.3179214E7 4.0
1.05743425E8 1.3217929E7 4.0
1.06228913E8 1.3278615E7 4.0
1.06256673E8 1.3282085E7 4.0
1.06360273E8 1.3295035E7 4.0
1.06754217E8 1.3344278E7 4.0
1.07247513E8 1.340594E7 4.0
1.07354025E8 1.3419254E7 4.0
1.07364529E8 1.3420567E7 4.0
1.07641961E8 1.3455246E7 4.0
1.07778057E8 1.3472258E7 4.0
1.07939193E8 1.34924E7 4.0
1.08142985E8 1.3517874E7 4.0
1.08153921E8 1.3519241E7 4.0
1.08249081E8 1.3531136E7 4.0
1.08593497E8 1.3574188E7 4.0
1.08598577E8 1.3574823E7 4.0
1.09136385E8 1.3642049E7 4.0
1.09161921E8 1.3645241E7 4.0
1.09531345E8 1.3691419E7 4.0
1.09876625E8 1.3734579E7 4.0
1.09940977E8 1.3742623E7 4.0
1.10144329E8 1.3768042E7 4.0
1.10541857E8 1.3817733E7 4.0
1.10562889E8 1.3820362E7 4.0
1.10565985E8 1.3820749E7 4.0
1.10843321E8 1.3855416E7 4.0
1.10848089E8 1.3856012E7 4.0
1.11070249E8 1.3883782E7 4.0
1.11122009E8 1.3890252E7 4.0
1.12379377E8 1.4047423E7 4.0
1.12894377E8 1.4111798E7 4.0
1.13016769E8 1.4127097E7 4.0
1.13316529E8 1.4164567E7 4.0
1.13732153E8 1.421652E7 4.0
1.13751769E8 1.4218972E7 4.0
1.13866185E8 1.4233274E7 4.0
1.13873441E8 1.4234181E7 4.0
1.13904217E8 1.4238028E7 4.0
1.14244697E8 1.4280588E7 4.0
1.14338329E8 1.4292292E7 4.0
1.14635665E8 1.4329459E7 4.0
1.14848729E8 1.4356092E7 4.0
1.15995409E8 1.4499427E7 4.0
1.16279177E8 1.4534898E7 4.0
1.17291769E8 1.4661472E7 4.0
1.18294849E8 1.4786857E7 4.0
1.18458217E8 1.4807278E7 4.0
1.18506457E8 1.4813308E7 4.0
1.19155233E8 1.4894405E7 4.0
1.19417145E8 1.4927144E7 4.0
1.19619345E8 1.4952419E7 4.0
1.20332841E8 1.5041606E7 4.0
1.20334545E8 1.5041819E7 4.0
1.20631201E8 1.5078901E7 4.0
1.20742633E8 1.509283E7 4.0
1.21014953E8 1.512687E7 4.0
1.21044873E8 1.513061E7 4.0
1.21220873E8 1.515261E7 4.0
1.21461329E8 1.5182667E7 4.0
1.24727889E8 1.5590987E7 4.0
1.25215129E8 1.5651892E7 4.0
1.25513033E8 1.568913E7 4.0
1.26112833E8 1.5764105E7 4.0
1.27358617E8 1.5919828E7 4.0
1.27676537E8 1.5959568E7 4.0
1.27895145E8 1.5986894E7 4.0
1.28469657E8 1.6058708E7 4.0
1.31487705E8 1.6435964E7 4.0
1.32285881E8 1.6535736E7 4.0
