rev4
1.41641089E8 1.8662581E7 4.0
1.41894009E8 1.8696804E7 4.0
1.4241383E8 1.8765566E7 4.0
1.4269688E8 1.8803117E7 4.0
1.44000858E8 1.8975243E7 4.0
1.45006905E8 1.9107279E7 4.0
1.45536213E8 1.9176101E7 4.0
1.46598163E8 1.9317093E7 4.0
1.47131042E8 1.9386635E7 4.0
1.47427842E8 1.9425331E7 4.0
1.47588095E8 1.9447683E7 4.0
1.47652659E8 1.945533E7 4.0
1.48120386E8 1.9518003E7 4.0
1.48267455E8 1.9537505E7 4.0
1.48329412E8 1.9544155E7 4.0
1.4957881E8 1.9709734E7 4.0
1.49902319E8 1.9752226E7 4.0
1.49995758E8 1.9764114E7 4.0
1.50368226E8 1.9813822E7 4.0
1.50642981E8 1.9849578E7 4.0
1.5093167E8 1.9888044E7 4.0
1.50960183E8 1.9892218E7 4.0
1.513032E8 1.9937229E7 4.0
1.514196E8 1.9951155E7 4.0
1.51430862E8 1.9953783E7 4.0
1.51590237E8 1.9974662E7 4.0
1.51611528E8 1.9977292E7 4.0
1.51799892E8 2.0002114E7 4.0
1.52518919E8 2.0097131E7 4.0
1.52531462E8 2.0098205E7 4.0
1.525419E8 2.0098915E7 4.0
1.5263371E8 2.0110907E7 4.0
1.53371621E8 2.0208408E7 4.0
1.53950399E8 2.0284567E7 4.0
1.54103977E8 2.0305947E7 4.0
1.54186376E8 2.0316863E7 4.0
1.54390892E8 2.0344245E7 4.0
1.54480918E8 2.0356074E7 4.0
1.54678177E8 2.0381405E7 4.0
1.56120657E8 2.0571461E7 4.0
1.56271429E8 2.059122E7 4.0
1.56470167E8 2.0618471E7 4.0
1.56651372E8 2.0641206E7 4.0
1.56654555E8 2.0642255E7 4.0
1.56760666E8 2.0656286E7 4.0
1.56974045E8 2.0682897E7 4.0
1.57316904E8 2.0728853E7 4.0
1.57600346E8 2.0766233E7 4.0
1.57695104E8 2.07794E7 4.0
1.57723176E8 2.0782144E7 4.0
1.58201022E8 2.0846334E7 4.0
1.58779887E8 2.0922298E7 4.0
1.58883558E8 2.0936315E7 4.0
1.59099113E8 2.0964904E7 4.0
1.59149696E8 2.0971636E7 4.0
1.59305262E8 2.0991792E7 4.0
1.59310373E8 2.0990597E7 4.0
1.59750193E8 2.1049199E7 4.0
1.60052209E8 2.108998E7 4.0
1.60116785E8 2.1096555E7 4.0
1.60767703E8 2.1184166E7 4.0
1.60772409E8 2.1184808E7 4.0
1.61181251E8 2.1238059E7 4.0
1.61361715E8 2.126148E7 4.0
1.61891991E8 2.1332464E7 4.0
1.62829436E8 2.145655E7 4.0
1.63005989E8 2.1479244E7 4.0
1.63142641E8 2.1496375E7 4.0
1.63617593E8 2.1559365E7 4.0
1.64828758E8 2.1718631E7 4.0
1.65173806E8 2.1764438E7 4.0
1.65277178E8 2.17781E7 4.0
1.65507614E8 2.1807379E7 4.0
1.65574702E8 2.1818102E7 4.0
1.65592565E8 2.1819901E7 4.0
1.66250527E8 2.1906524E7 4.0
1.66725844E8 2.1967883E7 4.0
1.67382238E8 2.205506E7 4.0
1.67833064E8 2.2114863E7 4.0
1.68015435E8 2.213771E7 4.0
1.68966778E8 2.2265064E7 4.0
1.69754478E8 2.2368019E7 4.0
1.70856527E8 2.251305E7 4.0
1.71802116E8 2.2637731E7 4.0
1.72298881E8 2.270251E7 4.0
1.72737715E8 2.2761633E7 4.0
1.73097219E8 2.2808188E7 4.0
1.74066533E8 2.2936117E7 4.0
1.74107583E8 2.2940648E7 4.0
1.75031874E8 2.3063128E7 4.0
1.75962851E8 2.3185491E7 4.0
1.79118841E8 2.3602346E7 4.0
1.79245069E8 2.3618428E7 4.0
1.79335774E8 2.3630311E7 4.0
1.80087439E8 2.37292E7 4.0
1.81005483E8 2.3849906E7 4.0
1.85275406E8 2.4412862E7 4.0
1.86687798E8 2.4598671E7 4.0
1.93043574E8 2.543676E7 4.0
2.04086499E8 2.6890462E7 4.0
