rev2
5047433.0 630930.0 4.0
5075401.0 634426.0 4.0
5090929.0 636367.0 4.0
5117897.0 639738.0 4.0
5119161.0 639896.0 4.0
5120449.0 640057.0 4.0
5142049.0 642757.0 4.0
5143033.0 642880.0 4.0
5162017.0 645253.0 4.0
5191601.0 648951.0 4.0
5205745.0 650719.0 4.0
5208721.0 651091.0 4.0
5260073.0 657510.0 4.0
5308617.0 663578.0 4.0
5373001.0 671626.0 4.0
5389177.0 673648.0 4.0
5393993.0 674250.0 4.0
5399177.0 674898.0 4.0
5399201.0 674901.0 4.0
5410937.0 676368.0 4.0
5422449.0 677807.0 4.0
5426345.0 678294.0 4.0
5428193.0 678525.0 4.0
5438873.0 679860.0 4.0
5440617.0 680078.0 4.0
5445905.0 680739.0 4.0
5450633.0 681330.0 4.0
5457393.0 682175.0 4.0
5475705.0 684464.0 4.0
5477513.0 684690.0 4.0
5501457.0 687683.0 4.0
5502601.0 687826.0 4.0
5503865.0 687984.0 4.0
5506545.0 688319.0 4.0
5519377.0 689923.0 4.0
5546809.0 693352.0 4.0
5555617.0 694453.0 4.0
5572937.0 696618.0 4.0
5616065.0 702009.0 4.0
5622937.0 702868.0 4.0
5627625.0 703454.0 4.0
5633137.0 704143.0 4.0
5633865.0 704234.0 4.0
5659673.0 707460.0 4.0
5664993.0 708125.0 4.0
5669297.0 708663.0 4.0
5682705.0 710339.0 4.0
5694729.0 711842.0 4.0
5708761.0 713596.0 4.0
5727297.0 715913.0 4.0
5754249.0 719282.0 4.0
5771153.0 721395.0 4.0
5774097.0 721763.0 4.0
5783265.0 722909.0 4.0
5789113.0 723640.0 4.0
5797601.0 724701.0 4.0
5798913.0 724865.0 4.0
5801017.0 725128.0 4.0
5831769.0 728972.0 4.0
5835193.0 729400.0 4.0
5871033.0 733880.0 4.0
5882529.0 735317.0 4.0
5911417.0 738928.0 4.0
5913529.0 739192.0 4.0
5923025.0 740379.0 4.0
5944129.0 743017.0 4.0
5948089.0 743512.0 4.0
5955569.0 744447.0 4.0
5999457.0 749933.0 4.0
6043521.0 755441.0 4.0
6072233.0 759030.0 4.0
6081433.0 760180.0 4.0
6117777.0 764723.0 4.0
6143945.0 767994.0 4.0
6149665.0 768709.0 4.0
6195689.0 774462.0 4.0
6219281.0 777411.0 4.0
6226617.0 778328.0 4.0
6256297.0 782038.0 4.0
6262609.0 782827.0 4.0
6283145.0 785394.0 4.0
6291345.0 786419.0 4.0
6295937.0 786993.0 4.0
6434809.0 804352.0 4.0
6436385.0 804549.0 4.0
6438977.0 804873.0 4.0
6499249.0 812407.0 4.0
6533993.0 816750.0 4.0
6544289.0 818037.0 4.0
6555393.0 819425.0 4.0
6607345.0 825919.0 4.0
6629657.0 828708.0 4.0
6644289.0 830537.0 4.0
6687785.0 835974.0 4.0
6798689.0 849837.0 4.0
6963297.0 870413.0 4.0
6986289.0 873287.0 4.0
7108825.0 888604.0 4.0
7482185.0 935274.0 4.0
7533721.0 941716.0 4.0
