rev4
240.0 31.0 4.0
242.0 34.0 4.0
251.0 33.0 4.0
275.0 36.0 4.0
275.0 38.0 4.0
279.0 38.0 4.0
280.0 38.0 4.0
282.0 37.0 4.0
282.0 39.0 4.0
286.0 40.0 4.0
287.0 39.0 4.0
294.0 39.0 4.0
300.0 39.0 4.0
306.0 41.0 4.0
306.0 41.0 4.0
306.0 41.0 4.0
306.0 42.0 4.0
309.0 42.0 4.0
314.0 42.0 4.0
318.0 42.0 4.0
322.0 42.0 4.0
324.0 44.0 4.0
325.0 45.0 4.0
326.0 46.0 4.0
327.0 44.0 4.0
331.0 44.0 4.0
335.0 44.0 4.0
337.0 45.0 4.0
340.0 45.0 4.0
340.0 47.0 4.0
342.0 47.0 4.0
345.0 47.0 4.0
346.0 46.0 4.0
346.0 46.0 4.0
347.0 46.0 4.0
352.0 47.0 4.0
352.0 48.0 4.0
353.0 48.0 4.0
357.0 49.0 4.0
360.0 50.0 4.0
360.0 49.0 4.0
361.0 48.0 4.0
366.0 48.0 4.0
368.0 50.0 4.0
372.0 48.0 4.0
372.0 50.0 4.0
373.0 50.0 4.0
378.0 51.0 4.0
382.0 51.0 4.0
383.0 51.0 4.0
384.0 51.0 4.0
386.0 51.0 4.0
386.0 53.0 4.0
391.0 53.0 4.0
393.0 53.0 4.0
394.0 53.0 4.0
396.0 51.0 4.0
398.0 53.0 4.0
400.0 54.0 4.0
406.0 53.0 4.0
407.0 55.0 4.0
410.0 55.0 4.0
417.0 55.0 4.0
418.0 56.0 4.0
418.0 57.0 4.0
428.0 57.0 4.0
430.0 56.0 4.0
434.0 57.0 4.0
442.0 60.0 4.0
443.0 59.0 4.0
448.0 59.0 4.0
453.0 59.0 4.0
454.0 60.0 4.0
461.0 62.0 4.0
461.0 61.0 4.0
466.0 63.0 4.0
467.0 60.0 4.0
471.0 63.0 4.0
477.0 66.0 4.0
484.0 65.0 4.0
486.0 65.0 4.0
501.0 67.0 4.0
510.0 67.0 4.0
513.0 70.0 4.0
516.0 68.0 4.0
522.0 69.0 4.0
525.0 68.0 4.0
530.0 70.0 4.0
532.0 70.0 4.0
550.0 74.0 4.0
567.0 76.0 4.0
573.0 76.0 4.0
573.0 75.0 4.0
579.0 77.0 4.0
579.0 77.0 4.0
584.0 78.0 4.0
591.0 78.0 4.0
617.0 79.0 4.0
663.0 89.0 4.0
690.0 91.0 4.0
