rev2
101625.0 12704.0 4.0
110609.0 13827.0 4.0
112281.0 14036.0 4.0
112777.0 14098.0 4.0
113489.0 14187.0 4.0
114249.0 14282.0 4.0
116129.0 14517.0 4.0
116545.0 14569.0 4.0
116609.0 14577.0 4.0
116753.0 14595.0 4.0
117537.0 14693.0 4.0
117609.0 14702.0 4.0
118825.0 14854.0 4.0
120473.0 15060.0 4.0
122201.0 15276.0 4.0
122241.0 15281.0 4.0
122441.0 15306.0 4.0
123089.0 15387.0 4.0
123121.0 15391.0 4.0
123617.0 15453.0 4.0
123633.0 15455.0 4.0
123705.0 15464.0 4.0
124153.0 15520.0 4.0
124177.0 15523.0 4.0
124353.0 15545.0 4.0
124393.0 15550.0 4.0
124993.0 15625.0 4.0
125185.0 15649.0 4.0
125497.0 15688.0 4.0
125505.0 15689.0 4.0
125777.0 15723.0 4.0
125825.0 15729.0 4.0
126273.0 15785.0 4.0
126385.0 15799.0 4.0
127169.0 15897.0 4.0
127617.0 15953.0 4.0
127905.0 15989.0 4.0
129265.0 16159.0 4.0
129449.0 16182.0 4.0
129537.0 16193.0 4.0
129641.0 16206.0 4.0
129857.0 16233.0 4.0
130521.0 16316.0 4.0
131337.0 16418.0 4.0
131497.0 16438.0 4.0
132313.0 16540.0 4.0
132849.0 16607.0 4.0
132937.0 16618.0 4.0
133153.0 16645.0 4.0
133361.0 16671.0 4.0
134289.0 16787.0 4.0
134369.0 16797.0 4.0
135713.0 16965.0 4.0
136321.0 17041.0 4.0
137177.0 17148.0 4.0
137601.0 17201.0 4.0
138329.0 17292.0 4.0
138449.0 17307.0 4.0
138857.0 17358.0 4.0
138937.0 17368.0 4.0
139345.0 17419.0 4.0
139737.0 17468.0 4.0
139841.0 17481.0 4.0
140481.0 17561.0 4.0
141297.0 17663.0 4.0
141457.0 17683.0 4.0
141985.0 17749.0 4.0
142313.0 17790.0 4.0
142633.0 17830.0 4.0
143761.0 17971.0 4.0
144169.0 18022.0 4.0
144185.0 18024.0 4.0
144961.0 18121.0 4.0
145273.0 18160.0 4.0
145529.0 18192.0 4.0
146233.0 18280.0 4.0
147185.0 18399.0 4.0
147929.0 18492.0 4.0
148241.0 18531.0 4.0
148857.0 18608.0 4.0
151089.0 18887.0 4.0
151993.0 19000.0 4.0
153177.0 19148.0 4.0
153657.0 19208.0 4.0
154449.0 19307.0 4.0
154857.0 19358.0 4.0
155209.0 19402.0 4.0
155545.0 19444.0 4.0
157889.0 19737.0 4.0
159897.0 19988.0 4.0
160353.0 20045.0 4.0
160625.0 20079.0 4.0
161793.0 20225.0 4.0
162977.0 20373.0 4.0
164713.0 20590.0 4.0
168649.0 21082.0 4.0
169417.0 21178.0 4.0
169905.0 21239.0 4.0
191057.0 23883.0 4.0
196417.0 24553.0 4.0
