rev2
1913.0 240.0 4.0
1929.0 242.0 4.0
1969.0 247.0 4.0
2001.0 251.0 4.0
2017.0 253.0 4.0
2033.0 255.0 4.0
2049.0 257.0 4.0
2057.0 258.0 4.0
2065.0 259.0 4.0
2145.0 269.0 4.0
2153.0 270.0 4.0
2217.0 278.0 4.0
2257.0 283.0 4.0
2289.0 287.0 4.0
2297.0 288.0 4.0
2329.0 292.0 4.0
2345.0 294.0 4.0
2377.0 298.0 4.0
2377.0 298.0 4.0
2385.0 299.0 4.0
2385.0 299.0 4.0
2401.0 301.0 4.0
2409.0 302.0 4.0
2409.0 302.0 4.0
2433.0 305.0 4.0
2441.0 306.0 4.0
2449.0 307.0 4.0
2449.0 307.0 4.0
2457.0 308.0 4.0
2457.0 308.0 4.0
2465.0 309.0 4.0
2481.0 311.0 4.0
2513.0 315.0 4.0
2513.0 315.0 4.0
2521.0 316.0 4.0
2537.0 318.0 4.0
2537.0 318.0 4.0
2561.0 321.0 4.0
2561.0 321.0 4.0
2569.0 322.0 4.0
2585.0 324.0 4.0
2593.0 325.0 4.0
2601.0 326.0 4.0
2633.0 330.0 4.0
2649.0 332.0 4.0
2681.0 336.0 4.0
2681.0 336.0 4.0
2681.0 336.0 4.0
2681.0 336.0 4.0
2681.0 336.0 4.0
2689.0 337.0 4.0
2713.0 340.0 4.0
2721.0 341.0 4.0
2729.0 342.0 4.0
2769.0 347.0 4.0
2777.0 348.0 4.0
2801.0 351.0 4.0
2801.0 351.0 4.0
2809.0 352.0 4.0
2881.0 361.0 4.0
2897.0 363.0 4.0
2913.0 365.0 4.0
2937.0 368.0 4.0
2961.0 371.0 4.0
2985.0 374.0 4.0
2985.0 374.0 4.0
3001.0 376.0 4.0
3009.0 377.0 4.0
3017.0 378.0 4.0
3033.0 380.0 4.0
3065.0 384.0 4.0
3097.0 388.0 4.0
3105.0 389.0 4.0
3113.0 390.0 4.0
3121.0 391.0 4.0
3145.0 394.0 4.0
3145.0 394.0 4.0
3145.0 394.0 4.0
3177.0 398.0 4.0
3201.0 401.0 4.0
3217.0 403.0 4.0
3273.0 410.0 4.0
3321.0 416.0 4.0
3321.0 416.0 4.0
3361.0 421.0 4.0
3377.0 423.0 4.0
3465.0 434.0 4.0
3481.0 436.0 4.0
3497.0 438.0 4.0
3553.0 445.0 4.0
3641.0 456.0 4.0
3681.0 461.0 4.0
3745.0 469.0 4.0
3785.0 474.0 4.0
3801.0 476.0 4.0
3809.0 477.0 4.0
3921.0 491.0 4.0
4081.0 511.0 4.0
4473.0 560.0 4.0
4937.0 618.0 4.0
