rev4
3589.0 472.0 4.0
3934.0 521.0 4.0
3962.0 524.0 4.0
4071.0 531.0 4.0
4128.0 541.0 4.0
4158.0 547.0 4.0
4181.0 553.0 4.0
4182.0 552.0 4.0
4205.0 558.0 4.0
4251.0 559.0 4.0
4252.0 556.0 4.0
4277.0 554.0 4.0
4303.0 563.0 4.0
4325.0 566.0 4.0
4337.0 574.0 4.0
4339.0 571.0 4.0
4340.0 572.0 4.0
4423.0 587.0 4.0
4434.0 581.0 4.0
4459.0 588.0 4.0
4529.0 599.0 4.0
4539.0 601.0 4.0
4555.0 595.0 4.0
4574.0 605.0 4.0
4575.0 602.0 4.0
4595.0 605.0 4.0
4604.0 606.0 4.0
4612.0 606.0 4.0
4628.0 603.0 4.0
4648.0 612.0 4.0
4662.0 606.0 4.0
4665.0 613.0 4.0
4685.0 620.0 4.0
4722.0 632.0 4.0
4743.0 633.0 4.0
4748.0 625.0 4.0
4784.0 634.0 4.0
4822.0 638.0 4.0
4844.0 641.0 4.0
4872.0 640.0 4.0
4879.0 647.0 4.0
4883.0 644.0 4.0
4897.0 647.0 4.0
4910.0 642.0 4.0
4916.0 652.0 4.0
4944.0 654.0 4.0
4952.0 649.0 4.0
4952.0 654.0 4.0
4961.0 654.0 4.0
4969.0 651.0 4.0
4971.0 652.0 4.0
4998.0 663.0 4.0
5002.0 660.0 4.0
5025.0 666.0 4.0
5040.0 659.0 4.0
5057.0 664.0 4.0
5077.0 678.0 4.0
5082.0 675.0 4.0
5098.0 676.0 4.0
5120.0 676.0 4.0
5122.0 679.0 4.0
5142.0 684.0 4.0
5190.0 685.0 4.0
5197.0 694.0 4.0
5198.0 685.0 4.0
5202.0 686.0 4.0
5213.0 695.0 4.0
5262.0 689.0 4.0
5321.0 700.0 4.0
5353.0 710.0 4.0
5397.0 716.0 4.0
5411.0 714.0 4.0
5477.0 726.0 4.0
5477.0 727.0 4.0
5481.0 724.0 4.0
5493.0 719.0 4.0
5503.0 728.0 4.0
5521.0 727.0 4.0
5548.0 732.0 4.0
5562.0 737.0 4.0
5565.0 732.0 4.0
5630.0 742.0 4.0
5657.0 745.0 4.0
5659.0 755.0 4.0
5715.0 753.0 4.0
5769.0 766.0 4.0
5782.0 766.0 4.0
5794.0 764.0 4.0
5951.0 786.0 4.0
6005.0 793.0 4.0
6132.0 809.0 4.0
6140.0 818.0 4.0
6176.0 820.0 4.0
6190.0 819.0 4.0
6195.0 819.0 4.0
6312.0 833.0 4.0
6470.0 854.0 4.0
6687.0 883.0 4.0
6884.0 904.0 4.0
7268.0 954.0 4.0
