rev2
2.2287897E7 2785988.0 4.0
2.3285353E7 2910670.0 4.0
2.3309537E7 2913693.0 4.0
2.3333497E7 2916688.0 4.0
2.3455625E7 2931954.0 4.0
2.3518577E7 2939823.0 4.0
2.3561625E7 2945204.0 4.0
2.3669329E7 2958667.0 4.0
2.3727297E7 2965913.0 4.0
2.3859993E7 2982500.0 4.0
2.3901209E7 2987652.0 4.0
2.3939449E7 2992432.0 4.0
2.3941993E7 2992750.0 4.0
2.3954585E7 2994324.0 4.0
2.4097073E7 3012135.0 4.0
2.4217009E7 3027127.0 4.0
2.4242097E7 3030263.0 4.0
2.4243529E7 3030442.0 4.0
2.4264793E7 3033100.0 4.0
2.4322249E7 3040282.0 4.0
2.4337961E7 3042246.0 4.0
2.4364425E7 3045554.0 4.0
2.4444777E7 3055598.0 4.0
2.4463881E7 3057986.0 4.0
2.4636465E7 3079559.0 4.0
2.4704233E7 3088030.0 4.0
2.4777073E7 3097135.0 4.0
2.4782921E7 3097866.0 4.0
2.4851201E7 3106401.0 4.0
2.4943393E7 3117925.0 4.0
2.4958249E7 3119782.0 4.0
2.4990489E7 3123812.0 4.0
2.5009809E7 3126227.0 4.0
2.5110937E7 3138868.0 4.0
2.5175305E7 3146914.0 4.0
2.5212017E7 3151503.0 4.0
2.5321585E7 3165199.0 4.0
2.5361713E7 3170215.0 4.0
2.5452801E7 3181601.0 4.0
2.5504745E7 3188094.0 4.0
2.5637753E7 3204720.0 4.0
2.5660769E7 3207597.0 4.0
2.5761801E7 3220226.0 4.0
2.5796089E7 3224512.0 4.0
2.5800105E7 3225014.0 4.0
2.5870257E7 3233783.0 4.0
2.5887705E7 3235964.0 4.0
2.5920537E7 3240068.0 4.0
2.5977057E7 3247133.0 4.0
2.5990369E7 3248797.0 4.0
2.6033081E7 3254136.0 4.0
2.6061953E7 3257745.0 4.0
2.6073305E7 3259164.0 4.0
2.6145761E7 3268221.0 4.0
2.6190481E7 3273811.0 4.0
2.6245425E7 3280679.0 4.0
2.6263929E7 3282992.0 4.0
2.6274073E7 3284260.0 4.0
2.6765649E7 3345707.0 4.0
2.6843577E7 3355448.0 4.0
2.6870233E7 3358780.0 4.0
2.6909241E7 3363656.0 4.0
2.6936977E7 3367123.0 4.0
2.6989305E7 3373664.0 4.0
2.6999785E7 3374974.0 4.0
2.7054673E7 3381835.0 4.0
2.7180417E7 3397553.0 4.0
2.7234417E7 3404303.0 4.0
2.7243377E7 3405423.0 4.0
2.7322921E7 3415366.0 4.0
2.7379409E7 3422427.0 4.0
2.7422417E7 3427803.0 4.0
2.7500257E7 3437533.0 4.0
2.7597657E7 3449708.0 4.0
2.7698769E7 3462347.0 4.0
2.7755001E7 3469376.0 4.0
2.7892273E7 3486535.0 4.0
2.8101545E7 3512694.0 4.0
2.8169809E7 3521227.0 4.0
2.8280713E7 3535090.0 4.0
2.8353601E7 3544201.0 4.0
2.8400849E7 3550107.0 4.0
2.8561001E7 3570126.0 4.0
2.9315849E7 3664482.0 4.0
2.9318441E7 3664806.0 4.0
2.9566617E7 3695828.0 4.0
2.9799825E7 3724979.0 4.0
2.9955601E7 3744451.0 4.0
3.0284145E7 3785519.0 4.0
3.0511545E7 3813944.0 4.0
3.0607585E7 3825949.0 4.0
3.0672257E7 3834033.0 4.0
3.0781657E7 3847708.0 4.0
3.1136113E7 3892015.0 4.0
3.1495241E7 3936906.0 4.0
3.1544233E7 3943030.0 4.0
3.2251593E7 4031450.0 4.0
3.2625089E7 4078137.0 4.0
3.2859545E7 4107444.0 4.0
3.4614993E7 4326875.0 4.0
