rev4
3441628.0 453353.0 4.0
3452483.0 454965.0 4.0
3571045.0 470560.0 4.0
3589087.0 472865.0 4.0
3605725.0 475097.0 4.0
3608406.0 475538.0 4.0
3618874.0 476638.0 4.0
3619660.0 477088.0 4.0
3633379.0 478690.0 4.0
3634401.0 478859.0 4.0
3665762.0 482990.0 4.0
3678210.0 484653.0 4.0
3681462.0 485179.0 4.0
3687511.0 485831.0 4.0
3694353.0 486637.0 4.0
3699865.0 487472.0 4.0
3714953.0 489487.0 4.0
3721930.0 490510.0 4.0
3733006.0 491953.0 4.0
3744563.0 493446.0 4.0
3760576.0 495651.0 4.0
3769611.0 496882.0 4.0
3774036.0 497246.0 4.0
3781332.0 498285.0 4.0
3791273.0 499490.0 4.0
3795321.0 500039.0 4.0
3813122.0 502447.0 4.0
3818028.0 503128.0 4.0
3820044.0 503183.0 4.0
3847365.0 507021.0 4.0
3878014.0 510924.0 4.0
3881692.0 511351.0 4.0
3889079.0 512771.0 4.0
3891177.0 512886.0 4.0
3895191.0 513322.0 4.0
3902612.0 514197.0 4.0
3903749.0 514304.0 4.0
3931927.0 518043.0 4.0
3932413.0 518144.0 4.0
3941912.0 519346.0 4.0
3943140.0 519572.0 4.0
3948891.0 520385.0 4.0
3951841.0 520806.0 4.0
3964324.0 522417.0 4.0
3968390.0 522936.0 4.0
3968887.0 523039.0 4.0
3983054.0 524845.0 4.0
3983407.0 524933.0 4.0
3992006.0 526173.0 4.0
3996586.0 526470.0 4.0
4018333.0 529509.0 4.0
4020119.0 529735.0 4.0
4023898.0 530160.0 4.0
4029286.0 530896.0 4.0
4047048.0 533354.0 4.0
4079009.0 537316.0 4.0
4081576.0 537809.0 4.0
4096232.0 539818.0 4.0
4151061.0 547036.0 4.0
4154234.0 547548.0 4.0
4156481.0 547828.0 4.0
4161240.0 548322.0 4.0
4163276.0 548608.0 4.0
4166399.0 549173.0 4.0
4168198.0 549469.0 4.0
4170945.0 549642.0 4.0
4174001.0 549903.0 4.0
4178118.0 550537.0 4.0
4179208.0 550596.0 4.0
4188878.0 552036.0 4.0
4210465.0 554701.0 4.0
4228806.0 557113.0 4.0
4237219.0 558309.0 4.0
4240186.0 558723.0 4.0
4264227.0 561940.0 4.0
4285604.0 564444.0 4.0
4302852.0 566829.0 4.0
4330488.0 570552.0 4.0
4362573.0 574645.0 4.0
4396669.0 579537.0 4.0
4400110.0 579848.0 4.0
4432909.0 584381.0 4.0
4434521.0 584312.0 4.0
4477499.0 589950.0 4.0
4492700.0 591845.0 4.0
4502415.0 593382.0 4.0
4504398.0 593573.0 4.0
4532285.0 597162.0 4.0
4547356.0 599092.0 4.0
4567565.0 601978.0 4.0
4573185.0 602392.0 4.0
4585598.0 604320.0 4.0
4654969.0 613438.0 4.0
4662601.0 614381.0 4.0
4670112.0 615645.0 4.0
4687352.0 617756.0 4.0
4885029.0 643852.0 4.0
4908440.0 646777.0 4.0
4955619.0 652903.0 4.0
5208295.0 686347.0 4.0
