rev2
234889.0 29362.0 4.0
243777.0 30473.0 4.0
248553.0 31070.0 4.0
250297.0 31288.0 4.0
251337.0 31418.0 4.0
259737.0 32468.0 4.0
260065.0 32509.0 4.0
260673.0 32585.0 4.0
260913.0 32615.0 4.0
261225.0 32654.0 4.0
261697.0 32713.0 4.0
262337.0 32793.0 4.0
262905.0 32864.0 4.0
266409.0 33302.0 4.0
266945.0 33369.0 4.0
268009.0 33502.0 4.0
268313.0 33540.0 4.0
268833.0 33605.0 4.0
271897.0 33988.0 4.0
272385.0 34049.0 4.0
276097.0 34513.0 4.0
276681.0 34586.0 4.0
277297.0 34663.0 4.0
277945.0 34744.0 4.0
278121.0 34766.0 4.0
279257.0 34908.0 4.0
279625.0 34954.0 4.0
280657.0 35083.0 4.0
281777.0 35223.0 4.0
282185.0 35274.0 4.0
282561.0 35321.0 4.0
284353.0 35545.0 4.0
284793.0 35600.0 4.0
284849.0 35607.0 4.0
284953.0 35620.0 4.0
286225.0 35779.0 4.0
286921.0 35866.0 4.0
289089.0 36137.0 4.0
289169.0 36147.0 4.0
289257.0 36158.0 4.0
289609.0 36202.0 4.0
290281.0 36286.0 4.0
290385.0 36299.0 4.0
292401.0 36551.0 4.0
293385.0 36674.0 4.0
293641.0 36706.0 4.0
294065.0 36759.0 4.0
294913.0 36865.0 4.0
295433.0 36930.0 4.0
296353.0 37045.0 4.0
298641.0 37331.0 4.0
299889.0 37487.0 4.0
300049.0 37507.0 4.0
300409.0 37552.0 4.0
302665.0 37834.0 4.0
302737.0 37843.0 4.0
303201.0 37901.0 4.0
303681.0 37961.0 4.0
304193.0 38025.0 4.0
304257.0 38033.0 4.0
304601.0 38076.0 4.0
304777.0 38098.0 4.0
305537.0 38193.0 4.0
306169.0 38272.0 4.0
306681.0 38336.0 4.0
306929.0 38367.0 4.0
307073.0 38385.0 4.0
308201.0 38526.0 4.0
309985.0 38749.0 4.0
310225.0 38779.0 4.0
312105.0 39014.0 4.0
312681.0 39086.0 4.0
314681.0 39336.0 4.0
314841.0 39356.0 4.0
316425.0 39554.0 4.0
318753.0 39845.0 4.0
318937.0 39868.0 4.0
320313.0 40040.0 4.0
322041.0 40256.0 4.0
323009.0 40377.0 4.0
326057.0 40758.0 4.0
326385.0 40799.0 4.0
329321.0 41166.0 4.0
333369.0 41672.0 4.0
334737.0 41843.0 4.0
335793.0 41975.0 4.0
337153.0 42145.0 4.0
340017.0 42503.0 4.0
344297.0 43038.0 4.0
347041.0 43381.0 4.0
347393.0 43425.0 4.0
350081.0 43761.0 4.0
350097.0 43763.0 4.0
351161.0 43896.0 4.0
351569.0 43947.0 4.0
352289.0 44037.0 4.0
354721.0 44341.0 4.0
361761.0 45221.0 4.0
379833.0 47480.0 4.0
429177.0 53648.0 4.0
