rev2
11881.0 1486.0 4.0
11897.0 1488.0 4.0
11929.0 1492.0 4.0
11961.0 1496.0 4.0
12057.0 1508.0 4.0
12393.0 1550.0 4.0
12545.0 1569.0 4.0
12601.0 1576.0 4.0
12689.0 1587.0 4.0
12897.0 1613.0 4.0
12977.0 1623.0 4.0
12993.0 1625.0 4.0
13057.0 1633.0 4.0
13281.0 1661.0 4.0
13385.0 1674.0 4.0
13433.0 1680.0 4.0
13449.0 1682.0 4.0
13585.0 1699.0 4.0
13593.0 1700.0 4.0
13657.0 1708.0 4.0
13681.0 1711.0 4.0
13777.0 1723.0 4.0
13801.0 1726.0 4.0
13809.0 1727.0 4.0
13817.0 1728.0 4.0
13921.0 1741.0 4.0
14001.0 1751.0 4.0
14097.0 1763.0 4.0
14169.0 1772.0 4.0
14217.0 1778.0 4.0
14393.0 1800.0 4.0
14449.0 1807.0 4.0
14473.0 1810.0 4.0
14569.0 1822.0 4.0
14585.0 1824.0 4.0
14601.0 1826.0 4.0
14609.0 1827.0 4.0
14657.0 1833.0 4.0
14665.0 1834.0 4.0
14705.0 1839.0 4.0
14721.0 1841.0 4.0
14793.0 1850.0 4.0
14841.0 1856.0 4.0
14857.0 1858.0 4.0
14857.0 1858.0 4.0
14953.0 1870.0 4.0
15321.0 1916.0 4.0
15361.0 1921.0 4.0
15417.0 1928.0 4.0
15425.0 1929.0 4.0
15425.0 1929.0 4.0
15457.0 1933.0 4.0
15457.0 1933.0 4.0
15601.0 1951.0 4.0
15745.0 1969.0 4.0
15769.0 1972.0 4.0
15809.0 1977.0 4.0
15849.0 1982.0 4.0
15865.0 1984.0 4.0
15905.0 1989.0 4.0
16025.0 2004.0 4.0
16065.0 2009.0 4.0
16097.0 2013.0 4.0
16129.0 2017.0 4.0
16177.0 2023.0 4.0
16225.0 2029.0 4.0
16289.0 2037.0 4.0
16337.0 2043.0 4.0
16513.0 2065.0 4.0
16545.0 2069.0 4.0
16649.0 2082.0 4.0
16705.0 2089.0 4.0
16849.0 2107.0 4.0
16929.0 2117.0 4.0
16953.0 2120.0 4.0
16953.0 2120.0 4.0
17065.0 2134.0 4.0
17073.0 2135.0 4.0
17193.0 2150.0 4.0
17297.0 2163.0 4.0
17305.0 2164.0 4.0
17377.0 2173.0 4.0
17457.0 2183.0 4.0
17665.0 2209.0 4.0
17689.0 2212.0 4.0
17705.0 2214.0 4.0
17897.0 2238.0 4.0
17993.0 2250.0 4.0
18369.0 2297.0 4.0
18833.0 2355.0 4.0
18921.0 2366.0 4.0
19017.0 2378.0 4.0
19273.0 2410.0 4.0
20761.0 2596.0 4.0
21025.0 2629.0 4.0
21041.0 2631.0 4.0
21281.0 2661.0 4.0
21913.0 2740.0 4.0
23041.0 2881.0 4.0
23769.0 2972.0 4.0
