rev2
1175673.0 146960.0 4.0
1186457.0 148308.0 4.0
1186721.0 148341.0 4.0
1189993.0 148750.0 4.0
1207393.0 150925.0 4.0
1219977.0 152498.0 4.0
1222041.0 152756.0 4.0
1229785.0 153724.0 4.0
1231793.0 153975.0 4.0
1233953.0 154245.0 4.0
1234449.0 154307.0 4.0
1242353.0 155295.0 4.0
1242953.0 155370.0 4.0
1244697.0 155588.0 4.0
1256617.0 157078.0 4.0
1258241.0 157281.0 4.0
1259809.0 157477.0 4.0
1264161.0 158021.0 4.0
1265025.0 158129.0 4.0
1272985.0 159124.0 4.0
1272985.0 159124.0 4.0
1276129.0 159517.0 4.0
1280857.0 160108.0 4.0
1281121.0 160141.0 4.0
1285369.0 160672.0 4.0
1286793.0 160850.0 4.0
1288729.0 161092.0 4.0
1290281.0 161286.0 4.0
1290377.0 161298.0 4.0
1291985.0 161499.0 4.0
1294905.0 161864.0 4.0
1294985.0 161874.0 4.0
1295465.0 161934.0 4.0
1295633.0 161955.0 4.0
1296401.0 162051.0 4.0
1297273.0 162160.0 4.0
1300265.0 162534.0 4.0
1302233.0 162780.0 4.0
1303001.0 162876.0 4.0
1304681.0 163086.0 4.0
1305881.0 163236.0 4.0
1309985.0 163749.0 4.0
1313537.0 164193.0 4.0
1314465.0 164309.0 4.0
1315705.0 164464.0 4.0
1321241.0 165156.0 4.0
1322705.0 165339.0 4.0
1323153.0 165395.0 4.0
1325185.0 165649.0 4.0
1326569.0 165822.0 4.0
1327649.0 165957.0 4.0
1327849.0 165982.0 4.0
1335737.0 166968.0 4.0
1336065.0 167009.0 4.0
1340297.0 167538.0 4.0
1343033.0 167880.0 4.0
1346601.0 168326.0 4.0
1354073.0 169260.0 4.0
1363609.0 170452.0 4.0
1364913.0 170615.0 4.0
1368353.0 171045.0 4.0
1373697.0 171713.0 4.0
1377649.0 172207.0 4.0
1381337.0 172668.0 4.0
1382673.0 172835.0 4.0
1383937.0 172993.0 4.0
1387825.0 173479.0 4.0
1390001.0 173751.0 4.0
1390737.0 173843.0 4.0
1397089.0 174637.0 4.0
1397857.0 174733.0 4.0
1419513.0 177440.0 4.0
1421585.0 177699.0 4.0
1424105.0 178014.0 4.0
1427785.0 178474.0 4.0
1429369.0 178672.0 4.0
1431241.0 178906.0 4.0
1441041.0 180131.0 4.0
1443857.0 180483.0 4.0
1450465.0 181309.0 4.0
1452833.0 181605.0 4.0
1454753.0 181845.0 4.0
1455625.0 181954.0 4.0
1467121.0 183391.0 4.0
1473161.0 184146.0 4.0
1492321.0 186541.0 4.0
1499569.0 187447.0 4.0
1513793.0 189225.0 4.0
1514993.0 189375.0 4.0
1519417.0 189928.0 4.0
1544761.0 193096.0 4.0
1545769.0 193222.0 4.0
1556721.0 194591.0 4.0
1558073.0 194760.0 4.0
1558657.0 194833.0 4.0
1588121.0 198516.0 4.0
1656097.0 207013.0 4.0
1656657.0 207083.0 4.0
1691865.0 211484.0 4.0
1751945.0 218994.0 4.0
