rev2
51729.0 6467.0 4.0
55297.0 6913.0 4.0
56489.0 7062.0 4.0
57081.0 7136.0 4.0
58737.0 7343.0 4.0
58785.0 7349.0 4.0
59137.0 7393.0 4.0
59377.0 7423.0 4.0
59665.0 7459.0 4.0
59705.0 7464.0 4.0
60161.0 7521.0 4.0
60449.0 7557.0 4.0
60537.0 7568.0 4.0
60689.0 7587.0 4.0
60953.0 7620.0 4.0
60985.0 7624.0 4.0
61633.0 7705.0 4.0
61793.0 7725.0 4.0
61969.0 7747.0 4.0
62177.0 7773.0 4.0
62201.0 7776.0 4.0
62697.0 7838.0 4.0
63017.0 7878.0 4.0
63065.0 7884.0 4.0
63537.0 7943.0 4.0
63545.0 7944.0 4.0
64289.0 8037.0 4.0
64305.0 8039.0 4.0
64417.0 8053.0 4.0
64441.0 8056.0 4.0
64865.0 8109.0 4.0
64913.0 8115.0 4.0
65257.0 8158.0 4.0
65321.0 8166.0 4.0
65481.0 8186.0 4.0
65721.0 8216.0 4.0
65793.0 8225.0 4.0
65897.0 8238.0 4.0
66185.0 8274.0 4.0
66665.0 8334.0 4.0
66737.0 8343.0 4.0
66857.0 8358.0 4.0
66905.0 8364.0 4.0
67057.0 8383.0 4.0
67097.0 8388.0 4.0
67169.0 8397.0 4.0
67233.0 8405.0 4.0
67505.0 8439.0 4.0
67537.0 8443.0 4.0
68121.0 8516.0 4.0
68169.0 8522.0 4.0
68281.0 8536.0 4.0
68553.0 8570.0 4.0
68649.0 8582.0 4.0
68673.0 8585.0 4.0
69273.0 8660.0 4.0
69273.0 8660.0 4.0
69361.0 8671.0 4.0
69593.0 8700.0 4.0
69713.0 8715.0 4.0
70201.0 8776.0 4.0
70345.0 8794.0 4.0
70737.0 8843.0 4.0
71353.0 8920.0 4.0
71385.0 8924.0 4.0
71473.0 8935.0 4.0
71601.0 8951.0 4.0
72089.0 9012.0 4.0
72257.0 9033.0 4.0
72321.0 9041.0 4.0
72529.0 9067.0 4.0
72937.0 9118.0 4.0
73225.0 9154.0 4.0
73465.0 9184.0 4.0
73785.0 9224.0 4.0
74561.0 9321.0 4.0
74577.0 9323.0 4.0
74881.0 9361.0 4.0
75817.0 9478.0 4.0
76001.0 9501.0 4.0
76033.0 9505.0 4.0
76041.0 9506.0 4.0
76105.0 9514.0 4.0
76233.0 9530.0 4.0
76537.0 9568.0 4.0
77137.0 9643.0 4.0
77257.0 9658.0 4.0
77737.0 9718.0 4.0
77985.0 9749.0 4.0
78401.0 9801.0 4.0
78489.0 9812.0 4.0
78521.0 9816.0 4.0
78649.0 9832.0 4.0
78969.0 9872.0 4.0
82777.0 10348.0 4.0
82801.0 10351.0 4.0
84065.0 10509.0 4.0
85441.0 10681.0 4.0
85601.0 10701.0 4.0
90161.0 11271.0 4.0
