rev2
873.0 110.0 4.0
1073.0 135.0 4.0
1105.0 139.0 4.0
1113.0 140.0 4.0
1153.0 145.0 4.0
1169.0 147.0 4.0
1185.0 149.0 4.0
1233.0 155.0 4.0
1241.0 156.0 4.0
1249.0 157.0 4.0
1257.0 158.0 4.0
1257.0 158.0 4.0
1257.0 158.0 4.0
1265.0 159.0 4.0
1273.0 160.0 4.0
1281.0 161.0 4.0
1289.0 162.0 4.0
1289.0 162.0 4.0
1305.0 164.0 4.0
1305.0 164.0 4.0
1345.0 169.0 4.0
1345.0 169.0 4.0
1353.0 170.0 4.0
1361.0 171.0 4.0
1369.0 172.0 4.0
1369.0 172.0 4.0
1377.0 173.0 4.0
1393.0 175.0 4.0
1401.0 176.0 4.0
1441.0 181.0 4.0
1457.0 183.0 4.0
1457.0 183.0 4.0
1465.0 184.0 4.0
1473.0 185.0 4.0
1489.0 187.0 4.0
1505.0 189.0 4.0
1505.0 189.0 4.0
1529.0 192.0 4.0
1537.0 193.0 4.0
1537.0 193.0 4.0
1537.0 193.0 4.0
1561.0 196.0 4.0
1561.0 196.0 4.0
1561.0 196.0 4.0
1569.0 197.0 4.0
1569.0 197.0 4.0
1609.0 202.0 4.0
1617.0 203.0 4.0
1625.0 204.0 4.0
1633.0 205.0 4.0
1665.0 209.0 4.0
1665.0 209.0 4.0
1665.0 209.0 4.0
1673.0 210.0 4.0
1705.0 214.0 4.0
1713.0 215.0 4.0
1713.0 215.0 4.0
1721.0 216.0 4.0
1729.0 217.0 4.0
1729.0 217.0 4.0
1745.0 219.0 4.0
1753.0 220.0 4.0
1769.0 222.0 4.0
1769.0 222.0 4.0
1769.0 222.0 4.0
1777.0 223.0 4.0
1777.0 223.0 4.0
1777.0 223.0 4.0
1793.0 225.0 4.0
1809.0 227.0 4.0
1809.0 227.0 4.0
1825.0 229.0 4.0
1825.0 229.0 4.0
1825.0 229.0 4.0
1825.0 229.0 4.0
1849.0 232.0 4.0
1857.0 233.0 4.0
1865.0 234.0 4.0
1873.0 235.0 4.0
1873.0 235.0 4.0
1897.0 238.0 4.0
1921.0 241.0 4.0
1993.0 250.0 4.0
2001.0 251.0 4.0
2009.0 252.0 4.0
2025.0 254.0 4.0
2033.0 255.0 4.0
2049.0 257.0 4.0
2057.0 258.0 4.0
2065.0 259.0 4.0
2081.0 261.0 4.0
2129.0 267.0 4.0
2129.0 267.0 4.0
2145.0 269.0 4.0
2169.0 272.0 4.0
2401.0 301.0 4.0
2641.0 331.0 4.0
2673.0 335.0 4.0
2785.0 349.0 4.0
2801.0 351.0 4.0
