rev2
111441.0 13931.0 4.0
113609.0 14202.0 4.0
115209.0 14402.0 4.0
121041.0 15131.0 4.0
121321.0 15166.0 4.0
121433.0 15180.0 4.0
122513.0 15315.0 4.0
123369.0 15422.0 4.0
124665.0 15584.0 4.0
125233.0 15655.0 4.0
125857.0 15733.0 4.0
126417.0 15803.0 4.0
126945.0 15869.0 4.0
127449.0 15932.0 4.0
127657.0 15958.0 4.0
128273.0 16035.0 4.0
128337.0 16043.0 4.0
128785.0 16099.0 4.0
128881.0 16111.0 4.0
129497.0 16188.0 4.0
130961.0 16371.0 4.0
131137.0 16393.0 4.0
131289.0 16412.0 4.0
131337.0 16418.0 4.0
132153.0 16520.0 4.0
132273.0 16535.0 4.0
132841.0 16606.0 4.0
132873.0 16610.0 4.0
132881.0 16611.0 4.0
133073.0 16635.0 4.0
133433.0 16680.0 4.0
133529.0 16692.0 4.0
133561.0 16696.0 4.0
134329.0 16792.0 4.0
134457.0 16808.0 4.0
135065.0 16884.0 4.0
136529.0 17067.0 4.0
136833.0 17105.0 4.0
136985.0 17124.0 4.0
137217.0 17153.0 4.0
137649.0 17207.0 4.0
137785.0 17224.0 4.0
137801.0 17226.0 4.0
138497.0 17313.0 4.0
139201.0 17401.0 4.0
139617.0 17453.0 4.0
140649.0 17582.0 4.0
141465.0 17684.0 4.0
141785.0 17724.0 4.0
142473.0 17810.0 4.0
142633.0 17830.0 4.0
142657.0 17833.0 4.0
142817.0 17853.0 4.0
143521.0 17941.0 4.0
144185.0 18024.0 4.0
144265.0 18034.0 4.0
144449.0 18057.0 4.0
144497.0 18063.0 4.0
144633.0 18080.0 4.0
144873.0 18110.0 4.0
145033.0 18130.0 4.0
145649.0 18207.0 4.0
146105.0 18264.0 4.0
146585.0 18324.0 4.0
146993.0 18375.0 4.0
147537.0 18443.0 4.0
147993.0 18500.0 4.0
148041.0 18506.0 4.0
148321.0 18541.0 4.0
148329.0 18542.0 4.0
148505.0 18564.0 4.0
149289.0 18662.0 4.0
149297.0 18663.0 4.0
149825.0 18729.0 4.0
149897.0 18738.0 4.0
150433.0 18805.0 4.0
150617.0 18828.0 4.0
151401.0 18926.0 4.0
152529.0 19067.0 4.0
152641.0 19081.0 4.0
153297.0 19163.0 4.0
153913.0 19240.0 4.0
155033.0 19380.0 4.0
156273.0 19535.0 4.0
159433.0 19930.0 4.0
160009.0 20002.0 4.0
160073.0 20010.0 4.0
160345.0 20044.0 4.0
160969.0 20122.0 4.0
161417.0 20178.0 4.0
163001.0 20376.0 4.0
163569.0 20447.0 4.0
164505.0 20564.0 4.0
165513.0 20690.0 4.0
166193.0 20775.0 4.0
166465.0 20809.0 4.0
168697.0 21088.0 4.0
170153.0 21270.0 4.0
173513.0 21690.0 4.0
188777.0 23598.0 4.0
