rev2
2185.0 274.0 4.0
2369.0 297.0 4.0
2425.0 304.0 4.0
2521.0 316.0 4.0
2601.0 326.0 4.0
2641.0 331.0 4.0
2657.0 333.0 4.0
2681.0 336.0 4.0
2689.0 337.0 4.0
2793.0 350.0 4.0
2793.0 350.0 4.0
2833.0 355.0 4.0
2841.0 356.0 4.0
2857.0 358.0 4.0
2857.0 358.0 4.0
2873.0 360.0 4.0
2945.0 369.0 4.0
2953.0 370.0 4.0
2969.0 372.0 4.0
2977.0 373.0 4.0
2985.0 374.0 4.0
2993.0 375.0 4.0
2993.0 375.0 4.0
2993.0 375.0 4.0
3001.0 376.0 4.0
3049.0 382.0 4.0
3049.0 382.0 4.0
3057.0 383.0 4.0
3097.0 388.0 4.0
3105.0 389.0 4.0
3113.0 390.0 4.0
3113.0 390.0 4.0
3121.0 391.0 4.0
3137.0 393.0 4.0
3145.0 394.0 4.0
3145.0 394.0 4.0
3153.0 395.0 4.0
3177.0 398.0 4.0
3185.0 399.0 4.0
3193.0 400.0 4.0
3201.0 401.0 4.0
3225.0 404.0 4.0
3241.0 406.0 4.0
3249.0 407.0 4.0
3321.0 416.0 4.0
3377.0 423.0 4.0
3377.0 423.0 4.0
3417.0 428.0 4.0
3425.0 429.0 4.0
3457.0 433.0 4.0
3465.0 434.0 4.0
3465.0 434.0 4.0
3465.0 434.0 4.0
3481.0 436.0 4.0
3497.0 438.0 4.0
3505.0 439.0 4.0
3505.0 439.0 4.0
3529.0 442.0 4.0
3545.0 444.0 4.0
3553.0 445.0 4.0
3569.0 447.0 4.0
3577.0 448.0 4.0
3593.0 450.0 4.0
3609.0 452.0 4.0
3649.0 457.0 4.0
3649.0 457.0 4.0
3689.0 462.0 4.0
3713.0 465.0 4.0
3713.0 465.0 4.0
3753.0 470.0 4.0
3769.0 472.0 4.0
3777.0 473.0 4.0
3785.0 474.0 4.0
3801.0 476.0 4.0
3849.0 482.0 4.0
3857.0 483.0 4.0
3897.0 488.0 4.0
3969.0 497.0 4.0
4001.0 501.0 4.0
4001.0 501.0 4.0
4025.0 504.0 4.0
4089.0 512.0 4.0
4105.0 514.0 4.0
4113.0 515.0 4.0
4161.0 521.0 4.0
4305.0 539.0 4.0
4353.0 545.0 4.0
4361.0 546.0 4.0
4369.0 547.0 4.0
4409.0 552.0 4.0
4609.0 577.0 4.0
4617.0 578.0 4.0
4617.0 578.0 4.0
4665.0 584.0 4.0
4665.0 584.0 4.0
4753.0 595.0 4.0
4945.0 619.0 4.0
5305.0 664.0 4.0
5465.0 684.0 4.0
5641.0 706.0 4.0
