rev2
543225.0 67904.0 4.0
543313.0 67915.0 4.0
543649.0 67957.0 4.0
552417.0 69053.0 4.0
552465.0 69059.0 4.0
553473.0 69185.0 4.0
556889.0 69612.0 4.0
558929.0 69867.0 4.0
561329.0 70167.0 4.0
565193.0 70650.0 4.0
567873.0 70985.0 4.0
578721.0 72341.0 4.0
580593.0 72575.0 4.0
588897.0 73613.0 4.0
590145.0 73769.0 4.0
590745.0 73844.0 4.0
591337.0 73918.0 4.0
591481.0 73936.0 4.0
592569.0 74072.0 4.0
599937.0 74993.0 4.0
602145.0 75269.0 4.0
603193.0 75400.0 4.0
603937.0 75493.0 4.0
604889.0 75612.0 4.0
605617.0 75703.0 4.0
607481.0 75936.0 4.0
609457.0 76183.0 4.0
612009.0 76502.0 4.0
612865.0 76609.0 4.0
614465.0 76809.0 4.0
614545.0 76819.0 4.0
614769.0 76847.0 4.0
615529.0 76942.0 4.0
615849.0 76982.0 4.0
617977.0 77248.0 4.0
618137.0 77268.0 4.0
619017.0 77378.0 4.0
619177.0 77398.0 4.0
626977.0 78373.0 4.0
628225.0 78529.0 4.0
630025.0 78754.0 4.0
631105.0 78889.0 4.0
632633.0 79080.0 4.0
637729.0 79717.0 4.0
638409.0 79802.0 4.0
638969.0 79872.0 4.0
639201.0 79901.0 4.0
639305.0 79914.0 4.0
639489.0 79937.0 4.0
639617.0 79953.0 4.0
641177.0 80148.0 4.0
641233.0 80155.0 4.0
641457.0 80183.0 4.0
644465.0 80559.0 4.0
650489.0 81312.0 4.0
652481.0 81561.0 4.0
656969.0 82122.0 4.0
657233.0 82155.0 4.0
657873.0 82235.0 4.0
662593.0 82825.0 4.0
663873.0 82985.0 4.0
672513.0 84065.0 4.0
673457.0 84183.0 4.0
675153.0 84395.0 4.0
675801.0 84476.0 4.0
676793.0 84600.0 4.0
678777.0 84848.0 4.0
680857.0 85108.0 4.0
682145.0 85269.0 4.0
685657.0 85708.0 4.0
686849.0 85857.0 4.0
688689.0 86087.0 4.0
692473.0 86560.0 4.0
693497.0 86688.0 4.0
695369.0 86922.0 4.0
702457.0 87808.0 4.0
703393.0 87925.0 4.0
703633.0 87955.0 4.0
709145.0 88644.0 4.0
710641.0 88831.0 4.0
715641.0 89456.0 4.0
718665.0 89834.0 4.0
718929.0 89867.0 4.0
720137.0 90018.0 4.0
724113.0 90515.0 4.0
724193.0 90525.0 4.0
728241.0 91031.0 4.0
729153.0 91145.0 4.0
732081.0 91511.0 4.0
732593.0 91575.0 4.0
739049.0 92382.0 4.0
752609.0 94077.0 4.0
753169.0 94147.0 4.0
773217.0 96653.0 4.0
781385.0 97674.0 4.0
800977.0 100123.0 4.0
842921.0 105366.0 4.0
854841.0 106856.0 4.0
857761.0 107221.0 4.0
865385.0 108174.0 4.0
