rev4
16998.0 2242.0 4.0
17093.0 2256.0 4.0
17134.0 2264.0 4.0
17275.0 2275.0 4.0
17512.0 2312.0 4.0
18008.0 2376.0 4.0
18074.0 2381.0 4.0
18187.0 2389.0 4.0
18407.0 2423.0 4.0
18559.0 2467.0 4.0
18746.0 2463.0 4.0
18769.0 2477.0 4.0
18819.0 2485.0 4.0
19057.0 2511.0 4.0
19157.0 2530.0 4.0
19174.0 2532.0 4.0
19197.0 2533.0 4.0
19288.0 2544.0 4.0
19401.0 2547.0 4.0
19519.0 2583.0 4.0
19567.0 2584.0 4.0
19894.0 2634.0 4.0
19904.0 2613.0 4.0
19931.0 2635.0 4.0
20096.0 2647.0 4.0
20098.0 2646.0 4.0
20117.0 2644.0 4.0
20151.0 2660.0 4.0
20170.0 2652.0 4.0
20237.0 2667.0 4.0
20386.0 2684.0 4.0
20435.0 2692.0 4.0
20629.0 2720.0 4.0
20630.0 2712.0 4.0
20635.0 2711.0 4.0
20658.0 2732.0 4.0
20805.0 2740.0 4.0
20845.0 2751.0 4.0
21151.0 2796.0 4.0
21187.0 2789.0 4.0
21201.0 2789.0 4.0
21234.0 2799.0 4.0
21282.0 2807.0 4.0
21358.0 2812.0 4.0
21360.0 2821.0 4.0
21495.0 2829.0 4.0
21524.0 2836.0 4.0
21607.0 2868.0 4.0
21618.0 2844.0 4.0
21638.0 2857.0 4.0
21704.0 2867.0 4.0
21715.0 2856.0 4.0
22009.0 2915.0 4.0
22164.0 2913.0 4.0
22282.0 2924.0 4.0
22318.0 2942.0 4.0
22417.0 2954.0 4.0
22496.0 2968.0 4.0
22572.0 2965.0 4.0
22734.0 2999.0 4.0
22743.0 2997.0 4.0
22806.0 3005.0 4.0
22878.0 3015.0 4.0
22918.0 3018.0 4.0
23057.0 3027.0 4.0
23104.0 3042.0 4.0
23109.0 3052.0 4.0
23147.0 3060.0 4.0
23229.0 3054.0 4.0
23494.0 3107.0 4.0
23494.0 3096.0 4.0
23534.0 3108.0 4.0
23851.0 3147.0 4.0
24080.0 3177.0 4.0
24094.0 3180.0 4.0
24132.0 3175.0 4.0
24261.0 3186.0 4.0
24283.0 3192.0 4.0
24408.0 3213.0 4.0
24427.0 3228.0 4.0
24670.0 3245.0 4.0
25290.0 3330.0 4.0
25450.0 3362.0 4.0
25611.0 3386.0 4.0
25643.0 3383.0 4.0
25695.0 3381.0 4.0
25923.0 3409.0 4.0
25927.0 3417.0 4.0
26036.0 3448.0 4.0
26072.0 3437.0 4.0
26139.0 3435.0 4.0
26245.0 3454.0 4.0
26337.0 3476.0 4.0
26546.0 3515.0 4.0
26585.0 3507.0 4.0
27231.0 3602.0 4.0
27629.0 3651.0 4.0
27648.0 3629.0 4.0
27856.0 3679.0 4.0
28942.0 3800.0 4.0
