rev2
2382769.0 297847.0 4.0
2494609.0 311827.0 4.0
2510953.0 313870.0 4.0
2521545.0 315194.0 4.0
2521729.0 315217.0 4.0
2526585.0 315824.0 4.0
2527937.0 315993.0 4.0
2532321.0 316541.0 4.0
2532641.0 316581.0 4.0
2538921.0 317366.0 4.0
2544521.0 318066.0 4.0
2549481.0 318686.0 4.0
2553289.0 319162.0 4.0
2558809.0 319852.0 4.0
2573689.0 321712.0 4.0
2573849.0 321732.0 4.0
2599689.0 324962.0 4.0
2604449.0 325557.0 4.0
2605993.0 325750.0 4.0
2628625.0 328579.0 4.0
2642193.0 330275.0 4.0
2643369.0 330422.0 4.0
2646001.0 330751.0 4.0
2647169.0 330897.0 4.0
2647297.0 330913.0 4.0
2647417.0 330928.0 4.0
2648521.0 331066.0 4.0
2652097.0 331513.0 4.0
2661137.0 332643.0 4.0
2661793.0 332725.0 4.0
2675857.0 334483.0 4.0
2679241.0 334906.0 4.0
2684657.0 335583.0 4.0
2684825.0 335604.0 4.0
2694913.0 336865.0 4.0
2697577.0 337198.0 4.0
2699265.0 337409.0 4.0
2702953.0 337870.0 4.0
2703505.0 337939.0 4.0
2704513.0 338065.0 4.0
2706785.0 338349.0 4.0
2717753.0 339720.0 4.0
2723793.0 340475.0 4.0
2732833.0 341605.0 4.0
2737897.0 342238.0 4.0
2741505.0 342689.0 4.0
2748841.0 343606.0 4.0
2750857.0 343858.0 4.0
2753609.0 344202.0 4.0
2759657.0 344958.0 4.0
2760841.0 345106.0 4.0
2766353.0 345795.0 4.0
2770185.0 346274.0 4.0
2779865.0 347484.0 4.0
2786625.0 348329.0 4.0
2794753.0 349345.0 4.0
2795409.0 349427.0 4.0
2803121.0 350391.0 4.0
2810193.0 351275.0 4.0
2816689.0 352087.0 4.0
2823025.0 352879.0 4.0
2829041.0 353631.0 4.0
2845065.0 355634.0 4.0
2873433.0 359180.0 4.0
2891913.0 361490.0 4.0
2903257.0 362908.0 4.0
2906449.0 363307.0 4.0
2926625.0 365829.0 4.0
2942081.0 367761.0 4.0
2942225.0 367779.0 4.0
2965833.0 370730.0 4.0
2972889.0 371612.0 4.0
2974385.0 371799.0 4.0
2979761.0 372471.0 4.0
2996617.0 374578.0 4.0
3023497.0 377938.0 4.0
3024769.0 378097.0 4.0
3028601.0 378576.0 4.0
3040953.0 380120.0 4.0
3059057.0 382383.0 4.0
3066961.0 383371.0 4.0
3076017.0 384503.0 4.0
3131457.0 391433.0 4.0
3140681.0 392586.0 4.0
3147153.0 393395.0 4.0
3168881.0 396111.0 4.0
3191537.0 398943.0 4.0
3208433.0 401055.0 4.0
3235705.0 404464.0 4.0
3244745.0 405594.0 4.0
3261729.0 407717.0 4.0
3300825.0 412604.0 4.0
3448065.0 431009.0 4.0
3469569.0 433697.0 4.0
3624833.0 453105.0 4.0
3635857.0 454483.0 4.0
3689353.0 461170.0 4.0
3783537.0 472943.0 4.0
4029825.0 503729.0 4.0
5599177.0 699898.0 4.0
