rev4
1.153832E7 443791.0 13.0
1.1588958E7 445735.0 13.0
1.1727351E7 451064.0 13.0
1.1734805E7 451351.0 13.0
1.1796224E7 453715.0 13.0
1.1817917E7 454543.0 13.0
1.1839325E7 455368.0 13.0
1.1881066E7 456973.0 13.0
1.1886684E7 457190.0 13.0
1.1901371E7 457755.0 13.0
1.1903065E7 457817.0 13.0
1.1913277E7 458213.0 13.0
1.1915729E7 458310.0 13.0
1.1936047E7 459089.0 13.0
1.1943101E7 459359.0 13.0
1.1946093E7 459476.0 13.0
1.1950348E7 459640.0 13.0
1.1957246E7 459904.0 13.0
1.1963605E7 460145.0 13.0
1.1965697E7 460226.0 13.0
1.1971669E7 460458.0 13.0
1.198332E7 460911.0 13.0
1.1987661E7 461070.0 13.0
1.1990831E7 461197.0 13.0
1.2017512E7 462219.0 13.0
1.2025551E7 462531.0 13.0
1.2040543E7 463106.0 13.0
1.2042153E7 463166.0 13.0
1.2044239E7 463252.0 13.0
1.2055142E7 463670.0 13.0
1.2066162E7 464092.0 13.0
1.2076731E7 464498.0 13.0
1.2090409E7 465030.0 13.0
1.2104687E7 465574.0 13.0
1.2119314E7 466138.0 13.0
1.212763E7 466456.0 13.0
1.2130907E7 466584.0 13.0
1.2132829E7 466658.0 13.0
1.2143175E7 467054.0 13.0
1.2143806E7 467080.0 13.0
1.214665E7 467190.0 13.0
1.2150777E7 467348.0 13.0
1.2156942E7 467586.0 13.0
1.2158072E7 467628.0 13.0
1.2159098E7 467667.0 13.0
1.2164439E7 467874.0 13.0
1.2196389E7 469100.0 13.0
1.221524E7 469826.0 13.0
1.2216741E7 469882.0 13.0
1.2234864E7 470581.0 13.0
1.2255009E7 471357.0 13.0
1.2283009E7 472434.0 13.0
1.2290239E7 472711.0 13.0
1.2309537E7 473456.0 13.0
1.23122E7 473558.0 13.0
1.231558E7 473688.0 13.0
1.2327428E7 474144.0 13.0
1.2329226E7 474215.0 13.0
1.2340063E7 474630.0 13.0
1.2340579E7 474647.0 13.0
1.2347383E7 474910.0 13.0
1.2382648E7 476265.0 13.0
1.2391022E7 476589.0 13.0
1.240909E7 477282.0 13.0
1.24132E7 477443.0 13.0
1.243257E7 478185.0 13.0
1.2455545E7 479067.0 13.0
1.247112E7 479666.0 13.0
1.2492799E7 480504.0 13.0
1.2546422E7 482563.0 13.0
1.2547143E7 482591.0 13.0
1.2622653E7 485500.0 13.0
1.2656595E7 486802.0 13.0
1.2680072E7 487706.0 13.0
1.27048E7 488657.0 13.0
1.2716518E7 489104.0 13.0
1.2719513E7 489221.0 13.0
1.2742763E7 490120.0 13.0
1.2757873E7 490697.0 13.0
1.2758961E7 490740.0 13.0
1.276302E7 490895.0 13.0
1.2775858E7 491391.0 13.0
1.280862E7 492650.0 13.0
1.2834915E7 493660.0 13.0
1.2863473E7 494757.0 13.0
1.2868531E7 494951.0 13.0
1.2905867E7 496390.0 13.0
1.2935316E7 497529.0 13.0
1.3018542E7 500721.0 13.0
1.3073616E7 502844.0 13.0
1.3114386E7 504411.0 13.0
1.3142164E7 505475.0 13.0
1.3166288E7 506408.0 13.0
1.3168858E7 506507.0 13.0
1.3185901E7 507162.0 13.0
1.3224566E7 508651.0 13.0
1.3242275E7 509332.0 13.0
1.3519303E7 519987.0 13.0
1.3837509E7 532220.0 13.0
1.4320091E7 550784.0 13.0
