rev2
1849667.0 71142.0 13.0
1868127.0 71852.0 13.0
1886899.0 72574.0 13.0
1891111.0 72736.0 13.0
1894517.0 72867.0 13.0
1896285.0 72935.0 13.0
1897091.0 72966.0 13.0
1897481.0 72981.0 13.0
1902863.0 73188.0 13.0
1906035.0 73310.0 13.0
1908921.0 73421.0 13.0
1912275.0 73550.0 13.0
1914667.0 73642.0 13.0
1919737.0 73837.0 13.0
1919893.0 73843.0 13.0
1922675.0 73950.0 13.0
1922831.0 73956.0 13.0
1925665.0 74065.0 13.0
1926341.0 74091.0 13.0
1926523.0 74098.0 13.0
1927121.0 74121.0 13.0
1928239.0 74164.0 13.0
1929097.0 74197.0 13.0
1931827.0 74302.0 13.0
1932009.0 74309.0 13.0
1934817.0 74417.0 13.0
1934869.0 74419.0 13.0
1940303.0 74628.0 13.0
1941551.0 74676.0 13.0
1942331.0 74706.0 13.0
1943111.0 74736.0 13.0
1943319.0 74744.0 13.0
1943371.0 74746.0 13.0
1948467.0 74942.0 13.0
1949637.0 74987.0 13.0
1950599.0 75024.0 13.0
1952757.0 75107.0 13.0
1956371.0 75246.0 13.0
1957125.0 75275.0 13.0
1957645.0 75295.0 13.0
1959075.0 75350.0 13.0
1959439.0 75364.0 13.0
1965367.0 75592.0 13.0
1966303.0 75628.0 13.0
1967187.0 75662.0 13.0
1967343.0 75668.0 13.0
1975221.0 75971.0 13.0
1975689.0 75989.0 13.0
1978731.0 76106.0 13.0
1979173.0 76123.0 13.0
1981279.0 76204.0 13.0
1984919.0 76344.0 13.0
1986115.0 76390.0 13.0
1988637.0 76487.0 13.0
1991159.0 76584.0 13.0
1991523.0 76598.0 13.0
1994903.0 76728.0 13.0
1997269.0 76819.0 13.0
1999375.0 76900.0 13.0
2000805.0 76955.0 13.0
2001351.0 76976.0 13.0
2001923.0 76998.0 13.0
2002183.0 77008.0 13.0
2004939.0 77114.0 13.0
2005589.0 77139.0 13.0
2007617.0 77217.0 13.0
2012661.0 77411.0 13.0
2014065.0 77465.0 13.0
2017679.0 77604.0 13.0
2018485.0 77635.0 13.0
2020461.0 77711.0 13.0
2021345.0 77745.0 13.0
2021995.0 77770.0 13.0
2026987.0 77962.0 13.0
2027871.0 77996.0 13.0
2028443.0 78018.0 13.0
2037335.0 78360.0 13.0
2041417.0 78517.0 13.0
2042379.0 78554.0 13.0
2042457.0 78557.0 13.0
2043003.0 78578.0 13.0
2044823.0 78648.0 13.0
2046175.0 78700.0 13.0
2054287.0 79012.0 13.0
2055743.0 79068.0 13.0
2058551.0 79176.0 13.0
2060111.0 79236.0 13.0
2064479.0 79404.0 13.0
2064765.0 79415.0 13.0
2065935.0 79460.0 13.0
2066455.0 79480.0 13.0
2078415.0 79940.0 13.0
2087307.0 80282.0 13.0
2100931.0 80806.0 13.0
2104129.0 80929.0 13.0
2129947.0 81922.0 13.0
2158209.0 83009.0 13.0
2170039.0 83464.0 13.0
2232647.0 85872.0 13.0
2342289.0 90089.0 13.0
