rev2
235.0 10.0 13.0
261.0 11.0 13.0
261.0 11.0 13.0
261.0 11.0 13.0
261.0 11.0 13.0
261.0 11.0 13.0
287.0 12.0 13.0
287.0 12.0 13.0
287.0 12.0 13.0
287.0 12.0 13.0
287.0 12.0 13.0
287.0 12.0 13.0
287.0 12.0 13.0
287.0 12.0 13.0
313.0 13.0 13.0
313.0 13.0 13.0
313.0 13.0 13.0
313.0 13.0 13.0
313.0 13.0 13.0
313.0 13.0 13.0
313.0 13.0 13.0
313.0 13.0 13.0
339.0 14.0 13.0
339.0 14.0 13.0
339.0 14.0 13.0
339.0 14.0 13.0
339.0 14.0 13.0
339.0 14.0 13.0
339.0 14.0 13.0
339.0 14.0 13.0
339.0 14.0 13.0
339.0 14.0 13.0
365.0 15.0 13.0
365.0 15.0 13.0
365.0 15.0 13.0
365.0 15.0 13.0
365.0 15.0 13.0
365.0 15.0 13.0
365.0 15.0 13.0
365.0 15.0 13.0
365.0 15.0 13.0
365.0 15.0 13.0
365.0 15.0 13.0
365.0 15.0 13.0
365.0 15.0 13.0
365.0 15.0 13.0
365.0 15.0 13.0
365.0 15.0 13.0
365.0 15.0 13.0
365.0 15.0 13.0
391.0 16.0 13.0
391.0 16.0 13.0
391.0 16.0 13.0
391.0 16.0 13.0
391.0 16.0 13.0
391.0 16.0 13.0
391.0 16.0 13.0
391.0 16.0 13.0
391.0 16.0 13.0
391.0 16.0 13.0
391.0 16.0 13.0
391.0 16.0 13.0
417.0 17.0 13.0
417.0 17.0 13.0
417.0 17.0 13.0
417.0 17.0 13.0
417.0 17.0 13.0
417.0 17.0 13.0
417.0 17.0 13.0
417.0 17.0 13.0
417.0 17.0 13.0
443.0 18.0 13.0
443.0 18.0 13.0
443.0 18.0 13.0
443.0 18.0 13.0
443.0 18.0 13.0
443.0 18.0 13.0
443.0 18.0 13.0
443.0 18.0 13.0
443.0 18.0 13.0
443.0 18.0 13.0
443.0 18.0 13.0
443.0 18.0 13.0
443.0 18.0 13.0
469.0 19.0 13.0
469.0 19.0 13.0
495.0 20.0 13.0
495.0 20.0 13.0
495.0 20.0 13.0
495.0 20.0 13.0
495.0 20.0 13.0
495.0 20.0 13.0
495.0 20.0 13.0
547.0 22.0 13.0
573.0 23.0 13.0
573.0 23.0 13.0
599.0 24.0 13.0
599.0 24.0 13.0
625.0 25.0 13.0
729.0 29.0 13.0
