rev4
663303.0 25514.0 13.0
663505.0 25521.0 13.0
664138.0 25545.0 13.0
666859.0 25650.0 13.0
666898.0 25651.0 13.0
667393.0 25670.0 13.0
670318.0 25783.0 13.0
671172.0 25816.0 13.0
671645.0 25834.0 13.0
672606.0 25873.0 13.0
673461.0 25904.0 13.0
675582.0 25986.0 13.0
675761.0 25992.0 13.0
676777.0 26031.0 13.0
676936.0 26037.0 13.0
677440.0 26057.0 13.0
677792.0 26070.0 13.0
678691.0 26105.0 13.0
679132.0 26122.0 13.0
679676.0 26143.0 13.0
679688.0 26144.0 13.0
681185.0 26201.0 13.0
682461.0 26250.0 13.0
684070.0 26312.0 13.0
684681.0 26335.0 13.0
685178.0 26354.0 13.0
686644.0 26411.0 13.0
686738.0 26414.0 13.0
687335.0 26437.0 13.0
687372.0 26439.0 13.0
687670.0 26450.0 13.0
688973.0 26500.0 13.0
689258.0 26511.0 13.0
689284.0 26512.0 13.0
689388.0 26516.0 13.0
689907.0 26536.0 13.0
690425.0 26556.0 13.0
690586.0 26562.0 13.0
690699.0 26567.0 13.0
691196.0 26586.0 13.0
691774.0 26608.0 13.0
692272.0 26627.0 13.0
692970.0 26655.0 13.0
694693.0 26720.0 13.0
694779.0 26724.0 13.0
694820.0 26725.0 13.0
695461.0 26750.0 13.0
697733.0 26837.0 13.0
698840.0 26880.0 13.0
699787.0 26917.0 13.0
700882.0 26958.0 13.0
701247.0 26972.0 13.0
701480.0 26981.0 13.0
701995.0 27002.0 13.0
702851.0 27034.0 13.0
706675.0 27181.0 13.0
707407.0 27209.0 13.0
708109.0 27236.0 13.0
708263.0 27242.0 13.0
708824.0 27264.0 13.0
708838.0 27265.0 13.0
709615.0 27294.0 13.0
710931.0 27345.0 13.0
712679.0 27412.0 13.0
715322.0 27514.0 13.0
715775.0 27531.0 13.0
716478.0 27558.0 13.0
717157.0 27584.0 13.0
717327.0 27591.0 13.0
718146.0 27622.0 13.0
719393.0 27670.0 13.0
720209.0 27702.0 13.0
721095.0 27736.0 13.0
721969.0 27770.0 13.0
723260.0 27819.0 13.0
724123.0 27852.0 13.0
724191.0 27855.0 13.0
727116.0 27968.0 13.0
728258.0 28011.0 13.0
728568.0 28024.0 13.0
728598.0 28024.0 13.0
731273.0 28127.0 13.0
732769.0 28185.0 13.0
734510.0 28252.0 13.0
736735.0 28338.0 13.0
739766.0 28454.0 13.0
740635.0 28488.0 13.0
743643.0 28604.0 13.0
745121.0 28661.0 13.0
747212.0 28740.0 13.0
747629.0 28756.0 13.0
748405.0 28787.0 13.0
748862.0 28804.0 13.0
749581.0 28832.0 13.0
751616.0 28910.0 13.0
755801.0 29071.0 13.0
756765.0 29108.0 13.0
757337.0 29130.0 13.0
761837.0 29303.0 13.0
776071.0 29851.0 13.0
