rev4
158913.0 6113.0 13.0
159145.0 6122.0 13.0
159302.0 6128.0 13.0
159511.0 6136.0 13.0
159979.0 6155.0 13.0
160083.0 6158.0 13.0
160135.0 6160.0 13.0
160187.0 6162.0 13.0
160785.0 6185.0 13.0
161045.0 6195.0 13.0
161097.0 6197.0 13.0
161149.0 6199.0 13.0
161305.0 6205.0 13.0
161720.0 6221.0 13.0
161901.0 6228.0 13.0
161902.0 6228.0 13.0
161903.0 6228.0 13.0
162265.0 6242.0 13.0
162319.0 6244.0 13.0
162436.0 6249.0 13.0
162462.0 6250.0 13.0
162682.0 6258.0 13.0
162891.0 6266.0 13.0
162904.0 6267.0 13.0
162917.0 6267.0 13.0
162943.0 6268.0 13.0
163241.0 6280.0 13.0
163489.0 6289.0 13.0
164164.0 6315.0 13.0
164319.0 6321.0 13.0
164451.0 6326.0 13.0
164971.0 6346.0 13.0
164997.0 6347.0 13.0
165153.0 6353.0 13.0
165582.0 6370.0 13.0
166190.0 6393.0 13.0
166816.0 6417.0 13.0
167050.0 6426.0 13.0
167102.0 6428.0 13.0
167206.0 6432.0 13.0
167361.0 6438.0 13.0
167363.0 6438.0 13.0
167752.0 6453.0 13.0
167753.0 6454.0 13.0
167777.0 6455.0 13.0
167779.0 6454.0 13.0
167869.0 6458.0 13.0
168064.0 6465.0 13.0
168143.0 6468.0 13.0
168143.0 6468.0 13.0
168349.0 6476.0 13.0
168608.0 6486.0 13.0
168897.0 6497.0 13.0
168922.0 6498.0 13.0
169104.0 6505.0 13.0
169286.0 6512.0 13.0
169571.0 6523.0 13.0
169833.0 6533.0 13.0
169989.0 6539.0 13.0
170170.0 6546.0 13.0
170742.0 6568.0 13.0
170846.0 6572.0 13.0
171207.0 6586.0 13.0
171676.0 6604.0 13.0
171743.0 6607.0 13.0
171835.0 6610.0 13.0
171938.0 6614.0 13.0
171965.0 6615.0 13.0
172067.0 6619.0 13.0
172172.0 6623.0 13.0
172797.0 6647.0 13.0
172847.0 6649.0 13.0
173135.0 6660.0 13.0
173161.0 6661.0 13.0
173185.0 6662.0 13.0
173187.0 6662.0 13.0
173212.0 6663.0 13.0
173369.0 6669.0 13.0
173600.0 6678.0 13.0
173628.0 6679.0 13.0
174587.0 6716.0 13.0
174927.0 6729.0 13.0
175072.0 6735.0 13.0
175267.0 6742.0 13.0
175683.0 6758.0 13.0
175708.0 6759.0 13.0
176618.0 6794.0 13.0
177086.0 6812.0 13.0
177527.0 6829.0 13.0
179011.0 6886.0 13.0
179449.0 6903.0 13.0
180311.0 6936.0 13.0
181090.0 6966.0 13.0
181401.0 6978.0 13.0
181871.0 6996.0 13.0
182651.0 7026.0 13.0
183847.0 7072.0 13.0
187382.0 7208.0 13.0
194922.0 7498.0 13.0
212135.0 8160.0 13.0
