rev2
3.2900219E7 1265394.0 13.0
3.2980351E7 1268476.0 13.0
3.3002035E7 1269310.0 13.0
3.3152887E7 1275112.0 13.0
3.3194279E7 1276704.0 13.0
3.3260891E7 1279266.0 13.0
3.3419725E7 1285375.0 13.0
3.3438887E7 1286112.0 13.0
3.3459167E7 1286892.0 13.0
3.3497257E7 1288357.0 13.0
3.3547619E7 1290294.0 13.0
3.3717841E7 1296841.0 13.0
3.3745063E7 1297888.0 13.0
3.3748547E7 1298022.0 13.0
3.3750601E7 1298101.0 13.0
3.3837805E7 1301455.0 13.0
3.3839859E7 1301534.0 13.0
3.3868693E7 1302643.0 13.0
3.3893263E7 1303588.0 13.0
3.3898567E7 1303792.0 13.0
3.3915779E7 1304454.0 13.0
3.3950021E7 1305771.0 13.0
3.4047027E7 1309502.0 13.0
3.4058311E7 1309936.0 13.0
3.4069101E7 1310351.0 13.0
3.4087405E7 1311055.0 13.0
3.4108309E7 1311859.0 13.0
3.4138157E7 1313007.0 13.0
3.4221357E7 1316207.0 13.0
3.4223801E7 1316301.0 13.0
3.4226193E7 1316393.0 13.0
3.4293689E7 1318989.0 13.0
3.4295171E7 1319046.0 13.0
3.4297459E7 1319134.0 13.0
3.4351435E7 1321210.0 13.0
3.4372053E7 1322003.0 13.0
3.4408817E7 1323417.0 13.0
3.4417293E7 1323743.0 13.0
3.4471217E7 1325817.0 13.0
3.4515625E7 1327525.0 13.0
3.4523321E7 1327821.0 13.0
3.4542353E7 1328553.0 13.0
3.4613151E7 1331276.0 13.0
3.4688291E7 1334166.0 13.0
3.4695337E7 1334437.0 13.0
3.4754461E7 1336711.0 13.0
3.4797933E7 1338383.0 13.0
3.4820683E7 1339258.0 13.0
3.4832773E7 1339723.0 13.0
3.4875387E7 1341362.0 13.0
3.4886645E7 1341795.0 13.0
3.4893925E7 1342075.0 13.0
3.4902661E7 1342411.0 13.0
3.4961135E7 1344660.0 13.0
3.4971613E7 1345063.0 13.0
3.4972419E7 1345094.0 13.0
3.5005413E7 1346363.0 13.0
3.5031777E7 1347377.0 13.0
3.5127951E7 1351076.0 13.0
3.5133541E7 1351291.0 13.0
3.5153587E7 1352062.0 13.0
3.5157903E7 1352228.0 13.0
3.5191001E7 1353501.0 13.0
3.5192821E7 1353571.0 13.0
3.5226569E7 1354869.0 13.0
3.5279947E7 1356922.0 13.0
3.5308547E7 1358022.0 13.0
3.5339825E7 1359225.0 13.0
3.5355087E7 1359812.0 13.0
3.5388029E7 1361079.0 13.0
3.5398325E7 1361475.0 13.0
3.5403707E7 1361682.0 13.0
3.5430747E7 1362722.0 13.0
3.5482513E7 1364713.0 13.0
3.5528949E7 1366499.0 13.0
3.5541845E7 1366995.0 13.0
3.5572421E7 1368171.0 13.0
3.5613995E7 1369770.0 13.0
3.5784711E7 1376336.0 13.0
3.5901295E7 1380820.0 13.0
3.5927009E7 1381809.0 13.0
3.5951735E7 1382760.0 13.0
3.5999523E7 1384598.0 13.0
3.6021259E7 1385434.0 13.0
3.6039381E7 1386131.0 13.0
3.6162491E7 1390866.0 13.0
3.6195693E7 1392143.0 13.0
3.6310015E7 1396540.0 13.0
3.6332999E7 1397424.0 13.0
3.6410453E7 1400403.0 13.0
3.6536085E7 1405235.0 13.0
3.6547889E7 1405689.0 13.0
3.6777417E7 1414517.0 13.0
3.6836047E7 1416772.0 13.0
3.7138869E7 1428419.0 13.0
3.7645323E7 1447898.0 13.0
3.7690589E7 1449639.0 13.0
3.7771163E7 1452738.0 13.0
3.8635429E7 1485979.0 13.0
3.9103715E7 1503990.0 13.0
