rev2
23895.0 920.0 13.0
24649.0 949.0 13.0
24857.0 957.0 13.0
24909.0 959.0 13.0
24987.0 962.0 13.0
24987.0 962.0 13.0
25039.0 964.0 13.0
25117.0 967.0 13.0
25195.0 970.0 13.0
25221.0 971.0 13.0
25351.0 976.0 13.0
25429.0 979.0 13.0
25455.0 980.0 13.0
25481.0 981.0 13.0
25481.0 981.0 13.0
25533.0 983.0 13.0
25585.0 985.0 13.0
25585.0 985.0 13.0
25611.0 986.0 13.0
25611.0 986.0 13.0
25741.0 991.0 13.0
25767.0 992.0 13.0
25819.0 994.0 13.0
25819.0 994.0 13.0
25897.0 997.0 13.0
26157.0 1007.0 13.0
26157.0 1007.0 13.0
26157.0 1007.0 13.0
26157.0 1007.0 13.0
26157.0 1007.0 13.0
26209.0 1009.0 13.0
26209.0 1009.0 13.0
26261.0 1011.0 13.0
26287.0 1012.0 13.0
26287.0 1012.0 13.0
26391.0 1016.0 13.0
26417.0 1017.0 13.0
26417.0 1017.0 13.0
26443.0 1018.0 13.0
26443.0 1018.0 13.0
26443.0 1018.0 13.0
26469.0 1019.0 13.0
26573.0 1023.0 13.0
26573.0 1023.0 13.0
26599.0 1024.0 13.0
26599.0 1024.0 13.0
26625.0 1025.0 13.0
26703.0 1028.0 13.0
26755.0 1030.0 13.0
26807.0 1032.0 13.0
26807.0 1032.0 13.0
26859.0 1034.0 13.0
26859.0 1034.0 13.0
26963.0 1038.0 13.0
27119.0 1044.0 13.0
27119.0 1044.0 13.0
27145.0 1045.0 13.0
27197.0 1047.0 13.0
27275.0 1050.0 13.0
27275.0 1050.0 13.0
27275.0 1050.0 13.0
27301.0 1051.0 13.0
27327.0 1052.0 13.0
27405.0 1055.0 13.0
27431.0 1056.0 13.0
27457.0 1057.0 13.0
27535.0 1060.0 13.0
27561.0 1061.0 13.0
27613.0 1063.0 13.0
27639.0 1064.0 13.0
27717.0 1067.0 13.0
27769.0 1069.0 13.0
27769.0 1069.0 13.0
27795.0 1070.0 13.0
27821.0 1071.0 13.0
27847.0 1072.0 13.0
27977.0 1077.0 13.0
28003.0 1078.0 13.0
28055.0 1080.0 13.0
28133.0 1083.0 13.0
28211.0 1086.0 13.0
28237.0 1087.0 13.0
28263.0 1088.0 13.0
28393.0 1093.0 13.0
28393.0 1093.0 13.0
28471.0 1096.0 13.0
28523.0 1098.0 13.0
28627.0 1102.0 13.0
28809.0 1109.0 13.0
28861.0 1111.0 13.0
28861.0 1111.0 13.0
28913.0 1113.0 13.0
29043.0 1118.0 13.0
29069.0 1119.0 13.0
29147.0 1122.0 13.0
29225.0 1125.0 13.0
29381.0 1131.0 13.0
29641.0 1141.0 13.0
29771.0 1146.0 13.0
31981.0 1231.0 13.0
