rev2
438647.0 16872.0 13.0
443483.0 17058.0 13.0
445485.0 17135.0 13.0
447097.0 17197.0 13.0
447955.0 17230.0 13.0
448631.0 17256.0 13.0
450971.0 17346.0 13.0
452011.0 17386.0 13.0
452661.0 17411.0 13.0
452687.0 17412.0 13.0
453337.0 17437.0 13.0
453623.0 17448.0 13.0
453961.0 17461.0 13.0
455339.0 17514.0 13.0
455599.0 17524.0 13.0
456015.0 17540.0 13.0
456483.0 17558.0 13.0
456717.0 17567.0 13.0
457549.0 17599.0 13.0
458563.0 17638.0 13.0
459291.0 17666.0 13.0
460149.0 17699.0 13.0
462723.0 17798.0 13.0
463477.0 17827.0 13.0
464205.0 17855.0 13.0
464205.0 17855.0 13.0
465245.0 17895.0 13.0
465349.0 17899.0 13.0
465869.0 17919.0 13.0
466727.0 17952.0 13.0
467429.0 17979.0 13.0
467533.0 17983.0 13.0
467871.0 17996.0 13.0
468339.0 18014.0 13.0
468781.0 18031.0 13.0
468963.0 18038.0 13.0
469067.0 18042.0 13.0
470185.0 18085.0 13.0
470211.0 18086.0 13.0
470861.0 18111.0 13.0
471251.0 18126.0 13.0
471979.0 18154.0 13.0
472395.0 18170.0 13.0
472473.0 18173.0 13.0
472889.0 18189.0 13.0
472967.0 18192.0 13.0
473799.0 18224.0 13.0
474007.0 18232.0 13.0
474345.0 18245.0 13.0
474709.0 18259.0 13.0
474969.0 18269.0 13.0
475255.0 18280.0 13.0
476087.0 18312.0 13.0
476373.0 18323.0 13.0
476477.0 18327.0 13.0
476763.0 18338.0 13.0
476945.0 18345.0 13.0
477179.0 18354.0 13.0
477491.0 18366.0 13.0
477907.0 18382.0 13.0
478219.0 18394.0 13.0
478557.0 18407.0 13.0
479363.0 18438.0 13.0
479649.0 18449.0 13.0
479753.0 18453.0 13.0
480403.0 18478.0 13.0
480533.0 18483.0 13.0
480715.0 18490.0 13.0
480741.0 18491.0 13.0
481183.0 18508.0 13.0
481547.0 18522.0 13.0
481625.0 18525.0 13.0
482067.0 18542.0 13.0
482301.0 18551.0 13.0
482665.0 18565.0 13.0
482743.0 18568.0 13.0
483107.0 18582.0 13.0
487345.0 18745.0 13.0
487397.0 18747.0 13.0
488229.0 18779.0 13.0
488359.0 18784.0 13.0
490075.0 18850.0 13.0
490595.0 18870.0 13.0
492337.0 18937.0 13.0
496029.0 19079.0 13.0
499331.0 19206.0 13.0
501619.0 19294.0 13.0
502139.0 19314.0 13.0
503361.0 19361.0 13.0
505337.0 19437.0 13.0
505441.0 19441.0 13.0
507079.0 19504.0 13.0
508405.0 19555.0 13.0
508613.0 19563.0 13.0
511967.0 19692.0 13.0
512123.0 19698.0 13.0
516283.0 19858.0 13.0
521405.0 20055.0 13.0
532325.0 20475.0 13.0
548289.0 21089.0 13.0
