rev4
417.0 17.0 13.0
417.0 17.0 13.0
417.0 17.0 13.0
417.0 17.0 13.0
443.0 18.0 13.0
443.0 18.0 13.0
443.0 18.0 13.0
443.0 18.0 13.0
469.0 19.0 13.0
469.0 19.0 13.0
469.0 19.0 13.0
469.0 19.0 13.0
469.0 19.0 13.0
469.0 19.0 13.0
469.0 19.0 13.0
469.0 19.0 13.0
469.0 19.0 13.0
495.0 20.0 13.0
495.0 20.0 13.0
495.0 20.0 13.0
495.0 20.0 13.0
495.0 20.0 13.0
495.0 20.0 13.0
495.0 20.0 13.0
495.0 20.0 13.0
495.0 20.0 13.0
495.0 20.0 13.0
521.0 21.0 13.0
521.0 21.0 13.0
521.0 21.0 13.0
521.0 21.0 13.0
521.0 21.0 13.0
521.0 21.0 13.0
521.0 21.0 13.0
521.0 21.0 13.0
521.0 21.0 13.0
521.0 21.0 13.0
521.0 21.0 13.0
521.0 21.0 13.0
521.0 21.0 13.0
521.0 21.0 13.0
547.0 22.0 13.0
547.0 22.0 13.0
547.0 22.0 13.0
547.0 22.0 13.0
547.0 22.0 13.0
547.0 22.0 13.0
547.0 22.0 13.0
547.0 22.0 13.0
547.0 22.0 13.0
547.0 22.0 13.0
547.0 22.0 13.0
547.0 22.0 13.0
547.0 22.0 13.0
547.0 22.0 13.0
547.0 22.0 13.0
573.0 23.0 13.0
573.0 23.0 13.0
573.0 23.0 13.0
573.0 23.0 13.0
573.0 23.0 13.0
573.0 23.0 13.0
573.0 23.0 13.0
573.0 23.0 13.0
573.0 23.0 13.0
573.0 23.0 13.0
573.0 23.0 13.0
573.0 23.0 13.0
573.0 23.0 13.0
599.0 24.0 13.0
599.0 24.0 13.0
599.0 24.0 13.0
599.0 24.0 13.0
599.0 24.0 13.0
599.0 24.0 13.0
599.0 24.0 13.0
599.0 24.0 13.0
599.0 24.0 13.0
599.0 24.0 13.0
625.0 25.0 13.0
625.0 25.0 13.0
625.0 25.0 13.0
625.0 25.0 13.0
625.0 25.0 13.0
625.0 25.0 13.0
625.0 25.0 13.0
651.0 26.0 13.0
651.0 26.0 13.0
651.0 26.0 13.0
651.0 26.0 13.0
651.0 26.0 13.0
651.0 26.0 13.0
651.0 26.0 13.0
677.0 27.0 13.0
677.0 27.0 13.0
677.0 27.0 13.0
703.0 28.0 13.0
703.0 28.0 13.0
729.0 29.0 13.0
755.0 30.0 13.0
