rev2
1119.0 44.0 13.0
1197.0 47.0 13.0
1197.0 47.0 13.0
1249.0 49.0 13.0
1249.0 49.0 13.0
1249.0 49.0 13.0
1275.0 50.0 13.0
1275.0 50.0 13.0
1275.0 50.0 13.0
1301.0 51.0 13.0
1301.0 51.0 13.0
1301.0 51.0 13.0
1301.0 51.0 13.0
1301.0 51.0 13.0
1327.0 52.0 13.0
1327.0 52.0 13.0
1327.0 52.0 13.0
1327.0 52.0 13.0
1327.0 52.0 13.0
1327.0 52.0 13.0
1353.0 53.0 13.0
1353.0 53.0 13.0
1379.0 54.0 13.0
1379.0 54.0 13.0
1379.0 54.0 13.0
1405.0 55.0 13.0
1405.0 55.0 13.0
1405.0 55.0 13.0
1431.0 56.0 13.0
1431.0 56.0 13.0
1431.0 56.0 13.0
1431.0 56.0 13.0
1431.0 56.0 13.0
1431.0 56.0 13.0
1431.0 56.0 13.0
1431.0 56.0 13.0
1457.0 57.0 13.0
1457.0 57.0 13.0
1457.0 57.0 13.0
1457.0 57.0 13.0
1457.0 57.0 13.0
1457.0 57.0 13.0
1457.0 57.0 13.0
1457.0 57.0 13.0
1483.0 58.0 13.0
1483.0 58.0 13.0
1483.0 58.0 13.0
1483.0 58.0 13.0
1483.0 58.0 13.0
1483.0 58.0 13.0
1483.0 58.0 13.0
1483.0 58.0 13.0
1483.0 58.0 13.0
1483.0 58.0 13.0
1509.0 59.0 13.0
1509.0 59.0 13.0
1509.0 59.0 13.0
1509.0 59.0 13.0
1509.0 59.0 13.0
1509.0 59.0 13.0
1535.0 60.0 13.0
1535.0 60.0 13.0
1535.0 60.0 13.0
1561.0 61.0 13.0
1561.0 61.0 13.0
1561.0 61.0 13.0
1561.0 61.0 13.0
1587.0 62.0 13.0
1587.0 62.0 13.0
1587.0 62.0 13.0
1587.0 62.0 13.0
1613.0 63.0 13.0
1639.0 64.0 13.0
1639.0 64.0 13.0
1639.0 64.0 13.0
1639.0 64.0 13.0
1639.0 64.0 13.0
1639.0 64.0 13.0
1665.0 65.0 13.0
1665.0 65.0 13.0
1665.0 65.0 13.0
1665.0 65.0 13.0
1691.0 66.0 13.0
1691.0 66.0 13.0
1717.0 67.0 13.0
1717.0 67.0 13.0
1717.0 67.0 13.0
1717.0 67.0 13.0
1743.0 68.0 13.0
1743.0 68.0 13.0
1743.0 68.0 13.0
1769.0 69.0 13.0
1795.0 70.0 13.0
1795.0 70.0 13.0
1821.0 71.0 13.0
1873.0 73.0 13.0
1873.0 73.0 13.0
1925.0 75.0 13.0
1951.0 76.0 13.0
2029.0 79.0 13.0
