rev2
11545.0 445.0 13.0
11779.0 454.0 13.0
11805.0 455.0 13.0
11805.0 455.0 13.0
11935.0 460.0 13.0
11987.0 462.0 13.0
12091.0 466.0 13.0
12117.0 467.0 13.0
12117.0 467.0 13.0
12117.0 467.0 13.0
12169.0 469.0 13.0
12195.0 470.0 13.0
12195.0 470.0 13.0
12221.0 471.0 13.0
12221.0 471.0 13.0
12221.0 471.0 13.0
12273.0 473.0 13.0
12299.0 474.0 13.0
12325.0 475.0 13.0
12377.0 477.0 13.0
12403.0 478.0 13.0
12429.0 479.0 13.0
12429.0 479.0 13.0
12455.0 480.0 13.0
12455.0 480.0 13.0
12481.0 481.0 13.0
12481.0 481.0 13.0
12507.0 482.0 13.0
12507.0 482.0 13.0
12533.0 483.0 13.0
12559.0 484.0 13.0
12611.0 486.0 13.0
12637.0 487.0 13.0
12663.0 488.0 13.0
12663.0 488.0 13.0
12715.0 490.0 13.0
12715.0 490.0 13.0
12715.0 490.0 13.0
12715.0 490.0 13.0
12741.0 491.0 13.0
12741.0 491.0 13.0
12767.0 492.0 13.0
12767.0 492.0 13.0
12767.0 492.0 13.0
12793.0 493.0 13.0
12793.0 493.0 13.0
12819.0 494.0 13.0
12819.0 494.0 13.0
12845.0 495.0 13.0
12845.0 495.0 13.0
12845.0 495.0 13.0
12897.0 497.0 13.0
12923.0 498.0 13.0
12923.0 498.0 13.0
12923.0 498.0 13.0
12949.0 499.0 13.0
12949.0 499.0 13.0
12975.0 500.0 13.0
12975.0 500.0 13.0
13027.0 502.0 13.0
13053.0 503.0 13.0
13079.0 504.0 13.0
13105.0 505.0 13.0
13105.0 505.0 13.0
13131.0 506.0 13.0
13183.0 508.0 13.0
13235.0 510.0 13.0
13339.0 514.0 13.0
13391.0 516.0 13.0
13391.0 516.0 13.0
13417.0 517.0 13.0
13443.0 518.0 13.0
13469.0 519.0 13.0
13469.0 519.0 13.0
13469.0 519.0 13.0
13521.0 521.0 13.0
13547.0 522.0 13.0
13573.0 523.0 13.0
13599.0 524.0 13.0
13599.0 524.0 13.0
13729.0 529.0 13.0
13911.0 536.0 13.0
13911.0 536.0 13.0
14015.0 540.0 13.0
14041.0 541.0 13.0
14067.0 542.0 13.0
14145.0 545.0 13.0
14145.0 545.0 13.0
14171.0 546.0 13.0
14353.0 553.0 13.0
14353.0 553.0 13.0
14561.0 561.0 13.0
14587.0 562.0 13.0
14639.0 564.0 13.0
14639.0 564.0 13.0
14639.0 564.0 13.0
14717.0 567.0 13.0
14769.0 569.0 13.0
15159.0 584.0 13.0
15705.0 605.0 13.0
