rev4
37155.0 1430.0 13.0
37259.0 1434.0 13.0
37285.0 1435.0 13.0
37909.0 1459.0 13.0
38013.0 1463.0 13.0
38013.0 1463.0 13.0
38091.0 1466.0 13.0
38091.0 1466.0 13.0
38117.0 1467.0 13.0
38221.0 1471.0 13.0
38273.0 1473.0 13.0
38298.0 1474.0 13.0
38299.0 1474.0 13.0
38299.0 1474.0 13.0
38377.0 1477.0 13.0
38429.0 1479.0 13.0
38429.0 1479.0 13.0
38481.0 1481.0 13.0
38507.0 1482.0 13.0
38533.0 1483.0 13.0
38559.0 1484.0 13.0
38611.0 1486.0 13.0
38637.0 1487.0 13.0
38662.0 1488.0 13.0
38663.0 1488.0 13.0
38689.0 1489.0 13.0
38793.0 1493.0 13.0
38806.0 1494.0 13.0
38871.0 1496.0 13.0
38884.0 1497.0 13.0
38896.0 1497.0 13.0
38897.0 1497.0 13.0
38962.0 1500.0 13.0
38974.0 1500.0 13.0
39001.0 1501.0 13.0
39001.0 1501.0 13.0
39053.0 1503.0 13.0
39157.0 1507.0 13.0
39209.0 1509.0 13.0
39248.0 1511.0 13.0
39261.0 1511.0 13.0
39313.0 1513.0 13.0
39443.0 1518.0 13.0
39456.0 1519.0 13.0
39495.0 1520.0 13.0
39521.0 1521.0 13.0
39521.0 1521.0 13.0
39546.0 1522.0 13.0
39573.0 1523.0 13.0
39651.0 1526.0 13.0
39651.0 1526.0 13.0
39651.0 1526.0 13.0
39677.0 1527.0 13.0
39859.0 1534.0 13.0
39911.0 1536.0 13.0
39937.0 1537.0 13.0
40015.0 1540.0 13.0
40093.0 1543.0 13.0
40145.0 1545.0 13.0
40197.0 1547.0 13.0
40275.0 1550.0 13.0
40301.0 1551.0 13.0
40430.0 1556.0 13.0
40483.0 1558.0 13.0
40613.0 1563.0 13.0
40639.0 1564.0 13.0
40639.0 1564.0 13.0
40664.0 1565.0 13.0
40691.0 1566.0 13.0
40743.0 1568.0 13.0
40795.0 1570.0 13.0
40847.0 1572.0 13.0
40977.0 1577.0 13.0
41185.0 1585.0 13.0
41210.0 1586.0 13.0
41211.0 1586.0 13.0
41237.0 1587.0 13.0
41341.0 1591.0 13.0
41653.0 1603.0 13.0
41731.0 1606.0 13.0
41783.0 1608.0 13.0
41860.0 1611.0 13.0
42251.0 1626.0 13.0
42354.0 1630.0 13.0
42693.0 1643.0 13.0
42719.0 1644.0 13.0
43057.0 1657.0 13.0
43212.0 1663.0 13.0
43447.0 1672.0 13.0
43564.0 1677.0 13.0
43603.0 1678.0 13.0
43681.0 1681.0 13.0
44175.0 1700.0 13.0
44253.0 1703.0 13.0
44331.0 1706.0 13.0
44747.0 1722.0 13.0
44799.0 1724.0 13.0
45137.0 1737.0 13.0
45137.0 1737.0 13.0
45501.0 1751.0 13.0
