rev2
105.0 5.0 13.0
105.0 5.0 13.0
131.0 6.0 13.0
131.0 6.0 13.0
131.0 6.0 13.0
131.0 6.0 13.0
131.0 6.0 13.0
131.0 6.0 13.0
131.0 6.0 13.0
131.0 6.0 13.0
131.0 6.0 13.0
131.0 6.0 13.0
157.0 7.0 13.0
157.0 7.0 13.0
157.0 7.0 13.0
157.0 7.0 13.0
157.0 7.0 13.0
157.0 7.0 13.0
157.0 7.0 13.0
157.0 7.0 13.0
157.0 7.0 13.0
157.0 7.0 13.0
157.0 7.0 13.0
183.0 8.0 13.0
183.0 8.0 13.0
183.0 8.0 13.0
183.0 8.0 13.0
183.0 8.0 13.0
183.0 8.0 13.0
183.0 8.0 13.0
183.0 8.0 13.0
183.0 8.0 13.0
183.0 8.0 13.0
209.0 9.0 13.0
209.0 9.0 13.0
209.0 9.0 13.0
209.0 9.0 13.0
209.0 9.0 13.0
209.0 9.0 13.0
209.0 9.0 13.0
209.0 9.0 13.0
209.0 9.0 13.0
209.0 9.0 13.0
209.0 9.0 13.0
209.0 9.0 13.0
209.0 9.0 13.0
209.0 9.0 13.0
209.0 9.0 13.0
209.0 9.0 13.0
235.0 10.0 13.0
235.0 10.0 13.0
235.0 10.0 13.0
235.0 10.0 13.0
235.0 10.0 13.0
235.0 10.0 13.0
235.0 10.0 13.0
235.0 10.0 13.0
235.0 10.0 13.0
235.0 10.0 13.0
235.0 10.0 13.0
235.0 10.0 13.0
235.0 10.0 13.0
235.0 10.0 13.0
235.0 10.0 13.0
235.0 10.0 13.0
235.0 10.0 13.0
235.0 10.0 13.0
261.0 11.0 13.0
261.0 11.0 13.0
261.0 11.0 13.0
261.0 11.0 13.0
261.0 11.0 13.0
261.0 11.0 13.0
261.0 11.0 13.0
261.0 11.0 13.0
261.0 11.0 13.0
261.0 11.0 13.0
287.0 12.0 13.0
287.0 12.0 13.0
287.0 12.0 13.0
313.0 13.0 13.0
313.0 13.0 13.0
313.0 13.0 13.0
313.0 13.0 13.0
339.0 14.0 13.0
339.0 14.0 13.0
339.0 14.0 13.0
365.0 15.0 13.0
365.0 15.0 13.0
365.0 15.0 13.0
365.0 15.0 13.0
365.0 15.0 13.0
391.0 16.0 13.0
391.0 16.0 13.0
417.0 17.0 13.0
417.0 17.0 13.0
443.0 18.0 13.0
495.0 20.0 13.0
521.0 21.0 13.0
573.0 23.0 13.0
