rev2
2497.0 97.0 13.0
2497.0 97.0 13.0
2549.0 99.0 13.0
2601.0 101.0 13.0
2601.0 101.0 13.0
2627.0 102.0 13.0
2653.0 103.0 13.0
2705.0 105.0 13.0
2731.0 106.0 13.0
2731.0 106.0 13.0
2731.0 106.0 13.0
2757.0 107.0 13.0
2783.0 108.0 13.0
2783.0 108.0 13.0
2783.0 108.0 13.0
2783.0 108.0 13.0
2809.0 109.0 13.0
2809.0 109.0 13.0
2809.0 109.0 13.0
2835.0 110.0 13.0
2835.0 110.0 13.0
2835.0 110.0 13.0
2861.0 111.0 13.0
2861.0 111.0 13.0
2887.0 112.0 13.0
2887.0 112.0 13.0
2887.0 112.0 13.0
2913.0 113.0 13.0
2913.0 113.0 13.0
2913.0 113.0 13.0
2913.0 113.0 13.0
2939.0 114.0 13.0
2939.0 114.0 13.0
2965.0 115.0 13.0
2965.0 115.0 13.0
2965.0 115.0 13.0
2991.0 116.0 13.0
2991.0 116.0 13.0
2991.0 116.0 13.0
2991.0 116.0 13.0
2991.0 116.0 13.0
2991.0 116.0 13.0
3017.0 117.0 13.0
3017.0 117.0 13.0
3043.0 118.0 13.0
3069.0 119.0 13.0
3069.0 119.0 13.0
3095.0 120.0 13.0
3095.0 120.0 13.0
3095.0 120.0 13.0
3121.0 121.0 13.0
3121.0 121.0 13.0
3147.0 122.0 13.0
3147.0 122.0 13.0
3147.0 122.0 13.0
3147.0 122.0 13.0
3173.0 123.0 13.0
3173.0 123.0 13.0
3173.0 123.0 13.0
3173.0 123.0 13.0
3199.0 124.0 13.0
3199.0 124.0 13.0
3225.0 125.0 13.0
3251.0 126.0 13.0
3251.0 126.0 13.0
3251.0 126.0 13.0
3277.0 127.0 13.0
3277.0 127.0 13.0
3277.0 127.0 13.0
3277.0 127.0 13.0
3277.0 127.0 13.0
3277.0 127.0 13.0
3303.0 128.0 13.0
3303.0 128.0 13.0
3303.0 128.0 13.0
3303.0 128.0 13.0
3303.0 128.0 13.0
3329.0 129.0 13.0
3329.0 129.0 13.0
3329.0 129.0 13.0
3329.0 129.0 13.0
3355.0 130.0 13.0
3355.0 130.0 13.0
3381.0 131.0 13.0
3381.0 131.0 13.0
3381.0 131.0 13.0
3407.0 132.0 13.0
3407.0 132.0 13.0
3433.0 133.0 13.0
3459.0 134.0 13.0
3459.0 134.0 13.0
3511.0 136.0 13.0
3511.0 136.0 13.0
3563.0 138.0 13.0
3641.0 141.0 13.0
3641.0 141.0 13.0
3667.0 142.0 13.0
3667.0 142.0 13.0
3745.0 145.0 13.0
3771.0 146.0 13.0
