rev4
4.8363678E7 1860181.0 13.0
4.8472937E7 1864389.0 13.0
4.8522903E7 1866300.0 13.0
4.8721368E7 1873942.0 13.0
4.8846346E7 1878744.0 13.0
4.9029755E7 1885794.0 13.0
4.9043553E7 1886330.0 13.0
4.9069021E7 1887307.0 13.0
4.9136666E7 1889912.0 13.0
4.9147613E7 1890328.0 13.0
4.9149012E7 1890382.0 13.0
4.9337877E7 1897643.0 13.0
4.9341397E7 1897785.0 13.0
4.9371891E7 1898962.0 13.0
4.9451994E7 1902035.0 13.0
4.9594477E7 1907521.0 13.0
4.9663683E7 1910175.0 13.0
4.9863018E7 1917847.0 13.0
4.9886681E7 1918759.0 13.0
4.9910804E7 1919679.0 13.0
4.9913146E7 1919776.0 13.0
4.9978238E7 1922282.0 13.0
5.0019796E7 1923878.0 13.0
5.0032249E7 1924360.0 13.0
5.0049016E7 1925004.0 13.0
5.0086836E7 1926463.0 13.0
5.0114482E7 1927525.0 13.0
5.0230095E7 1931962.0 13.0
5.0253028E7 1932844.0 13.0
5.0307917E7 1934960.0 13.0
5.0428618E7 1939598.0 13.0
5.0475562E7 1941406.0 13.0
5.0526033E7 1943340.0 13.0
5.0526463E7 1943369.0 13.0
5.0649122E7 1948086.0 13.0
5.073228E7 1951281.0 13.0
5.0740072E7 1951588.0 13.0
5.0742687E7 1951684.0 13.0
5.0754392E7 1952130.0 13.0
5.0759809E7 1952345.0 13.0
5.0770047E7 1952737.0 13.0
5.0773663E7 1952878.0 13.0
5.0780534E7 1953140.0 13.0
5.0819332E7 1954628.0 13.0
5.082428E7 1954821.0 13.0
5.0851066E7 1955852.0 13.0
5.0876925E7 1956849.0 13.0
5.091301E7 1958240.0 13.0
5.0961703E7 1960102.0 13.0
5.0963719E7 1960183.0 13.0
5.0985239E7 1961014.0 13.0
5.1002775E7 1961680.0 13.0
5.1126083E7 1966427.0 13.0
5.1148036E7 1967268.0 13.0
5.117236E7 1968205.0 13.0
5.1204016E7 1969429.0 13.0
5.1261902E7 1971642.0 13.0
5.1275456E7 1972176.0 13.0
5.1286173E7 1972582.0 13.0
5.1324553E7 1974059.0 13.0
5.135927E7 1975398.0 13.0
5.1370467E7 1975833.0 13.0
5.1477584E7 1979950.0 13.0
5.1536854E7 1982220.0 13.0
5.1568204E7 1983429.0 13.0
5.1609792E7 1985030.0 13.0
5.1612952E7 1985151.0 13.0
5.1617066E7 1985309.0 13.0
5.1658121E7 1986886.0 13.0
5.1791936E7 1992041.0 13.0
5.1811995E7 1992806.0 13.0
5.1840249E7 1993891.0 13.0
5.1844875E7 1994073.0 13.0
5.197909E7 1999238.0 13.0
5.2011812E7 2000495.0 13.0
5.203766E7 2001494.0 13.0
5.2071862E7 2002806.0 13.0
5.2132298E7 2005127.0 13.0
5.2214971E7 2008306.0 13.0
5.228856E7 2011143.0 13.0
5.2353373E7 2013626.0 13.0
5.2405038E7 2015624.0 13.0
5.2475093E7 2018314.0 13.0
5.2489704E7 2018875.0 13.0
5.2583214E7 2022474.0 13.0
5.2826944E7 2031848.0 13.0
5.2949417E7 2036555.0 13.0
5.3066999E7 2041079.0 13.0
5.3217991E7 2046893.0 13.0
5.3319421E7 2050783.0 13.0
5.3367343E7 2052633.0 13.0
5.3602539E7 2061672.0 13.0
5.4156084E7 2082973.0 13.0
5.4315745E7 2089118.0 13.0
5.4479909E7 2095426.0 13.0
5.4849459E7 2109646.0 13.0
5.5019553E7 2116184.0 13.0
5.5140541E7 2120834.0 13.0
5.5248687E7 2124989.0 13.0
5.54821E7 2133967.0 13.0
