rev2
2.79512481E8 1.0750481E7 13.0
2.79600309E8 1.0753859E7 13.0
2.82067241E8 1.0848741E7 13.0
2.82068463E8 1.0848788E7 13.0
2.83970805E8 1.0921955E7 13.0
2.84376769E8 1.0937569E7 13.0
2.84635183E8 1.0947508E7 13.0
2.84682529E8 1.0949329E7 13.0
2.84705149E8 1.0950199E7 13.0
2.85181573E8 1.0968523E7 13.0
2.85206715E8 1.096949E7 13.0
2.85210953E8 1.0969653E7 13.0
2.86000053E8 1.1000003E7 13.0
2.86577617E8 1.1022217E7 13.0
2.86881609E8 1.1033909E7 13.0
2.86903527E8 1.1034752E7 13.0
2.87026897E8 1.1039497E7 13.0
2.87041405E8 1.1040055E7 13.0
2.87288249E8 1.1049549E7 13.0
2.87562471E8 1.1060096E7 13.0
2.87662207E8 1.1063932E7 13.0
2.87925847E8 1.1074072E7 13.0
2.87956917E8 1.1075267E7 13.0
2.87972413E8 1.1075863E7 13.0
2.88200511E8 1.1084636E7 13.0
2.88772459E8 1.1106634E7 13.0
2.89665299E8 1.1140974E7 13.0
2.89755441E8 1.1144441E7 13.0
2.89807493E8 1.1146443E7 13.0
2.90131895E8 1.115892E7 13.0
2.90321721E8 1.1166221E7 13.0
2.90824899E8 1.1185574E7 13.0
2.90873233E8 1.1187433E7 13.0
2.90897205E8 1.1188355E7 13.0
2.91346667E8 1.1205642E7 13.0
2.91597775E8 1.12153E7 13.0
2.91927689E8 1.1227989E7 13.0
2.92549271E8 1.1251896E7 13.0
2.92645211E8 1.1255586E7 13.0
2.92668533E8 1.1256483E7 13.0
2.92675579E8 1.1256754E7 13.0
2.93216535E8 1.127756E7 13.0
2.93801327E8 1.1300052E7 13.0
2.93954493E8 1.1305943E7 13.0
2.94230873E8 1.1316573E7 13.0
2.94613021E8 1.1331271E7 13.0
2.94797361E8 1.1338361E7 13.0
2.95490391E8 1.1365016E7 13.0
2.95648055E8 1.137108E7 13.0
2.95968531E8 1.1383406E7 13.0
2.95974589E8 1.1383639E7 13.0
2.96170135E8 1.139116E7 13.0
2.96319999E8 1.1396924E7 13.0
2.96331855E8 1.139738E7 13.0
2.96440847E8 1.1401572E7 13.0
2.96578647E8 1.1406872E7 13.0
2.96592037E8 1.1407387E7 13.0
2.97338055E8 1.143608E7 13.0
2.97584847E8 1.1445572E7 13.0
2.97685935E8 1.144946E7 13.0
2.97943387E8 1.1459362E7 13.0
2.98554049E8 1.1482849E7 13.0
2.98777987E8 1.1491462E7 13.0
2.99291721E8 1.1511221E7 13.0
2.99804077E8 1.1530927E7 13.0
2.99885509E8 1.1534059E7 13.0
3.01971333E8 1.1614283E7 13.0
3.02122081E8 1.1620081E7 13.0
3.02680509E8 1.1641559E7 13.0
3.03153865E8 1.1659765E7 13.0
3.03504943E8 1.1673268E7 13.0
3.03827915E8 1.168569E7 13.0
3.03931837E8 1.1689687E7 13.0
3.04454749E8 1.1709799E7 13.0
3.05326087E8 1.1743312E7 13.0
3.05993845E8 1.1768995E7 13.0
3.07321483E8 1.1820058E7 13.0
3.08052785E8 1.1848185E7 13.0
3.08428147E8 1.1862622E7 13.0
3.08446581E8 1.1863331E7 13.0
3.08942219E8 1.1882394E7 13.0
3.09677499E8 1.1910674E7 13.0
3.09882717E8 1.1918567E7 13.0
3.10058217E8 1.1925317E7 13.0
3.10276097E8 1.1933697E7 13.0
3.10278307E8 1.1933782E7 13.0
3.10501205E8 1.1942355E7 13.0
3.10665655E8 1.194868E7 13.0
3.11895143E8 1.1995968E7 13.0
3.11906687E8 1.1996412E7 13.0
3.12451179E8 1.2017354E7 13.0
3.12560977E8 1.2021577E7 13.0
3.13536133E8 1.2059083E7 13.0
3.16285373E8 1.2164823E7 13.0
3.16412409E8 1.2169709E7 13.0
3.17883515E8 1.222629E7 13.0
3.19521437E8 1.2289287E7 13.0
3.25446005E8 1.2517155E7 13.0
3.32300957E8 1.2780807E7 13.0
3.44081245E8 1.3233895E7 13.0
