rev2
3789813.0 145763.0 13.0
3799537.0 146137.0 13.0
3837367.0 147592.0 13.0
3841267.0 147742.0 13.0
3877251.0 149126.0 13.0
3878785.0 149185.0 13.0
3884661.0 149411.0 13.0
3884765.0 149415.0 13.0
3907229.0 150279.0 13.0
3908581.0 150331.0 13.0
3908659.0 150334.0 13.0
3913833.0 150533.0 13.0
3918461.0 150711.0 13.0
3918695.0 150720.0 13.0
3921399.0 150824.0 13.0
3929797.0 151147.0 13.0
3933983.0 151308.0 13.0
3963363.0 152438.0 13.0
3980835.0 153110.0 13.0
3981199.0 153124.0 13.0
3982499.0 153174.0 13.0
3982837.0 153187.0 13.0
3987725.0 153375.0 13.0
3987751.0 153376.0 13.0
3990585.0 153485.0 13.0
3990611.0 153486.0 13.0
3991053.0 153503.0 13.0
3992405.0 153555.0 13.0
3992899.0 153574.0 13.0
3993497.0 153597.0 13.0
4002701.0 153951.0 13.0
4005483.0 154058.0 13.0
4010917.0 154267.0 13.0
4013309.0 154359.0 13.0
4014037.0 154387.0 13.0
4029013.0 154963.0 13.0
4032393.0 155093.0 13.0
4037801.0 155301.0 13.0
4041727.0 155452.0 13.0
4044223.0 155548.0 13.0
4046485.0 155635.0 13.0
4047343.0 155668.0 13.0
4047733.0 155683.0 13.0
4048123.0 155698.0 13.0
4054545.0 155945.0 13.0
4056521.0 156021.0 13.0
4058809.0 156109.0 13.0
4059017.0 156117.0 13.0
4063177.0 156277.0 13.0
4066791.0 156416.0 13.0
4067337.0 156437.0 13.0
4071055.0 156580.0 13.0
4084575.0 157100.0 13.0
4084913.0 157113.0 13.0
4084939.0 157114.0 13.0
4088995.0 157270.0 13.0
4089567.0 157292.0 13.0
4089931.0 157306.0 13.0
4092739.0 157414.0 13.0
4094403.0 157478.0 13.0
4096275.0 157550.0 13.0
4100019.0 157694.0 13.0
4110601.0 158101.0 13.0
4116737.0 158337.0 13.0
4120533.0 158483.0 13.0
4123471.0 158596.0 13.0
4135249.0 159049.0 13.0
4138369.0 159169.0 13.0
4148821.0 159571.0 13.0
4150511.0 159636.0 13.0
4160911.0 160036.0 13.0
4163537.0 160137.0 13.0
4171883.0 160458.0 13.0
4181347.0 160822.0 13.0
4188133.0 161083.0 13.0
4197025.0 161425.0 13.0
4221101.0 162351.0 13.0
4232567.0 162792.0 13.0
4240081.0 163081.0 13.0
4247413.0 163363.0 13.0
4253705.0 163605.0 13.0
4255551.0 163676.0 13.0
4259971.0 163846.0 13.0
4265067.0 164042.0 13.0
4277105.0 164505.0 13.0
4284671.0 164796.0 13.0
4298217.0 165317.0 13.0
4301363.0 165438.0 13.0
4304665.0 165565.0 13.0
4314181.0 165931.0 13.0
4316547.0 166022.0 13.0
4327883.0 166458.0 13.0
4341377.0 166977.0 13.0
4357289.0 167589.0 13.0
4412669.0 169719.0 13.0
4454009.0 171309.0 13.0
4512561.0 173561.0 13.0
4561077.0 175427.0 13.0
4659097.0 179197.0 13.0
4683693.0 180143.0 13.0
