rev2
7802445.0 300095.0 13.0
7862609.0 302409.0 13.0
7872333.0 302783.0 13.0
7882291.0 303166.0 13.0
7934629.0 305179.0 13.0
7935955.0 305230.0 13.0
7962605.0 306255.0 13.0
7966167.0 306392.0 13.0
8001397.0 307747.0 13.0
8012135.0 308160.0 13.0
8012603.0 308178.0 13.0
8029737.0 308837.0 13.0
8033221.0 308971.0 13.0
8035483.0 309058.0 13.0
8071753.0 310453.0 13.0
8073417.0 310517.0 13.0
8074431.0 310556.0 13.0
8077239.0 310664.0 13.0
8088783.0 311108.0 13.0
8090239.0 311164.0 13.0
8123909.0 312459.0 13.0
8124559.0 312484.0 13.0
8130435.0 312710.0 13.0
8134413.0 312863.0 13.0
8147751.0 313376.0 13.0
8160309.0 313859.0 13.0
8167875.0 314150.0 13.0
8169981.0 314231.0 13.0
8173647.0 314372.0 13.0
8178379.0 314554.0 13.0
8181733.0 314683.0 13.0
8186049.0 314849.0 13.0
8186075.0 314850.0 13.0
8200661.0 315411.0 13.0
8201467.0 315442.0 13.0
8209189.0 315739.0 13.0
8211633.0 315833.0 13.0
8217873.0 316073.0 13.0
8231055.0 316580.0 13.0
8234279.0 316704.0 13.0
8236125.0 316775.0 13.0
8238959.0 316884.0 13.0
8254455.0 317480.0 13.0
8257497.0 317597.0 13.0
8275905.0 318305.0 13.0
8277517.0 318367.0 13.0
8283835.0 318610.0 13.0
8292025.0 318925.0 13.0
8296601.0 319101.0 13.0
8298109.0 319159.0 13.0
8307079.0 319504.0 13.0
8313735.0 319760.0 13.0
8336199.0 320624.0 13.0
8336199.0 320624.0 13.0
8347821.0 321071.0 13.0
8353983.0 321308.0 13.0
8385599.0 322524.0 13.0
8390305.0 322705.0 13.0
8394517.0 322867.0 13.0
8423611.0 323986.0 13.0
8436091.0 324466.0 13.0
8437287.0 324512.0 13.0
8441447.0 324672.0 13.0
8442695.0 324720.0 13.0
8453017.0 325117.0 13.0
8470281.0 325781.0 13.0
8480655.0 326180.0 13.0
8493967.0 326692.0 13.0
8509411.0 327286.0 13.0
8510373.0 327323.0 13.0
8528573.0 328023.0 13.0
8528911.0 328036.0 13.0
8531797.0 328147.0 13.0
8537725.0 328375.0 13.0
8542665.0 328565.0 13.0
8544277.0 328627.0 13.0
8550361.0 328861.0 13.0
8555093.0 329043.0 13.0
8583823.0 330148.0 13.0
8597681.0 330681.0 13.0
8624331.0 331706.0 13.0
8629973.0 331923.0 13.0
8638059.0 332234.0 13.0
8643311.0 332436.0 13.0
8664449.0 333249.0 13.0
8667335.0 333360.0 13.0
8693985.0 334385.0 13.0
8695129.0 334429.0 13.0
8747025.0 336425.0 13.0
8865975.0 341000.0 13.0
8936825.0 343725.0 13.0
8957001.0 344501.0 13.0
8965191.0 344816.0 13.0
8976527.0 345252.0 13.0
9024081.0 347081.0 13.0
9171241.0 352741.0 13.0
9275995.0 356770.0 13.0
9407191.0 361816.0 13.0
9530613.0 366563.0 13.0
1.0081449E7 387749.0 13.0
