rev2
1.37119711E8 5273836.0 13.0
1.37910709E8 5304259.0 13.0
1.37967285E8 5306435.0 13.0
1.38557017E8 5329117.0 13.0
1.38747259E8 5336434.0 13.0
1.38749001E8 5336501.0 13.0
1.38936279E8 5343704.0 13.0
1.38968233E8 5344933.0 13.0
1.38972653E8 5345103.0 13.0
1.39262059E8 5356234.0 13.0
1.39382439E8 5360864.0 13.0
1.39545251E8 5367126.0 13.0
1.39551257E8 5367357.0 13.0
1.39864323E8 5379398.0 13.0
1.39865675E8 5379450.0 13.0
1.40123777E8 5389377.0 13.0
1.40326785E8 5397185.0 13.0
1.40545289E8 5405589.0 13.0
1.40585225E8 5407125.0 13.0
1.40734231E8 5412856.0 13.0
1.40783813E8 5414763.0 13.0
1.40828221E8 5416471.0 13.0
1.40888437E8 5418787.0 13.0
1.41125687E8 5427912.0 13.0
1.41137465E8 5428365.0 13.0
1.41248875E8 5432650.0 13.0
1.41276019E8 5433694.0 13.0
1.41327525E8 5435675.0 13.0
1.41516493E8 5442943.0 13.0
1.41860785E8 5456185.0 13.0
1.41962393E8 5460093.0 13.0
1.42161033E8 5467733.0 13.0
1.42253775E8 5471300.0 13.0
1.42351847E8 5475072.0 13.0
1.42387805E8 5476455.0 13.0
1.42452259E8 5478934.0 13.0
1.42886537E8 5495637.0 13.0
1.42977277E8 5499127.0 13.0
1.43041731E8 5501606.0 13.0
1.43051247E8 5501972.0 13.0
1.43110995E8 5504270.0 13.0
1.43135045E8 5505195.0 13.0
1.43221209E8 5508509.0 13.0
1.43350377E8 5513477.0 13.0
1.43655513E8 5525213.0 13.0
1.43659803E8 5525378.0 13.0
1.43792741E8 5530491.0 13.0
1.44121589E8 5543139.0 13.0
1.44693485E8 5565135.0 13.0
1.44729469E8 5566519.0 13.0
1.44903851E8 5573226.0 13.0
1.45087489E8 5580289.0 13.0
1.45127841E8 5581841.0 13.0
1.45146717E8 5582567.0 13.0
1.45162577E8 5583177.0 13.0
1.45235923E8 5585998.0 13.0
1.45305291E8 5588666.0 13.0
1.45560819E8 5598494.0 13.0
1.45597531E8 5599906.0 13.0
1.45669317E8 5602667.0 13.0
1.46060799E8 5617724.0 13.0
1.46231567E8 5624292.0 13.0
1.46568319E8 5637244.0 13.0
1.46746081E8 5644081.0 13.0
1.46763735E8 5644760.0 13.0
1.46777359E8 5645284.0 13.0
1.46819167E8 5646892.0 13.0
1.46932995E8 5651270.0 13.0
1.47051243E8 5655818.0 13.0
1.47059667E8 5656142.0 13.0
1.47320109E8 5666159.0 13.0
1.47547193E8 5674893.0 13.0
1.47671889E8 5679689.0 13.0
1.47951025E8 5690425.0 13.0
1.48228679E8 5701104.0 13.0
1.48255121E8 5702121.0 13.0
1.48820283E8 5723858.0 13.0
1.48881123E8 5726198.0 13.0
1.48993703E8 5730528.0 13.0
1.49033457E8 5732057.0 13.0
1.49162547E8 5737022.0 13.0
1.49212857E8 5738957.0 13.0
1.49646121E8 5755621.0 13.0
1.50046209E8 5771009.0 13.0
1.50155773E8 5775223.0 13.0
1.51062861E8 5810111.0 13.0
1.51316829E8 5819879.0 13.0
1.51336953E8 5820653.0 13.0
1.52486543E8 5864868.0 13.0
1.52698391E8 5873016.0 13.0
1.52816249E8 5877549.0 13.0
1.52831641E8 5878141.0 13.0
1.53182849E8 5891649.0 13.0
1.53811113E8 5915813.0 13.0
1.53896055E8 5919080.0 13.0
1.54132811E8 5928186.0 13.0
1.55590267E8 5984242.0 13.0
1.55602435E8 5984710.0 13.0
1.56603747E8 6023222.0 13.0
1.57936195E8 6074470.0 13.0
