rev4
4083.0 158.0 13.0
4109.0 159.0 13.0
4161.0 161.0 13.0
4161.0 161.0 13.0
4239.0 164.0 13.0
4265.0 165.0 13.0
4265.0 165.0 13.0
4265.0 165.0 13.0
4291.0 166.0 13.0
4291.0 166.0 13.0
4291.0 166.0 13.0
4317.0 167.0 13.0
4317.0 167.0 13.0
4317.0 167.0 13.0
4341.0 168.0 13.0
4342.0 168.0 13.0
4343.0 168.0 13.0
4343.0 168.0 13.0
4343.0 168.0 13.0
4369.0 169.0 13.0
4369.0 169.0 13.0
4369.0 169.0 13.0
4395.0 170.0 13.0
4395.0 170.0 13.0
4421.0 171.0 13.0
4421.0 171.0 13.0
4421.0 171.0 13.0
4421.0 171.0 13.0
4447.0 172.0 13.0
4447.0 172.0 13.0
4447.0 172.0 13.0
4447.0 172.0 13.0
4447.0 172.0 13.0
4447.0 172.0 13.0
4447.0 172.0 13.0
4447.0 172.0 13.0
4473.0 173.0 13.0
4473.0 173.0 13.0
4499.0 174.0 13.0
4499.0 174.0 13.0
4525.0 175.0 13.0
4550.0 176.0 13.0
4551.0 176.0 13.0
4551.0 176.0 13.0
4551.0 176.0 13.0
4551.0 176.0 13.0
4577.0 177.0 13.0
4577.0 177.0 13.0
4577.0 177.0 13.0
4603.0 178.0 13.0
4603.0 178.0 13.0
4603.0 178.0 13.0
4629.0 179.0 13.0
4629.0 179.0 13.0
4629.0 179.0 13.0
4629.0 179.0 13.0
4655.0 180.0 13.0
4655.0 180.0 13.0
4655.0 180.0 13.0
4681.0 181.0 13.0
4681.0 181.0 13.0
4707.0 182.0 13.0
4733.0 183.0 13.0
4759.0 184.0 13.0
4759.0 184.0 13.0
4785.0 185.0 13.0
4785.0 185.0 13.0
4785.0 185.0 13.0
4785.0 185.0 13.0
4785.0 185.0 13.0
4811.0 186.0 13.0
4837.0 187.0 13.0
4837.0 187.0 13.0
4889.0 189.0 13.0
4889.0 189.0 13.0
4889.0 189.0 13.0
4889.0 189.0 13.0
4941.0 191.0 13.0
4967.0 192.0 13.0
4993.0 193.0 13.0
4993.0 193.0 13.0
5019.0 194.0 13.0
5019.0 194.0 13.0
5045.0 195.0 13.0
5045.0 195.0 13.0
5097.0 197.0 13.0
5123.0 198.0 13.0
5123.0 198.0 13.0
5175.0 200.0 13.0
5201.0 201.0 13.0
5201.0 201.0 13.0
5227.0 202.0 13.0
5253.0 203.0 13.0
5253.0 203.0 13.0
5279.0 204.0 13.0
5331.0 206.0 13.0
5357.0 207.0 13.0
5357.0 207.0 13.0
5461.0 211.0 13.0
5513.0 213.0 13.0
