rev2
63285.0 2435.0 13.0
63519.0 2444.0 13.0
64013.0 2463.0 13.0
64273.0 2473.0 13.0
64975.0 2500.0 13.0
65209.0 2509.0 13.0
65261.0 2511.0 13.0
65313.0 2513.0 13.0
65833.0 2533.0 13.0
66405.0 2555.0 13.0
66431.0 2556.0 13.0
66483.0 2558.0 13.0
66665.0 2565.0 13.0
66899.0 2574.0 13.0
67237.0 2587.0 13.0
67289.0 2589.0 13.0
67471.0 2596.0 13.0
67705.0 2605.0 13.0
67887.0 2612.0 13.0
67939.0 2614.0 13.0
67965.0 2615.0 13.0
67991.0 2616.0 13.0
68017.0 2617.0 13.0
68043.0 2618.0 13.0
68147.0 2622.0 13.0
68173.0 2623.0 13.0
68303.0 2628.0 13.0
68381.0 2631.0 13.0
68511.0 2636.0 13.0
68563.0 2638.0 13.0
68927.0 2652.0 13.0
68953.0 2653.0 13.0
68979.0 2654.0 13.0
69343.0 2668.0 13.0
69499.0 2674.0 13.0
69759.0 2684.0 13.0
69785.0 2685.0 13.0
69837.0 2687.0 13.0
70175.0 2700.0 13.0
70279.0 2704.0 13.0
70279.0 2704.0 13.0
70305.0 2705.0 13.0
70461.0 2711.0 13.0
70565.0 2715.0 13.0
70565.0 2715.0 13.0
70773.0 2723.0 13.0
71163.0 2738.0 13.0
71189.0 2739.0 13.0
71267.0 2742.0 13.0
71267.0 2742.0 13.0
71397.0 2747.0 13.0
71423.0 2748.0 13.0
71475.0 2750.0 13.0
71527.0 2752.0 13.0
71657.0 2757.0 13.0
71943.0 2768.0 13.0
72021.0 2771.0 13.0
72411.0 2786.0 13.0
72593.0 2793.0 13.0
72645.0 2795.0 13.0
72723.0 2798.0 13.0
72879.0 2804.0 13.0
72905.0 2805.0 13.0
73061.0 2811.0 13.0
73113.0 2813.0 13.0
73191.0 2816.0 13.0
73269.0 2819.0 13.0
73789.0 2839.0 13.0
73789.0 2839.0 13.0
74127.0 2852.0 13.0
74153.0 2853.0 13.0
74283.0 2858.0 13.0
74413.0 2863.0 13.0
74725.0 2875.0 13.0
75063.0 2888.0 13.0
75167.0 2892.0 13.0
75167.0 2892.0 13.0
75271.0 2896.0 13.0
75375.0 2900.0 13.0
75401.0 2901.0 13.0
75583.0 2908.0 13.0
75583.0 2908.0 13.0
76311.0 2936.0 13.0
76363.0 2938.0 13.0
76441.0 2941.0 13.0
76857.0 2957.0 13.0
78235.0 3010.0 13.0
78287.0 3012.0 13.0
78677.0 3027.0 13.0
79119.0 3044.0 13.0
79249.0 3049.0 13.0
79509.0 3059.0 13.0
79951.0 3076.0 13.0
80211.0 3086.0 13.0
80315.0 3090.0 13.0
80497.0 3097.0 13.0
86009.0 3309.0 13.0
86347.0 3322.0 13.0
92795.0 3570.0 13.0
97345.0 3745.0 13.0
