rev2
2194375.0 84400.0 13.0
2204853.0 84803.0 13.0
2225185.0 85585.0 13.0
2261091.0 86966.0 13.0
2263821.0 87071.0 13.0
2281215.0 87740.0 13.0
2282749.0 87799.0 13.0
2286233.0 87933.0 13.0
2290497.0 88097.0 13.0
2291121.0 88121.0 13.0
2292265.0 88165.0 13.0
2293825.0 88225.0 13.0
2299597.0 88447.0 13.0
2302899.0 88574.0 13.0
2308307.0 88782.0 13.0
2308749.0 88799.0 13.0
2308957.0 88807.0 13.0
2309191.0 88816.0 13.0
2315197.0 89047.0 13.0
2316263.0 89088.0 13.0
2317303.0 89128.0 13.0
2331109.0 89659.0 13.0
2332461.0 89711.0 13.0
2332539.0 89714.0 13.0
2332903.0 89728.0 13.0
2334983.0 89808.0 13.0
2335399.0 89824.0 13.0
2343121.0 90121.0 13.0
2349803.0 90378.0 13.0
2351259.0 90434.0 13.0
2352221.0 90471.0 13.0
2354561.0 90561.0 13.0
2356719.0 90644.0 13.0
2357343.0 90668.0 13.0
2360021.0 90771.0 13.0
2361503.0 90828.0 13.0
2365819.0 90994.0 13.0
2367431.0 91056.0 13.0
2372397.0 91247.0 13.0
2377961.0 91461.0 13.0
2385215.0 91740.0 13.0
2390155.0 91930.0 13.0
2395589.0 92139.0 13.0
2395615.0 92140.0 13.0
2398631.0 92256.0 13.0
2400685.0 92335.0 13.0
2402245.0 92395.0 13.0
2405105.0 92505.0 13.0
2405391.0 92516.0 13.0
2407757.0 92607.0 13.0
2411007.0 92732.0 13.0
2411553.0 92753.0 13.0
2411917.0 92767.0 13.0
2413243.0 92818.0 13.0
2417221.0 92971.0 13.0
2419119.0 93044.0 13.0
2425047.0 93272.0 13.0
2426139.0 93314.0 13.0
2426711.0 93336.0 13.0
2427309.0 93359.0 13.0
2430143.0 93468.0 13.0
2432951.0 93576.0 13.0
2433809.0 93609.0 13.0
2447303.0 94128.0 13.0
2447537.0 94137.0 13.0
2452633.0 94333.0 13.0
2453101.0 94351.0 13.0
2454193.0 94393.0 13.0
2454635.0 94410.0 13.0
2457573.0 94523.0 13.0
2460095.0 94620.0 13.0
2460537.0 94637.0 13.0
2464073.0 94773.0 13.0
2464255.0 94780.0 13.0
2465659.0 94834.0 13.0
2465815.0 94840.0 13.0
2470079.0 95004.0 13.0
2473589.0 95139.0 13.0
2476475.0 95250.0 13.0
2482429.0 95479.0 13.0
2482819.0 95494.0 13.0
2495143.0 95968.0 13.0
2499901.0 96151.0 13.0
2518205.0 96855.0 13.0
2524393.0 97093.0 13.0
2530503.0 97328.0 13.0
2543529.0 97829.0 13.0
2561443.0 98518.0 13.0
2562145.0 98545.0 13.0
2596933.0 99883.0 13.0
2601639.0 100064.0 13.0
2609387.0 100362.0 13.0
2637025.0 101425.0 13.0
2673165.0 102815.0 13.0
2695369.0 103669.0 13.0
2718093.0 104543.0 13.0
2739751.0 105376.0 13.0
2791413.0 107363.0 13.0
2797393.0 107593.0 13.0
2820195.0 108470.0 13.0
