rev4
198718.0 7644.0 13.0
199108.0 7659.0 13.0
199967.0 7692.0 13.0
200916.0 7729.0 13.0
201020.0 7733.0 13.0
201708.0 7759.0 13.0
201734.0 7760.0 13.0
202904.0 7805.0 13.0
202929.0 7806.0 13.0
202931.0 7806.0 13.0
203008.0 7809.0 13.0
203840.0 7841.0 13.0
203892.0 7843.0 13.0
204672.0 7873.0 13.0
204750.0 7876.0 13.0
204789.0 7878.0 13.0
204842.0 7880.0 13.0
205583.0 7908.0 13.0
205815.0 7918.0 13.0
205882.0 7920.0 13.0
206466.0 7942.0 13.0
207192.0 7970.0 13.0
207257.0 7973.0 13.0
207297.0 7974.0 13.0
207325.0 7975.0 13.0
207377.0 7977.0 13.0
207688.0 7989.0 13.0
207790.0 7993.0 13.0
209379.0 8054.0 13.0
209639.0 8064.0 13.0
209951.0 8076.0 13.0
209977.0 8077.0 13.0
210224.0 8087.0 13.0
210834.0 8110.0 13.0
211393.0 8132.0 13.0
211901.0 8151.0 13.0
211901.0 8151.0 13.0
212316.0 8167.0 13.0
212512.0 8175.0 13.0
212642.0 8180.0 13.0
212965.0 8192.0 13.0
213509.0 8214.0 13.0
213669.0 8219.0 13.0
213797.0 8224.0 13.0
213825.0 8225.0 13.0
214265.0 8242.0 13.0
214384.0 8247.0 13.0
214785.0 8262.0 13.0
214891.0 8266.0 13.0
214942.0 8268.0 13.0
215021.0 8271.0 13.0
215073.0 8273.0 13.0
215175.0 8277.0 13.0
215372.0 8285.0 13.0
216164.0 8315.0 13.0
216359.0 8323.0 13.0
216997.0 8347.0 13.0
217590.0 8370.0 13.0
217959.0 8384.0 13.0
218349.0 8399.0 13.0
218529.0 8406.0 13.0
218908.0 8421.0 13.0
219672.0 8450.0 13.0
220455.0 8480.0 13.0
220637.0 8487.0 13.0
220674.0 8489.0 13.0
220714.0 8491.0 13.0
221144.0 8507.0 13.0
221413.0 8517.0 13.0
221623.0 8525.0 13.0
221831.0 8533.0 13.0
221858.0 8534.0 13.0
221898.0 8537.0 13.0
223782.0 8608.0 13.0
223808.0 8610.0 13.0
224171.0 8623.0 13.0
224743.0 8645.0 13.0
225317.0 8667.0 13.0
225706.0 8682.0 13.0
225810.0 8686.0 13.0
226279.0 8704.0 13.0
226796.0 8724.0 13.0
228801.0 8801.0 13.0
229450.0 8826.0 13.0
231346.0 8899.0 13.0
231361.0 8900.0 13.0
231791.0 8916.0 13.0
232894.0 8959.0 13.0
233740.0 8991.0 13.0
236549.0 9099.0 13.0
236574.0 9100.0 13.0
238420.0 9171.0 13.0
238497.0 9174.0 13.0
244062.0 9388.0 13.0
244564.0 9408.0 13.0
245571.0 9446.0 13.0
246136.0 9469.0 13.0
249809.0 9609.0 13.0
250471.0 9635.0 13.0
251107.0 9659.0 13.0
