rev4
816835.0 31418.0 13.0
821780.0 31610.0 13.0
824663.0 31720.0 13.0
825808.0 31763.0 13.0
827033.0 31811.0 13.0
828641.0 31873.0 13.0
831946.0 31999.0 13.0
832544.0 32022.0 13.0
833788.0 32071.0 13.0
834215.0 32088.0 13.0
834612.0 32102.0 13.0
836203.0 32163.0 13.0
837171.0 32200.0 13.0
837273.0 32204.0 13.0
839124.0 32275.0 13.0
843620.0 32449.0 13.0
843719.0 32452.0 13.0
846156.0 32546.0 13.0
846651.0 32565.0 13.0
846817.0 32573.0 13.0
850262.0 32704.0 13.0
851563.0 32754.0 13.0
852201.0 32779.0 13.0
852512.0 32790.0 13.0
852536.0 32791.0 13.0
853293.0 32820.0 13.0
855033.0 32887.0 13.0
855060.0 32889.0 13.0
855165.0 32892.0 13.0
855687.0 32912.0 13.0
855993.0 32924.0 13.0
856283.0 32935.0 13.0
857161.0 32970.0 13.0
857270.0 32973.0 13.0
857504.0 32983.0 13.0
857978.0 33001.0 13.0
858582.0 33025.0 13.0
861154.0 33124.0 13.0
861302.0 33128.0 13.0
862209.0 33163.0 13.0
863897.0 33228.0 13.0
864744.0 33262.0 13.0
866515.0 33329.0 13.0
866526.0 33329.0 13.0
867165.0 33354.0 13.0
868595.0 33409.0 13.0
871192.0 33509.0 13.0
873493.0 33598.0 13.0
874858.0 33650.0 13.0
875203.0 33663.0 13.0
876637.0 33718.0 13.0
881380.0 33901.0 13.0
882128.0 33929.0 13.0
882362.0 33939.0 13.0
883493.0 33982.0 13.0
883752.0 33993.0 13.0
883818.0 33995.0 13.0
884398.0 34017.0 13.0
885193.0 34048.0 13.0
886335.0 34091.0 13.0
887867.0 34152.0 13.0
887975.0 34155.0 13.0
889479.0 34213.0 13.0
889576.0 34217.0 13.0
890964.0 34269.0 13.0
892552.0 34330.0 13.0
893772.0 34378.0 13.0
895569.0 34446.0 13.0
897230.0 34510.0 13.0
897779.0 34531.0 13.0
898141.0 34546.0 13.0
900243.0 34626.0 13.0
900416.0 34635.0 13.0
901401.0 34671.0 13.0
902356.0 34707.0 13.0
902431.0 34711.0 13.0
903431.0 34749.0 13.0
905097.0 34813.0 13.0
905663.0 34835.0 13.0
905733.0 34837.0 13.0
906981.0 34885.0 13.0
908904.0 34959.0 13.0
908958.0 34961.0 13.0
910934.0 35038.0 13.0
912495.0 35098.0 13.0
913921.0 35153.0 13.0
914600.0 35179.0 13.0
918225.0 35319.0 13.0
925812.0 35610.0 13.0
929911.0 35768.0 13.0
933686.0 35913.0 13.0
934064.0 35927.0 13.0
941329.0 36207.0 13.0
944460.0 36327.0 13.0
951298.0 36590.0 13.0
963609.0 37063.0 13.0
964010.0 37079.0 13.0
986398.0 37940.0 13.0
1029999.0 39617.0 13.0
1056764.0 40646.0 13.0
