rev2
31279.0 1204.0 13.0
31409.0 1209.0 13.0
31539.0 1214.0 13.0
31617.0 1217.0 13.0
31825.0 1225.0 13.0
31955.0 1230.0 13.0
32163.0 1238.0 13.0
32215.0 1240.0 13.0
32345.0 1245.0 13.0
32371.0 1246.0 13.0
32449.0 1249.0 13.0
32475.0 1250.0 13.0
32553.0 1253.0 13.0
32605.0 1255.0 13.0
32709.0 1259.0 13.0
32787.0 1262.0 13.0
32787.0 1262.0 13.0
32891.0 1266.0 13.0
33151.0 1276.0 13.0
33281.0 1281.0 13.0
33359.0 1284.0 13.0
33463.0 1288.0 13.0
33593.0 1293.0 13.0
33619.0 1294.0 13.0
33801.0 1301.0 13.0
33827.0 1302.0 13.0
33853.0 1303.0 13.0
33957.0 1307.0 13.0
34035.0 1310.0 13.0
34373.0 1323.0 13.0
34425.0 1325.0 13.0
34607.0 1332.0 13.0
34607.0 1332.0 13.0
34633.0 1333.0 13.0
34659.0 1334.0 13.0
34685.0 1335.0 13.0
34841.0 1341.0 13.0
34841.0 1341.0 13.0
34945.0 1345.0 13.0
34997.0 1347.0 13.0
34997.0 1347.0 13.0
35075.0 1350.0 13.0
35179.0 1354.0 13.0
35205.0 1355.0 13.0
35231.0 1356.0 13.0
35231.0 1356.0 13.0
35231.0 1356.0 13.0
35309.0 1359.0 13.0
35413.0 1363.0 13.0
35439.0 1364.0 13.0
35777.0 1377.0 13.0
35803.0 1378.0 13.0
35907.0 1382.0 13.0
36037.0 1387.0 13.0
36063.0 1388.0 13.0
36063.0 1388.0 13.0
36141.0 1391.0 13.0
36193.0 1393.0 13.0
36193.0 1393.0 13.0
36271.0 1396.0 13.0
36323.0 1398.0 13.0
36323.0 1398.0 13.0
36453.0 1403.0 13.0
36453.0 1403.0 13.0
36635.0 1410.0 13.0
36739.0 1414.0 13.0
36739.0 1414.0 13.0
36765.0 1415.0 13.0
36791.0 1416.0 13.0
36843.0 1418.0 13.0
36869.0 1419.0 13.0
37155.0 1430.0 13.0
37207.0 1432.0 13.0
37467.0 1442.0 13.0
37493.0 1443.0 13.0
37545.0 1445.0 13.0
37623.0 1448.0 13.0
37649.0 1449.0 13.0
37857.0 1457.0 13.0
37909.0 1459.0 13.0
38013.0 1463.0 13.0
38455.0 1480.0 13.0
38559.0 1484.0 13.0
38689.0 1489.0 13.0
38715.0 1490.0 13.0
38715.0 1490.0 13.0
39131.0 1506.0 13.0
39261.0 1511.0 13.0
39287.0 1512.0 13.0
39729.0 1529.0 13.0
39911.0 1536.0 13.0
39989.0 1539.0 13.0
40119.0 1544.0 13.0
40405.0 1555.0 13.0
41835.0 1610.0 13.0
41861.0 1611.0 13.0
41939.0 1614.0 13.0
41991.0 1616.0 13.0
42563.0 1638.0 13.0
43681.0 1681.0 13.0
