rev2
131249.0 5049.0 13.0
131977.0 5077.0 13.0
132081.0 5081.0 13.0
132601.0 5101.0 13.0
132757.0 5107.0 13.0
133511.0 5136.0 13.0
133563.0 5138.0 13.0
134057.0 5157.0 13.0
134733.0 5183.0 13.0
134967.0 5192.0 13.0
134993.0 5193.0 13.0
135019.0 5194.0 13.0
135149.0 5199.0 13.0
135253.0 5203.0 13.0
135565.0 5215.0 13.0
136215.0 5240.0 13.0
136241.0 5241.0 13.0
136527.0 5252.0 13.0
136865.0 5265.0 13.0
137203.0 5278.0 13.0
137307.0 5282.0 13.0
137359.0 5284.0 13.0
137463.0 5288.0 13.0
137671.0 5296.0 13.0
138009.0 5309.0 13.0
138035.0 5310.0 13.0
138061.0 5311.0 13.0
139465.0 5365.0 13.0
139673.0 5373.0 13.0
139751.0 5376.0 13.0
139803.0 5378.0 13.0
140297.0 5397.0 13.0
141207.0 5432.0 13.0
141805.0 5455.0 13.0
142351.0 5476.0 13.0
142637.0 5487.0 13.0
142663.0 5488.0 13.0
142793.0 5493.0 13.0
142975.0 5500.0 13.0
143261.0 5511.0 13.0
143495.0 5520.0 13.0
143573.0 5523.0 13.0
143599.0 5524.0 13.0
143911.0 5536.0 13.0
144015.0 5540.0 13.0
144509.0 5559.0 13.0
144535.0 5560.0 13.0
144613.0 5563.0 13.0
144899.0 5574.0 13.0
145237.0 5587.0 13.0
145341.0 5591.0 13.0
145393.0 5593.0 13.0
145497.0 5597.0 13.0
146277.0 5627.0 13.0
146771.0 5646.0 13.0
146927.0 5652.0 13.0
146953.0 5653.0 13.0
147057.0 5657.0 13.0
148019.0 5694.0 13.0
148123.0 5698.0 13.0
148331.0 5706.0 13.0
148409.0 5709.0 13.0
148487.0 5712.0 13.0
148487.0 5712.0 13.0
148643.0 5718.0 13.0
149111.0 5736.0 13.0
149423.0 5748.0 13.0
149865.0 5765.0 13.0
150307.0 5782.0 13.0
150333.0 5783.0 13.0
150333.0 5783.0 13.0
150801.0 5801.0 13.0
151035.0 5810.0 13.0
151165.0 5815.0 13.0
151243.0 5818.0 13.0
151243.0 5818.0 13.0
151997.0 5847.0 13.0
152387.0 5862.0 13.0
152543.0 5868.0 13.0
152777.0 5877.0 13.0
153193.0 5893.0 13.0
153297.0 5897.0 13.0
153375.0 5900.0 13.0
153713.0 5913.0 13.0
153843.0 5918.0 13.0
153869.0 5919.0 13.0
154519.0 5944.0 13.0
155091.0 5966.0 13.0
157639.0 6064.0 13.0
157847.0 6072.0 13.0
158627.0 6102.0 13.0
160863.0 6188.0 13.0
161019.0 6194.0 13.0
161019.0 6194.0 13.0
161617.0 6217.0 13.0
162397.0 6247.0 13.0
162553.0 6253.0 13.0
165049.0 6349.0 13.0
170171.0 6546.0 13.0
178361.0 6861.0 13.0
