rev2
9245653.0 355603.0 13.0
9281013.0 356963.0 13.0
9320221.0 358471.0 13.0
9338031.0 359156.0 13.0
9340865.0 359265.0 13.0
9341021.0 359271.0 13.0
9358961.0 359961.0 13.0
9388003.0 361078.0 13.0
9393515.0 361290.0 13.0
9428641.0 362641.0 13.0
9502195.0 365470.0 13.0
9508903.0 365728.0 13.0
9509631.0 365756.0 13.0
9513609.0 365909.0 13.0
9523411.0 366286.0 13.0
9550737.0 367337.0 13.0
9565245.0 367895.0 13.0
9613085.0 369735.0 13.0
9627775.0 370300.0 13.0
9627853.0 370303.0 13.0
9631155.0 370430.0 13.0
9631493.0 370443.0 13.0
9632533.0 370483.0 13.0
9635783.0 370608.0 13.0
9639735.0 370760.0 13.0
9641607.0 370832.0 13.0
9652319.0 371244.0 13.0
9658351.0 371476.0 13.0
9664175.0 371700.0 13.0
9669115.0 371890.0 13.0
9679125.0 372275.0 13.0
9679619.0 372294.0 13.0
9694335.0 372860.0 13.0
9745347.0 374822.0 13.0
9759699.0 375374.0 13.0
9774909.0 375959.0 13.0
9776417.0 376017.0 13.0
9784321.0 376321.0 13.0
9800909.0 376959.0 13.0
9818849.0 377649.0 13.0
9821969.0 377769.0 13.0
9848047.0 378772.0 13.0
9889257.0 380357.0 13.0
9901477.0 380827.0 13.0
9908523.0 381098.0 13.0
9910005.0 381155.0 13.0
9913619.0 381294.0 13.0
9929245.0 381895.0 13.0
9934809.0 382109.0 13.0
9960939.0 383114.0 13.0
9964891.0 383266.0 13.0
9974199.0 383624.0 13.0
9979945.0 383845.0 13.0
9992373.0 384323.0 13.0
9993361.0 384361.0 13.0
1.0031165E7 385815.0 13.0
1.0032907E7 385882.0 13.0
1.0050873E7 386573.0 13.0
1.0070503E7 387328.0 13.0
1.0075781E7 387531.0 13.0
1.0110361E7 388861.0 13.0
1.0149959E7 390384.0 13.0
1.0164103E7 390928.0 13.0
1.0176609E7 391409.0 13.0
1.0188777E7 391877.0 13.0
1.0202791E7 392416.0 13.0
1.0204715E7 392490.0 13.0
1.0223253E7 393203.0 13.0
1.0224943E7 393268.0 13.0
1.0230273E7 393473.0 13.0
1.0239971E7 393846.0 13.0
1.0272289E7 395089.0 13.0
1.0279855E7 395380.0 13.0
1.0288071E7 395696.0 13.0
1.0329099E7 397274.0 13.0
1.0358505E7 398405.0 13.0
1.0361547E7 398522.0 13.0
1.0370725E7 398875.0 13.0
1.0402575E7 400100.0 13.0
1.0441211E7 401586.0 13.0
1.0450727E7 401952.0 13.0
1.0452755E7 402030.0 13.0
1.0466275E7 402550.0 13.0
1.0471501E7 402751.0 13.0
1.0490975E7 403500.0 13.0
1.0521655E7 404680.0 13.0
1.0538997E7 405347.0 13.0
1.0586083E7 407158.0 13.0
1.0586525E7 407175.0 13.0
1.0643075E7 409350.0 13.0
1.0833603E7 416678.0 13.0
1.0853233E7 417433.0 13.0
1.0923225E7 420125.0 13.0
1.1061415E7 425440.0 13.0
1.1169913E7 429613.0 13.0
1.1340629E7 436179.0 13.0
1.1393279E7 438204.0 13.0
1.1447853E7 440303.0 13.0
1.1451077E7 440427.0 13.0
1.1648339E7 448014.0 13.0
