rev2
538643.0 20718.0 13.0
545559.0 20984.0 13.0
553723.0 21298.0 13.0
557571.0 21446.0 13.0
557701.0 21451.0 13.0
558533.0 21483.0 13.0
559651.0 21526.0 13.0
560197.0 21547.0 13.0
560457.0 21557.0 13.0
561653.0 21603.0 13.0
561783.0 21608.0 13.0
561835.0 21610.0 13.0
563525.0 21675.0 13.0
563655.0 21680.0 13.0
563681.0 21681.0 13.0
564279.0 21704.0 13.0
564461.0 21711.0 13.0
564565.0 21715.0 13.0
564851.0 21726.0 13.0
566385.0 21785.0 13.0
567425.0 21825.0 13.0
567503.0 21828.0 13.0
568829.0 21879.0 13.0
570415.0 21940.0 13.0
571117.0 21967.0 13.0
571663.0 21988.0 13.0
572105.0 22005.0 13.0
572495.0 22020.0 13.0
572885.0 22035.0 13.0
573431.0 22056.0 13.0
574419.0 22094.0 13.0
574419.0 22094.0 13.0
575329.0 22129.0 13.0
575875.0 22150.0 13.0
576551.0 22176.0 13.0
576577.0 22177.0 13.0
576941.0 22191.0 13.0
577175.0 22200.0 13.0
577851.0 22226.0 13.0
580217.0 22317.0 13.0
581179.0 22354.0 13.0
582115.0 22390.0 13.0
582349.0 22399.0 13.0
584143.0 22468.0 13.0
585287.0 22512.0 13.0
588121.0 22621.0 13.0
588719.0 22644.0 13.0
589109.0 22659.0 13.0
589161.0 22661.0 13.0
590227.0 22702.0 13.0
590747.0 22722.0 13.0
590903.0 22728.0 13.0
593399.0 22824.0 13.0
593659.0 22834.0 13.0
594387.0 22862.0 13.0
594803.0 22878.0 13.0
595089.0 22889.0 13.0
596077.0 22927.0 13.0
596155.0 22930.0 13.0
596519.0 22944.0 13.0
597091.0 22966.0 13.0
597247.0 22972.0 13.0
597377.0 22977.0 13.0
597585.0 22985.0 13.0
598339.0 23014.0 13.0
599431.0 23056.0 13.0
600055.0 23080.0 13.0
600783.0 23108.0 13.0
602499.0 23174.0 13.0
602733.0 23183.0 13.0
603045.0 23195.0 13.0
606217.0 23317.0 13.0
606815.0 23340.0 13.0
608115.0 23390.0 13.0
609129.0 23429.0 13.0
609701.0 23451.0 13.0
610351.0 23476.0 13.0
612561.0 23561.0 13.0
613237.0 23587.0 13.0
615109.0 23659.0 13.0
616201.0 23701.0 13.0
618177.0 23777.0 13.0
619451.0 23826.0 13.0
624183.0 24008.0 13.0
626185.0 24085.0 13.0
626315.0 24090.0 13.0
632295.0 24320.0 13.0
633075.0 24350.0 13.0
636767.0 24492.0 13.0
639003.0 24578.0 13.0
640589.0 24639.0 13.0
642929.0 24729.0 13.0
655669.0 25219.0 13.0
659257.0 25357.0 13.0
677743.0 26068.0 13.0
679121.0 26121.0 13.0
680005.0 26155.0 13.0
684347.0 26322.0 13.0
685491.0 26366.0 13.0
740871.0 28496.0 13.0
