rev4
2341.0 91.0 13.0
2523.0 98.0 13.0
2549.0 99.0 13.0
2575.0 100.0 13.0
2601.0 101.0 13.0
2731.0 106.0 13.0
2757.0 107.0 13.0
2757.0 107.0 13.0
2834.0 110.0 13.0
2835.0 110.0 13.0
2835.0 110.0 13.0
2835.0 110.0 13.0
2861.0 111.0 13.0
2861.0 111.0 13.0
2861.0 111.0 13.0
2887.0 112.0 13.0
2913.0 113.0 13.0
2913.0 113.0 13.0
2913.0 113.0 13.0
2939.0 114.0 13.0
2939.0 114.0 13.0
2939.0 114.0 13.0
2965.0 115.0 13.0
2965.0 115.0 13.0
3017.0 117.0 13.0
3017.0 117.0 13.0
3017.0 117.0 13.0
3017.0 117.0 13.0
3017.0 117.0 13.0
3043.0 118.0 13.0
3069.0 119.0 13.0
3095.0 120.0 13.0
3095.0 120.0 13.0
3095.0 120.0 13.0
3121.0 121.0 13.0
3121.0 121.0 13.0
3121.0 121.0 13.0
3121.0 121.0 13.0
3121.0 121.0 13.0
3147.0 122.0 13.0
3147.0 122.0 13.0
3147.0 122.0 13.0
3147.0 122.0 13.0
3173.0 123.0 13.0
3199.0 124.0 13.0
3225.0 125.0 13.0
3225.0 125.0 13.0
3225.0 125.0 13.0
3251.0 126.0 13.0
3251.0 126.0 13.0
3251.0 126.0 13.0
3251.0 126.0 13.0
3277.0 127.0 13.0
3277.0 127.0 13.0
3303.0 128.0 13.0
3329.0 129.0 13.0
3355.0 130.0 13.0
3355.0 130.0 13.0
3381.0 131.0 13.0
3381.0 131.0 13.0
3406.0 132.0 13.0
3407.0 132.0 13.0
3407.0 132.0 13.0
3433.0 133.0 13.0
3433.0 133.0 13.0
3485.0 135.0 13.0
3485.0 135.0 13.0
3485.0 135.0 13.0
3485.0 135.0 13.0
3511.0 136.0 13.0
3511.0 136.0 13.0
3563.0 138.0 13.0
3563.0 138.0 13.0
3563.0 138.0 13.0
3589.0 139.0 13.0
3615.0 140.0 13.0
3615.0 140.0 13.0
3640.0 141.0 13.0
3641.0 141.0 13.0
3641.0 141.0 13.0
3667.0 142.0 13.0
3693.0 143.0 13.0
3693.0 143.0 13.0
3719.0 144.0 13.0
3745.0 145.0 13.0
3771.0 146.0 13.0
3797.0 147.0 13.0
3797.0 147.0 13.0
3823.0 148.0 13.0
3875.0 150.0 13.0
3901.0 151.0 13.0
3953.0 153.0 13.0
4083.0 158.0 13.0
4109.0 159.0 13.0
4213.0 163.0 13.0
4317.0 167.0 13.0
4317.0 167.0 13.0
4421.0 171.0 13.0
4733.0 183.0 13.0
4863.0 188.0 13.0
