rev2
15185.0 585.0 13.0
15289.0 589.0 13.0
15471.0 596.0 13.0
15497.0 597.0 13.0
15653.0 603.0 13.0
15731.0 606.0 13.0
15809.0 609.0 13.0
15861.0 611.0 13.0
16069.0 619.0 13.0
16069.0 619.0 13.0
16069.0 619.0 13.0
16121.0 621.0 13.0
16225.0 625.0 13.0
16251.0 626.0 13.0
16277.0 627.0 13.0
16329.0 629.0 13.0
16355.0 630.0 13.0
16433.0 633.0 13.0
16485.0 635.0 13.0
16511.0 636.0 13.0
16537.0 637.0 13.0
16771.0 646.0 13.0
16771.0 646.0 13.0
16849.0 649.0 13.0
16875.0 650.0 13.0
16927.0 652.0 13.0
16979.0 654.0 13.0
16979.0 654.0 13.0
17031.0 656.0 13.0
17031.0 656.0 13.0
17057.0 657.0 13.0
17057.0 657.0 13.0
17057.0 657.0 13.0
17083.0 658.0 13.0
17135.0 660.0 13.0
17187.0 662.0 13.0
17213.0 663.0 13.0
17213.0 663.0 13.0
17239.0 664.0 13.0
17265.0 665.0 13.0
17291.0 666.0 13.0
17369.0 669.0 13.0
17421.0 671.0 13.0
17421.0 671.0 13.0
17525.0 675.0 13.0
17551.0 676.0 13.0
17577.0 677.0 13.0
17629.0 679.0 13.0
17655.0 680.0 13.0
17655.0 680.0 13.0
17733.0 683.0 13.0
17811.0 686.0 13.0
17837.0 687.0 13.0
17837.0 687.0 13.0
17915.0 690.0 13.0
17915.0 690.0 13.0
17967.0 692.0 13.0
18019.0 694.0 13.0
18045.0 695.0 13.0
18149.0 699.0 13.0
18149.0 699.0 13.0
18175.0 700.0 13.0
18227.0 702.0 13.0
18305.0 705.0 13.0
18357.0 707.0 13.0
18461.0 711.0 13.0
18487.0 712.0 13.0
18539.0 714.0 13.0
18565.0 715.0 13.0
18617.0 717.0 13.0
18643.0 718.0 13.0
18721.0 721.0 13.0
18825.0 725.0 13.0
18851.0 726.0 13.0
18955.0 730.0 13.0
19007.0 732.0 13.0
19033.0 733.0 13.0
19033.0 733.0 13.0
19085.0 735.0 13.0
19241.0 741.0 13.0
19293.0 743.0 13.0
19319.0 744.0 13.0
19423.0 748.0 13.0
19501.0 751.0 13.0
19527.0 752.0 13.0
19813.0 763.0 13.0
19891.0 766.0 13.0
19969.0 769.0 13.0
19995.0 770.0 13.0
20021.0 771.0 13.0
20125.0 775.0 13.0
20177.0 777.0 13.0
20281.0 781.0 13.0
20385.0 785.0 13.0
20385.0 785.0 13.0
20541.0 791.0 13.0
20723.0 798.0 13.0
20775.0 800.0 13.0
22595.0 870.0 13.0
23089.0 889.0 13.0
