rev4
1.3643547E7 524763.0 13.0
1.371344E7 527449.0 13.0
1.3834939E7 532128.0 13.0
1.3895013E7 534437.0 13.0
1.3930309E7 535798.0 13.0
1.394046E7 536183.0 13.0
1.3955658E7 536766.0 13.0
1.3990613E7 538112.0 13.0
1.4004591E7 538651.0 13.0
1.4025128E7 539438.0 13.0
1.4059279E7 540754.0 13.0
1.4063074E7 540899.0 13.0
1.4078014E7 541473.0 13.0
1.4088854E7 541888.0 13.0
1.4116151E7 542938.0 13.0
1.4122963E7 543205.0 13.0
1.4174728E7 545193.0 13.0
1.4187132E7 545668.0 13.0
1.4196684E7 546037.0 13.0
1.4210996E7 546588.0 13.0
1.4273807E7 549001.0 13.0
1.4283306E7 549372.0 13.0
1.4339034E7 551511.0 13.0
1.4361963E7 552394.0 13.0
1.43626E7 552419.0 13.0
1.4368823E7 552657.0 13.0
1.4376325E7 552944.0 13.0
1.438099E7 553130.0 13.0
1.438944E7 553451.0 13.0
1.4396433E7 553723.0 13.0
1.4403486E7 553996.0 13.0
1.4415262E7 554448.0 13.0
1.4418912E7 554583.0 13.0
1.4454351E7 555946.0 13.0
1.445965E7 556154.0 13.0
1.4462369E7 556256.0 13.0
1.4463571E7 556303.0 13.0
1.447304E7 556664.0 13.0
1.4495665E7 557537.0 13.0
1.4521192E7 558519.0 13.0
1.4538628E7 559186.0 13.0
1.4557596E7 559919.0 13.0
1.4576777E7 560655.0 13.0
1.457991E7 560776.0 13.0
1.462433E7 562485.0 13.0
1.4642846E7 563200.0 13.0
1.4659689E7 563847.0 13.0
1.4673311E7 564369.0 13.0
1.4682752E7 564733.0 13.0
1.4689509E7 564995.0 13.0
1.4712729E7 565885.0 13.0
1.4714038E7 565941.0 13.0
1.4717052E7 566053.0 13.0
1.47194E7 566141.0 13.0
1.4737651E7 566843.0 13.0
1.4747689E7 567235.0 13.0
1.4787184E7 568755.0 13.0
1.4798881E7 569200.0 13.0
1.4802113E7 569323.0 13.0
1.4851108E7 571206.0 13.0
1.4855693E7 571390.0 13.0
1.4857224E7 571445.0 13.0
1.4887137E7 572593.0 13.0
1.4906406E7 573336.0 13.0
1.4909363E7 573452.0 13.0
1.4941224E7 574675.0 13.0
1.4947191E7 574905.0 13.0
1.4952403E7 575106.0 13.0
1.498643E7 576414.0 13.0
1.4999648E7 576922.0 13.0
1.5033175E7 578211.0 13.0
1.5054154E7 579019.0 13.0
1.5076596E7 579882.0 13.0
1.5103731E7 580923.0 13.0
1.5147026E7 582592.0 13.0
1.5161475E7 583146.0 13.0
1.5183789E7 584008.0 13.0
1.5192062E7 584324.0 13.0
1.5203588E7 584764.0 13.0
1.5219773E7 585392.0 13.0
1.5229422E7 585762.0 13.0
1.5257306E7 586835.0 13.0
1.5353436E7 590528.0 13.0
1.5356146E7 590633.0 13.0
1.5384841E7 591737.0 13.0
1.5397798E7 592233.0 13.0
1.5518804E7 596893.0 13.0
1.5526358E7 597180.0 13.0
1.5544401E7 597870.0 13.0
1.5583431E7 599375.0 13.0
1.5640559E7 601573.0 13.0
1.5731322E7 605064.0 13.0
1.5743668E7 605534.0 13.0
1.5859305E7 609986.0 13.0
1.5952367E7 613566.0 13.0
1.5994515E7 615184.0 13.0
1.6215865E7 623700.0 13.0
1.626336E7 625527.0 13.0
1.6907487E7 650301.0 13.0
1.7072277E7 656639.0 13.0
