rev2
6969.0 269.0 13.0
7021.0 271.0 13.0
7307.0 282.0 13.0
7307.0 282.0 13.0
7333.0 283.0 13.0
7385.0 285.0 13.0
7463.0 288.0 13.0
7541.0 291.0 13.0
7541.0 291.0 13.0
7541.0 291.0 13.0
7567.0 292.0 13.0
7593.0 293.0 13.0
7619.0 294.0 13.0
7697.0 297.0 13.0
7697.0 297.0 13.0
7749.0 299.0 13.0
7749.0 299.0 13.0
7801.0 301.0 13.0
7853.0 303.0 13.0
7905.0 305.0 13.0
7931.0 306.0 13.0
8009.0 309.0 13.0
8009.0 309.0 13.0
8035.0 310.0 13.0
8035.0 310.0 13.0
8035.0 310.0 13.0
8061.0 311.0 13.0
8139.0 314.0 13.0
8139.0 314.0 13.0
8139.0 314.0 13.0
8165.0 315.0 13.0
8165.0 315.0 13.0
8165.0 315.0 13.0
8217.0 317.0 13.0
8243.0 318.0 13.0
8243.0 318.0 13.0
8243.0 318.0 13.0
8269.0 319.0 13.0
8295.0 320.0 13.0
8321.0 321.0 13.0
8477.0 327.0 13.0
8555.0 330.0 13.0
8555.0 330.0 13.0
8607.0 332.0 13.0
8659.0 334.0 13.0
8685.0 335.0 13.0
8711.0 336.0 13.0
8763.0 338.0 13.0
8841.0 341.0 13.0
8841.0 341.0 13.0
8841.0 341.0 13.0
8867.0 342.0 13.0
8867.0 342.0 13.0
8893.0 343.0 13.0
8893.0 343.0 13.0
8919.0 344.0 13.0
8945.0 345.0 13.0
8945.0 345.0 13.0
8997.0 347.0 13.0
9049.0 349.0 13.0
9075.0 350.0 13.0
9075.0 350.0 13.0
9075.0 350.0 13.0
9075.0 350.0 13.0
9101.0 351.0 13.0
9153.0 353.0 13.0
9153.0 353.0 13.0
9153.0 353.0 13.0
9257.0 357.0 13.0
9309.0 359.0 13.0
9413.0 363.0 13.0
9413.0 363.0 13.0
9413.0 363.0 13.0
9439.0 364.0 13.0
9439.0 364.0 13.0
9465.0 365.0 13.0
9517.0 367.0 13.0
9569.0 369.0 13.0
9647.0 372.0 13.0
9673.0 373.0 13.0
9673.0 373.0 13.0
9777.0 377.0 13.0
9907.0 382.0 13.0
9907.0 382.0 13.0
9933.0 383.0 13.0
10063.0 388.0 13.0
10089.0 389.0 13.0
10089.0 389.0 13.0
10193.0 393.0 13.0
10401.0 401.0 13.0
10427.0 402.0 13.0
10453.0 403.0 13.0
10583.0 408.0 13.0
10635.0 410.0 13.0
10661.0 411.0 13.0
11077.0 427.0 13.0
11337.0 437.0 13.0
11389.0 439.0 13.0
11753.0 453.0 13.0
12039.0 464.0 13.0
