rev4
361421.0 10631.0 17.0
363325.0 10687.0 17.0
364107.0 10710.0 17.0
365161.0 10741.0 17.0
365467.0 10750.0 17.0
366249.0 10773.0 17.0
366453.0 10779.0 17.0
366793.0 10789.0 17.0
367711.0 10816.0 17.0
367779.0 10818.0 17.0
369207.0 10860.0 17.0
369207.0 10860.0 17.0
370023.0 10884.0 17.0
370193.0 10889.0 17.0
370839.0 10908.0 17.0
371145.0 10917.0 17.0
371315.0 10922.0 17.0
371519.0 10928.0 17.0
371519.0 10928.0 17.0
372777.0 10965.0 17.0
372879.0 10968.0 17.0
373151.0 10976.0 17.0
373253.0 10979.0 17.0
373389.0 10983.0 17.0
373559.0 10988.0 17.0
374001.0 11001.0 17.0
374035.0 11002.0 17.0
374067.0 11003.0 17.0
374579.0 11018.0 17.0
374613.0 11019.0 17.0
374613.0 11019.0 17.0
374817.0 11025.0 17.0
374987.0 11030.0 17.0
375463.0 11044.0 17.0
375769.0 11053.0 17.0
376279.0 11068.0 17.0
376619.0 11078.0 17.0
376959.0 11088.0 17.0
376993.0 11089.0 17.0
377163.0 11094.0 17.0
377333.0 11099.0 17.0
377571.0 11106.0 17.0
377639.0 11108.0 17.0
377639.0 11108.0 17.0
377741.0 11111.0 17.0
377809.0 11113.0 17.0
377843.0 11114.0 17.0
377877.0 11115.0 17.0
377979.0 11118.0 17.0
378149.0 11123.0 17.0
378931.0 11146.0 17.0
378999.0 11148.0 17.0
379339.0 11158.0 17.0
379849.0 11173.0 17.0
380529.0 11193.0 17.0
380699.0 11198.0 17.0
380733.0 11199.0 17.0
380971.0 11206.0 17.0
381175.0 11212.0 17.0
381515.0 11222.0 17.0
381617.0 11225.0 17.0
381651.0 11226.0 17.0
381889.0 11233.0 17.0
382297.0 11245.0 17.0
382501.0 11251.0 17.0
383487.0 11280.0 17.0
383521.0 11281.0 17.0
383589.0 11283.0 17.0
383589.0 11283.0 17.0
383895.0 11292.0 17.0
383895.0 11292.0 17.0
384099.0 11298.0 17.0
384643.0 11314.0 17.0
385901.0 11351.0 17.0
386411.0 11366.0 17.0
387057.0 11385.0 17.0
387975.0 11412.0 17.0
388111.0 11416.0 17.0
388655.0 11432.0 17.0
389199.0 11448.0 17.0
389199.0 11448.0 17.0
390491.0 11486.0 17.0
391613.0 11519.0 17.0
391749.0 11523.0 17.0
393959.0 11588.0 17.0
394503.0 11604.0 17.0
394775.0 11612.0 17.0
394945.0 11617.0 17.0
394978.0 11618.0 17.0
395285.0 11627.0 17.0
396713.0 11669.0 17.0
406233.0 11949.0 17.0
406437.0 11955.0 17.0
408545.0 12017.0 17.0
408579.0 12018.0 17.0
410789.0 12083.0 17.0
413781.0 12171.0 17.0
420717.0 12375.0 17.0
423539.0 12458.0 17.0
424219.0 12478.0 17.0
