rev4
1.05202402E8 3094190.0 17.0
1.05263018E8 3095974.0 17.0
1.0547246E8 3102135.0 17.0
1.06008112E8 3117888.0 17.0
1.06359093E8 3128211.0 17.0
1.06365962E8 3128413.0 17.0
1.06595756E8 3135171.0 17.0
1.06634017E8 3136296.0 17.0
1.06733757E8 3139230.0 17.0
1.06850127E8 3142653.0 17.0
1.0708909E8 3149683.0 17.0
1.07205378E8 3153101.0 17.0
1.07208772E8 3153201.0 17.0
1.07407874E8 3159058.0 17.0
1.07471866E8 3160939.0 17.0
1.07547091E8 3163152.0 17.0
1.07649803E8 3166174.0 17.0
1.07666127E8 3166653.0 17.0
1.07689659E8 3167346.0 17.0
1.07732222E8 3168597.0 17.0
1.07781093E8 3170034.0 17.0
1.07814979E8 3171033.0 17.0
1.07864733E8 3172495.0 17.0
1.0786873E8 3172611.0 17.0
1.07923401E8 3174221.0 17.0
1.08109838E8 3179704.0 17.0
1.08121643E8 3180050.0 17.0
1.08202084E8 3182417.0 17.0
1.08369983E8 3187355.0 17.0
1.08376892E8 3187557.0 17.0
1.08627098E8 3194917.0 17.0
1.08645583E8 3195461.0 17.0
1.08804036E8 3200121.0 17.0
1.0887975E8 3202349.0 17.0
1.08951186E8 3204448.0 17.0
1.09033994E8 3206885.0 17.0
1.09034237E8 3206891.0 17.0
1.09154184E8 3210420.0 17.0
1.09195651E8 3211639.0 17.0
1.09267355E8 3213748.0 17.0
1.09406501E8 3217840.0 17.0
1.09438764E8 3218789.0 17.0
1.09533755E8 3221583.0 17.0
1.0954354E8 3221873.0 17.0
1.09554076E8 3222181.0 17.0
1.09566705E8 3222553.0 17.0
1.09672647E8 3225668.0 17.0
1.09698169E8 3226419.0 17.0
1.09698405E8 3226425.0 17.0
1.09764505E8 3228370.0 17.0
1.09849047E8 3230857.0 17.0
1.09869901E8 3231471.0 17.0
1.09888822E8 3232027.0 17.0
1.09927904E8 3233175.0 17.0
1.10018292E8 3235835.0 17.0
1.10078267E8 3237598.0 17.0
1.10120585E8 3238843.0 17.0
1.10141075E8 3239446.0 17.0
1.1015688E8 3239911.0 17.0
1.10286317E8 3243717.0 17.0
1.10323244E8 3244803.0 17.0
1.10401812E8 3247116.0 17.0
1.10479237E8 3249391.0 17.0
1.10575859E8 3252233.0 17.0
1.10661012E8 3254738.0 17.0
1.10711162E8 3256212.0 17.0
1.10734398E8 3256896.0 17.0
1.1073918E8 3257037.0 17.0
1.10803129E8 3258917.0 17.0
1.10854813E8 3260438.0 17.0
1.10872964E8 3260973.0 17.0
1.10901495E8 3261811.0 17.0
1.10958441E8 3263486.0 17.0
1.10971406E8 3263867.0 17.0
1.1103061E8 3265608.0 17.0
1.11044499E8 3266018.0 17.0
1.11152793E8 3269202.0 17.0
1.11176039E8 3269886.0 17.0
1.11345127E8 3274859.0 17.0
1.11382833E8 3275967.0 17.0
1.11420933E8 3277089.0 17.0
1.11545711E8 3280759.0 17.0
1.11673496E8 3284517.0 17.0
1.11910176E8 3291478.0 17.0
1.1194419E8 3292478.0 17.0
1.1207154E8 3296224.0 17.0
1.12159988E8 3298826.0 17.0
1.12402271E8 3305951.0 17.0
1.12471133E8 3307976.0 17.0
1.12735966E8 3315766.0 17.0
1.12859165E8 3319392.0 17.0
1.12895557E8 3320459.0 17.0
1.14280802E8 3361203.0 17.0
1.14613512E8 3370987.0 17.0
1.14742984E8 3374796.0 17.0
1.15114811E8 3385732.0 17.0
1.15483284E8 3396571.0 17.0
1.15801247E8 3405922.0 17.0
1.15806319E8 3406070.0 17.0
1.17185931E8 3446647.0 17.0
