rev4
1021.0 31.0 17.0
1055.0 32.0 17.0
1055.0 32.0 17.0
1055.0 32.0 17.0
1089.0 33.0 17.0
1089.0 33.0 17.0
1123.0 34.0 17.0
1123.0 34.0 17.0
1123.0 34.0 17.0
1123.0 34.0 17.0
1157.0 35.0 17.0
1157.0 35.0 17.0
1157.0 35.0 17.0
1191.0 36.0 17.0
1191.0 36.0 17.0
1191.0 36.0 17.0
1191.0 36.0 17.0
1191.0 36.0 17.0
1191.0 36.0 17.0
1225.0 37.0 17.0
1225.0 37.0 17.0
1225.0 37.0 17.0
1225.0 37.0 17.0
1225.0 37.0 17.0
1225.0 37.0 17.0
1259.0 38.0 17.0
1259.0 38.0 17.0
1259.0 38.0 17.0
1259.0 38.0 17.0
1259.0 38.0 17.0
1259.0 38.0 17.0
1259.0 38.0 17.0
1259.0 38.0 17.0
1259.0 38.0 17.0
1259.0 38.0 17.0
1259.0 38.0 17.0
1259.0 38.0 17.0
1259.0 38.0 17.0
1259.0 38.0 17.0
1259.0 38.0 17.0
1259.0 38.0 17.0
1259.0 38.0 17.0
1259.0 38.0 17.0
1293.0 39.0 17.0
1293.0 39.0 17.0
1293.0 39.0 17.0
1293.0 39.0 17.0
1293.0 39.0 17.0
1293.0 39.0 17.0
1293.0 39.0 17.0
1293.0 39.0 17.0
1293.0 39.0 17.0
1293.0 39.0 17.0
1293.0 39.0 17.0
1293.0 39.0 17.0
1327.0 40.0 17.0
1327.0 40.0 17.0
1327.0 40.0 17.0
1327.0 40.0 17.0
1327.0 40.0 17.0
1327.0 40.0 17.0
1327.0 40.0 17.0
1361.0 41.0 17.0
1361.0 41.0 17.0
1361.0 41.0 17.0
1361.0 41.0 17.0
1361.0 41.0 17.0
1361.0 41.0 17.0
1361.0 41.0 17.0
1395.0 42.0 17.0
1395.0 42.0 17.0
1395.0 42.0 17.0
1395.0 42.0 17.0
1395.0 42.0 17.0
1395.0 42.0 17.0
1395.0 42.0 17.0
1395.0 42.0 17.0
1395.0 42.0 17.0
1429.0 43.0 17.0
1429.0 43.0 17.0
1429.0 43.0 17.0
1429.0 43.0 17.0
1429.0 43.0 17.0
1429.0 43.0 17.0
1429.0 43.0 17.0
1463.0 44.0 17.0
1463.0 44.0 17.0
1463.0 44.0 17.0
1463.0 44.0 17.0
1463.0 44.0 17.0
1463.0 44.0 17.0
1497.0 45.0 17.0
1497.0 45.0 17.0
1531.0 46.0 17.0
1531.0 46.0 17.0
1531.0 46.0 17.0
1531.0 46.0 17.0
1633.0 49.0 17.0
1633.0 49.0 17.0
1701.0 51.0 17.0
