rev4
69.0 3.0 17.0
101.0 4.0 17.0
103.0 4.0 17.0
103.0 4.0 17.0
135.0 5.0 17.0
135.0 5.0 17.0
137.0 5.0 17.0
137.0 5.0 17.0
137.0 5.0 17.0
137.0 5.0 17.0
137.0 5.0 17.0
137.0 5.0 17.0
169.0 6.0 17.0
169.0 6.0 17.0
169.0 6.0 17.0
169.0 6.0 17.0
171.0 6.0 17.0
171.0 6.0 17.0
171.0 6.0 17.0
171.0 6.0 17.0
171.0 6.0 17.0
171.0 6.0 17.0
171.0 6.0 17.0
171.0 6.0 17.0
171.0 6.0 17.0
171.0 6.0 17.0
171.0 6.0 17.0
171.0 6.0 17.0
201.0 7.0 17.0
203.0 7.0 17.0
203.0 7.0 17.0
203.0 7.0 17.0
203.0 7.0 17.0
203.0 7.0 17.0
203.0 7.0 17.0
205.0 7.0 17.0
205.0 7.0 17.0
205.0 7.0 17.0
205.0 7.0 17.0
205.0 7.0 17.0
205.0 7.0 17.0
205.0 7.0 17.0
205.0 7.0 17.0
205.0 7.0 17.0
205.0 7.0 17.0
205.0 7.0 17.0
205.0 7.0 17.0
205.0 7.0 17.0
233.0 8.0 17.0
235.0 8.0 17.0
235.0 8.0 17.0
235.0 8.0 17.0
235.0 8.0 17.0
235.0 8.0 17.0
237.0 8.0 17.0
237.0 8.0 17.0
237.0 8.0 17.0
237.0 8.0 17.0
237.0 8.0 17.0
237.0 8.0 17.0
237.0 8.0 17.0
237.0 8.0 17.0
237.0 8.0 17.0
237.0 8.0 17.0
237.0 8.0 17.0
237.0 8.0 17.0
237.0 8.0 17.0
237.0 8.0 17.0
239.0 8.0 17.0
239.0 8.0 17.0
239.0 8.0 17.0
239.0 8.0 17.0
267.0 9.0 17.0
267.0 9.0 17.0
267.0 9.0 17.0
267.0 9.0 17.0
269.0 9.0 17.0
269.0 9.0 17.0
269.0 9.0 17.0
269.0 9.0 17.0
271.0 9.0 17.0
273.0 9.0 17.0
299.0 10.0 17.0
299.0 10.0 17.0
301.0 10.0 17.0
301.0 10.0 17.0
301.0 10.0 17.0
301.0 10.0 17.0
303.0 10.0 17.0
303.0 10.0 17.0
303.0 10.0 17.0
331.0 11.0 17.0
333.0 11.0 17.0
333.0 11.0 17.0
363.0 12.0 17.0
367.0 12.0 17.0
393.0 13.0 17.0
393.0 13.0 17.0
395.0 13.0 17.0
399.0 13.0 17.0
