rev4
3024777.0 88965.0 17.0
3040995.0 89442.0 17.0
3075912.0 90469.0 17.0
3077137.0 90505.0 17.0
3080605.0 90607.0 17.0
3081115.0 90622.0 17.0
3083257.0 90685.0 17.0
3087609.0 90813.0 17.0
3092607.0 90960.0 17.0
3092743.0 90964.0 17.0
3094494.0 91016.0 17.0
3098115.0 91122.0 17.0
3098863.0 91144.0 17.0
3108791.0 91436.0 17.0
3115387.0 91630.0 17.0
3115965.0 91647.0 17.0
3118090.0 91710.0 17.0
3119059.0 91738.0 17.0
3119364.0 91747.0 17.0
3121132.0 91799.0 17.0
3127185.0 91977.0 17.0
3129360.0 92041.0 17.0
3134155.0 92182.0 17.0
3136161.0 92241.0 17.0
3136365.0 92247.0 17.0
3136977.0 92265.0 17.0
3145645.0 92520.0 17.0
3146122.0 92534.0 17.0
3149081.0 92621.0 17.0
3149897.0 92645.0 17.0
3150066.0 92650.0 17.0
3151291.0 92686.0 17.0
3151629.0 92696.0 17.0
3154997.0 92795.0 17.0
3156151.0 92829.0 17.0
3156799.0 92848.0 17.0
3157580.0 92871.0 17.0
3158770.0 92906.0 17.0
3160403.0 92954.0 17.0
3161015.0 92972.0 17.0
3163395.0 93042.0 17.0
3164585.0 93077.0 17.0
3166625.0 93137.0 17.0
3168835.0 93202.0 17.0
3169617.0 93225.0 17.0
3172200.0 93301.0 17.0
3173356.0 93335.0 17.0
3177556.0 93459.0 17.0
3180735.0 93552.0 17.0
3186650.0 93726.0 17.0
3186685.0 93727.0 17.0
3187093.0 93739.0 17.0
3187365.0 93747.0 17.0
3188725.0 93787.0 17.0
3189813.0 93819.0 17.0
3190017.0 93825.0 17.0
3191309.0 93863.0 17.0
3193586.0 93930.0 17.0
3194335.0 93952.0 17.0
3195423.0 93984.0 17.0
3197327.0 94040.0 17.0
3198891.0 94086.0 17.0
3200012.0 94119.0 17.0
3212661.0 94491.0 17.0
3213477.0 94515.0 17.0
3214972.0 94559.0 17.0
3215211.0 94566.0 17.0
3220243.0 94714.0 17.0
3225785.0 94877.0 17.0
3227757.0 94935.0 17.0
3231769.0 95053.0 17.0
3233537.0 95105.0 17.0
3234353.0 95129.0 17.0
3235373.0 95159.0 17.0
3239691.0 95286.0 17.0
3247409.0 95513.0 17.0
3251794.0 95642.0 17.0
3260039.0 95885.0 17.0
3266925.0 96087.0 17.0
3270461.0 96191.0 17.0
3272942.0 96264.0 17.0
3275153.0 96329.0 17.0
3281171.0 96506.0 17.0
3282242.0 96538.0 17.0
3282701.0 96551.0 17.0
3284129.0 96593.0 17.0
3287835.0 96702.0 17.0
3288175.0 96712.0 17.0
3295451.0 96926.0 17.0
3298578.0 97018.0 17.0
3301809.0 97113.0 17.0
3330709.0 97963.0 17.0
3340297.0 98245.0 17.0
3348763.0 98494.0 17.0
3352843.0 98614.0 17.0
3355869.0 98703.0 17.0
3382216.0 99478.0 17.0
3405373.0 100159.0 17.0
3406255.0 100185.0 17.0
3459297.0 101745.0 17.0
