rev4
239.0 8.0 17.0
239.0 8.0 17.0
239.0 8.0 17.0
239.0 8.0 17.0
239.0 8.0 17.0
239.0 8.0 17.0
239.0 8.0 17.0
239.0 8.0 17.0
273.0 9.0 17.0
273.0 9.0 17.0
273.0 9.0 17.0
273.0 9.0 17.0
273.0 9.0 17.0
273.0 9.0 17.0
273.0 9.0 17.0
273.0 9.0 17.0
273.0 9.0 17.0
273.0 9.0 17.0
273.0 9.0 17.0
273.0 9.0 17.0
307.0 10.0 17.0
307.0 10.0 17.0
307.0 10.0 17.0
307.0 10.0 17.0
307.0 10.0 17.0
307.0 10.0 17.0
307.0 10.0 17.0
307.0 10.0 17.0
307.0 10.0 17.0
307.0 10.0 17.0
307.0 10.0 17.0
307.0 10.0 17.0
307.0 10.0 17.0
341.0 11.0 17.0
341.0 11.0 17.0
341.0 11.0 17.0
341.0 11.0 17.0
341.0 11.0 17.0
341.0 11.0 17.0
341.0 11.0 17.0
341.0 11.0 17.0
341.0 11.0 17.0
341.0 11.0 17.0
341.0 11.0 17.0
341.0 11.0 17.0
341.0 11.0 17.0
341.0 11.0 17.0
341.0 11.0 17.0
341.0 11.0 17.0
341.0 11.0 17.0
341.0 11.0 17.0
341.0 11.0 17.0
341.0 11.0 17.0
375.0 12.0 17.0
375.0 12.0 17.0
375.0 12.0 17.0
375.0 12.0 17.0
375.0 12.0 17.0
375.0 12.0 17.0
375.0 12.0 17.0
375.0 12.0 17.0
375.0 12.0 17.0
375.0 12.0 17.0
375.0 12.0 17.0
375.0 12.0 17.0
375.0 12.0 17.0
375.0 12.0 17.0
375.0 12.0 17.0
375.0 12.0 17.0
375.0 12.0 17.0
375.0 12.0 17.0
375.0 12.0 17.0
375.0 12.0 17.0
409.0 13.0 17.0
409.0 13.0 17.0
409.0 13.0 17.0
409.0 13.0 17.0
409.0 13.0 17.0
409.0 13.0 17.0
409.0 13.0 17.0
409.0 13.0 17.0
409.0 13.0 17.0
409.0 13.0 17.0
409.0 13.0 17.0
409.0 13.0 17.0
409.0 13.0 17.0
409.0 13.0 17.0
409.0 13.0 17.0
409.0 13.0 17.0
409.0 13.0 17.0
443.0 14.0 17.0
443.0 14.0 17.0
443.0 14.0 17.0
477.0 15.0 17.0
477.0 15.0 17.0
545.0 17.0 17.0
545.0 17.0 17.0
579.0 18.0 17.0
613.0 19.0 17.0
647.0 20.0 17.0
