rev4
20571.0 606.0 17.0
21149.0 623.0 17.0
21183.0 624.0 17.0
21285.0 627.0 17.0
21285.0 627.0 17.0
21387.0 630.0 17.0
21387.0 630.0 17.0
21387.0 630.0 17.0
21421.0 631.0 17.0
21455.0 632.0 17.0
21489.0 633.0 17.0
21523.0 634.0 17.0
21523.0 634.0 17.0
21523.0 634.0 17.0
21523.0 634.0 17.0
21557.0 635.0 17.0
21591.0 636.0 17.0
21591.0 636.0 17.0
21591.0 636.0 17.0
21591.0 636.0 17.0
21591.0 636.0 17.0
21625.0 637.0 17.0
21625.0 637.0 17.0
21659.0 638.0 17.0
21693.0 639.0 17.0
21693.0 639.0 17.0
21727.0 640.0 17.0
21727.0 640.0 17.0
21761.0 641.0 17.0
21795.0 642.0 17.0
21829.0 643.0 17.0
21829.0 643.0 17.0
21863.0 644.0 17.0
21863.0 644.0 17.0
21897.0 645.0 17.0
21897.0 645.0 17.0
21931.0 646.0 17.0
21965.0 647.0 17.0
22033.0 649.0 17.0
22067.0 650.0 17.0
22067.0 650.0 17.0
22067.0 650.0 17.0
22101.0 651.0 17.0
22135.0 652.0 17.0
22135.0 652.0 17.0
22169.0 653.0 17.0
22203.0 654.0 17.0
22237.0 655.0 17.0
22271.0 656.0 17.0
22271.0 656.0 17.0
22271.0 656.0 17.0
22304.0 657.0 17.0
22305.0 657.0 17.0
22305.0 657.0 17.0
22305.0 657.0 17.0
22339.0 658.0 17.0
22339.0 658.0 17.0
22373.0 659.0 17.0
22373.0 659.0 17.0
22407.0 660.0 17.0
22475.0 662.0 17.0
22475.0 662.0 17.0
22509.0 663.0 17.0
22509.0 663.0 17.0
22543.0 664.0 17.0
22577.0 665.0 17.0
22577.0 665.0 17.0
22577.0 665.0 17.0
22611.0 666.0 17.0
22645.0 667.0 17.0
22645.0 667.0 17.0
22645.0 667.0 17.0
22679.0 668.0 17.0
22679.0 668.0 17.0
22781.0 671.0 17.0
22815.0 672.0 17.0
22815.0 672.0 17.0
22849.0 673.0 17.0
22849.0 673.0 17.0
22849.0 673.0 17.0
22849.0 673.0 17.0
22883.0 674.0 17.0
22917.0 675.0 17.0
22951.0 676.0 17.0
22985.0 677.0 17.0
23053.0 679.0 17.0
23053.0 679.0 17.0
23053.0 679.0 17.0
23087.0 680.0 17.0
23087.0 680.0 17.0
23155.0 682.0 17.0
23189.0 683.0 17.0
23359.0 688.0 17.0
23393.0 689.0 17.0
23529.0 693.0 17.0
23631.0 696.0 17.0
23937.0 705.0 17.0
24175.0 712.0 17.0
24549.0 723.0 17.0
25059.0 738.0 17.0
