rev4
85681.0 2521.0 17.0
87959.0 2588.0 17.0
88061.0 2591.0 17.0
88197.0 2595.0 17.0
88333.0 2599.0 17.0
88469.0 2603.0 17.0
88673.0 2609.0 17.0
88860.0 2615.0 17.0
88877.0 2615.0 17.0
89013.0 2619.0 17.0
89013.0 2619.0 17.0
89047.0 2620.0 17.0
89047.0 2620.0 17.0
89149.0 2623.0 17.0
89149.0 2623.0 17.0
89217.0 2625.0 17.0
89217.0 2625.0 17.0
89285.0 2627.0 17.0
89285.0 2627.0 17.0
89319.0 2628.0 17.0
89319.0 2628.0 17.0
89387.0 2630.0 17.0
89455.0 2632.0 17.0
89489.0 2633.0 17.0
89625.0 2637.0 17.0
89727.0 2640.0 17.0
90135.0 2652.0 17.0
90135.0 2652.0 17.0
90169.0 2653.0 17.0
90237.0 2655.0 17.0
90237.0 2655.0 17.0
90373.0 2659.0 17.0
90373.0 2659.0 17.0
90373.0 2659.0 17.0
90441.0 2661.0 17.0
90611.0 2666.0 17.0
90849.0 2673.0 17.0
90849.0 2673.0 17.0
90883.0 2674.0 17.0
91019.0 2678.0 17.0
91019.0 2678.0 17.0
91087.0 2680.0 17.0
91087.0 2680.0 17.0
91155.0 2682.0 17.0
91189.0 2683.0 17.0
91189.0 2683.0 17.0
91257.0 2685.0 17.0
91291.0 2686.0 17.0
91393.0 2689.0 17.0
91529.0 2693.0 17.0
91631.0 2696.0 17.0
91665.0 2697.0 17.0
91767.0 2700.0 17.0
91801.0 2701.0 17.0
91835.0 2702.0 17.0
91937.0 2705.0 17.0
91937.0 2705.0 17.0
92243.0 2714.0 17.0
92277.0 2715.0 17.0
92413.0 2719.0 17.0
92617.0 2725.0 17.0
92821.0 2731.0 17.0
92957.0 2735.0 17.0
93093.0 2739.0 17.0
93093.0 2739.0 17.0
93195.0 2742.0 17.0
93261.0 2744.0 17.0
93263.0 2744.0 17.0
93331.0 2746.0 17.0
93501.0 2751.0 17.0
93603.0 2754.0 17.0
93603.0 2754.0 17.0
93637.0 2755.0 17.0
93875.0 2762.0 17.0
94249.0 2773.0 17.0
94385.0 2777.0 17.0
94521.0 2781.0 17.0
94657.0 2785.0 17.0
94759.0 2788.0 17.0
94793.0 2789.0 17.0
94895.0 2792.0 17.0
95133.0 2799.0 17.0
95133.0 2799.0 17.0
95201.0 2801.0 17.0
95201.0 2801.0 17.0
95269.0 2803.0 17.0
95677.0 2815.0 17.0
95949.0 2823.0 17.0
96221.0 2831.0 17.0
96357.0 2835.0 17.0
96527.0 2840.0 17.0
96935.0 2852.0 17.0
97037.0 2855.0 17.0
97377.0 2865.0 17.0
97819.0 2878.0 17.0
97887.0 2880.0 17.0
99519.0 2928.0 17.0
100777.0 2965.0 17.0
102375.0 3012.0 17.0
104687.0 3080.0 17.0
