rev4
2143.0 64.0 17.0
2245.0 67.0 17.0
2347.0 70.0 17.0
2381.0 71.0 17.0
2381.0 71.0 17.0
2415.0 72.0 17.0
2415.0 72.0 17.0
2415.0 72.0 17.0
2415.0 72.0 17.0
2415.0 72.0 17.0
2415.0 72.0 17.0
2449.0 73.0 17.0
2449.0 73.0 17.0
2449.0 73.0 17.0
2483.0 74.0 17.0
2483.0 74.0 17.0
2483.0 74.0 17.0
2483.0 74.0 17.0
2483.0 74.0 17.0
2517.0 75.0 17.0
2517.0 75.0 17.0
2517.0 75.0 17.0
2517.0 75.0 17.0
2517.0 75.0 17.0
2551.0 76.0 17.0
2551.0 76.0 17.0
2551.0 76.0 17.0
2551.0 76.0 17.0
2551.0 76.0 17.0
2551.0 76.0 17.0
2551.0 76.0 17.0
2551.0 76.0 17.0
2585.0 77.0 17.0
2585.0 77.0 17.0
2585.0 77.0 17.0
2585.0 77.0 17.0
2585.0 77.0 17.0
2585.0 77.0 17.0
2585.0 77.0 17.0
2619.0 78.0 17.0
2619.0 78.0 17.0
2619.0 78.0 17.0
2619.0 78.0 17.0
2619.0 78.0 17.0
2619.0 78.0 17.0
2619.0 78.0 17.0
2619.0 78.0 17.0
2619.0 78.0 17.0
2619.0 78.0 17.0
2653.0 79.0 17.0
2653.0 79.0 17.0
2653.0 79.0 17.0
2653.0 79.0 17.0
2653.0 79.0 17.0
2687.0 80.0 17.0
2687.0 80.0 17.0
2687.0 80.0 17.0
2687.0 80.0 17.0
2687.0 80.0 17.0
2687.0 80.0 17.0
2721.0 81.0 17.0
2721.0 81.0 17.0
2721.0 81.0 17.0
2721.0 81.0 17.0
2721.0 81.0 17.0
2755.0 82.0 17.0
2755.0 82.0 17.0
2755.0 82.0 17.0
2755.0 82.0 17.0
2755.0 82.0 17.0
2755.0 82.0 17.0
2789.0 83.0 17.0
2789.0 83.0 17.0
2789.0 83.0 17.0
2789.0 83.0 17.0
2789.0 83.0 17.0
2789.0 83.0 17.0
2789.0 83.0 17.0
2789.0 83.0 17.0
2823.0 84.0 17.0
2857.0 85.0 17.0
2857.0 85.0 17.0
2857.0 85.0 17.0
2891.0 86.0 17.0
2891.0 86.0 17.0
2891.0 86.0 17.0
2891.0 86.0 17.0
2891.0 86.0 17.0
2925.0 87.0 17.0
2925.0 87.0 17.0
2925.0 87.0 17.0
2925.0 87.0 17.0
2959.0 88.0 17.0
2959.0 88.0 17.0
2959.0 88.0 17.0
2959.0 88.0 17.0
3027.0 90.0 17.0
3027.0 90.0 17.0
3027.0 90.0 17.0
3197.0 95.0 17.0
