rev4
42263.0 1244.0 17.0
42807.0 1260.0 17.0
42841.0 1261.0 17.0
43011.0 1266.0 17.0
43181.0 1271.0 17.0
43487.0 1280.0 17.0
43521.0 1281.0 17.0
43555.0 1282.0 17.0
43555.0 1282.0 17.0
43555.0 1282.0 17.0
43623.0 1284.0 17.0
43691.0 1286.0 17.0
43725.0 1287.0 17.0
43861.0 1291.0 17.0
43861.0 1291.0 17.0
43963.0 1294.0 17.0
44167.0 1300.0 17.0
44167.0 1300.0 17.0
44201.0 1301.0 17.0
44235.0 1302.0 17.0
44235.0 1302.0 17.0
44269.0 1303.0 17.0
44371.0 1306.0 17.0
44371.0 1306.0 17.0
44371.0 1306.0 17.0
44439.0 1308.0 17.0
44473.0 1309.0 17.0
44473.0 1309.0 17.0
44473.0 1309.0 17.0
44473.0 1309.0 17.0
44541.0 1311.0 17.0
44677.0 1315.0 17.0
44745.0 1317.0 17.0
44745.0 1317.0 17.0
44813.0 1319.0 17.0
44847.0 1320.0 17.0
44881.0 1321.0 17.0
44881.0 1321.0 17.0
44915.0 1322.0 17.0
44915.0 1322.0 17.0
44915.0 1322.0 17.0
44949.0 1323.0 17.0
45017.0 1325.0 17.0
45051.0 1326.0 17.0
45085.0 1327.0 17.0
45153.0 1329.0 17.0
45187.0 1330.0 17.0
45187.0 1330.0 17.0
45357.0 1335.0 17.0
45357.0 1335.0 17.0
45425.0 1337.0 17.0
45493.0 1339.0 17.0
45527.0 1340.0 17.0
45595.0 1342.0 17.0
45595.0 1342.0 17.0
45595.0 1342.0 17.0
45629.0 1343.0 17.0
45629.0 1343.0 17.0
45731.0 1346.0 17.0
45731.0 1346.0 17.0
45799.0 1348.0 17.0
45833.0 1349.0 17.0
45833.0 1349.0 17.0
45833.0 1349.0 17.0
45833.0 1349.0 17.0
45867.0 1350.0 17.0
45935.0 1352.0 17.0
46003.0 1354.0 17.0
46003.0 1354.0 17.0
46037.0 1355.0 17.0
46037.0 1355.0 17.0
46105.0 1357.0 17.0
46207.0 1360.0 17.0
46241.0 1361.0 17.0
46343.0 1364.0 17.0
46411.0 1366.0 17.0
46411.0 1366.0 17.0
46445.0 1367.0 17.0
46581.0 1371.0 17.0
46581.0 1371.0 17.0
46615.0 1372.0 17.0
46683.0 1374.0 17.0
46785.0 1377.0 17.0
46853.0 1379.0 17.0
46955.0 1382.0 17.0
46955.0 1382.0 17.0
47057.0 1385.0 17.0
47159.0 1388.0 17.0
47227.0 1390.0 17.0
47363.0 1394.0 17.0
47363.0 1394.0 17.0
47669.0 1403.0 17.0
47737.0 1405.0 17.0
47907.0 1410.0 17.0
48077.0 1415.0 17.0
48213.0 1419.0 17.0
48247.0 1420.0 17.0
48621.0 1431.0 17.0
48995.0 1442.0 17.0
49675.0 1462.0 17.0
