rev4
9929.0 293.0 17.0
10065.0 297.0 17.0
10303.0 304.0 17.0
10405.0 307.0 17.0
10439.0 308.0 17.0
10439.0 308.0 17.0
10439.0 308.0 17.0
10473.0 309.0 17.0
10473.0 309.0 17.0
10473.0 309.0 17.0
10507.0 310.0 17.0
10541.0 311.0 17.0
10541.0 311.0 17.0
10541.0 311.0 17.0
10575.0 312.0 17.0
10575.0 312.0 17.0
10609.0 313.0 17.0
10609.0 313.0 17.0
10609.0 313.0 17.0
10643.0 314.0 17.0
10643.0 314.0 17.0
10643.0 314.0 17.0
10677.0 315.0 17.0
10677.0 315.0 17.0
10711.0 316.0 17.0
10711.0 316.0 17.0
10711.0 316.0 17.0
10745.0 317.0 17.0
10745.0 317.0 17.0
10745.0 317.0 17.0
10779.0 318.0 17.0
10847.0 320.0 17.0
10847.0 320.0 17.0
10847.0 320.0 17.0
10847.0 320.0 17.0
10847.0 320.0 17.0
10847.0 320.0 17.0
10881.0 321.0 17.0
10881.0 321.0 17.0
10881.0 321.0 17.0
10881.0 321.0 17.0
10881.0 321.0 17.0
10949.0 323.0 17.0
10949.0 323.0 17.0
10983.0 324.0 17.0
10983.0 324.0 17.0
10983.0 324.0 17.0
10983.0 324.0 17.0
10983.0 324.0 17.0
11017.0 325.0 17.0
11017.0 325.0 17.0
11017.0 325.0 17.0
11017.0 325.0 17.0
11017.0 325.0 17.0
11051.0 326.0 17.0
11051.0 326.0 17.0
11051.0 326.0 17.0
11085.0 327.0 17.0
11085.0 327.0 17.0
11119.0 328.0 17.0
11119.0 328.0 17.0
11119.0 328.0 17.0
11119.0 328.0 17.0
11153.0 329.0 17.0
11153.0 329.0 17.0
11153.0 329.0 17.0
11153.0 329.0 17.0
11153.0 329.0 17.0
11153.0 329.0 17.0
11187.0 330.0 17.0
11187.0 330.0 17.0
11187.0 330.0 17.0
11221.0 331.0 17.0
11221.0 331.0 17.0
11221.0 331.0 17.0
11255.0 332.0 17.0
11289.0 333.0 17.0
11323.0 334.0 17.0
11323.0 334.0 17.0
11357.0 335.0 17.0
11391.0 336.0 17.0
11425.0 337.0 17.0
11493.0 339.0 17.0
11595.0 342.0 17.0
11595.0 342.0 17.0
11595.0 342.0 17.0
11629.0 343.0 17.0
11697.0 345.0 17.0
11799.0 348.0 17.0
11867.0 350.0 17.0
11935.0 352.0 17.0
12071.0 356.0 17.0
12105.0 357.0 17.0
12105.0 357.0 17.0
12105.0 357.0 17.0
12207.0 360.0 17.0
12241.0 361.0 17.0
12275.0 362.0 17.0
12411.0 366.0 17.0
12887.0 380.0 17.0
