rev4
1499876.0 44115.0 17.0
1501203.0 44154.0 17.0
1506813.0 44319.0 17.0
1508445.0 44367.0 17.0
1511794.0 44466.0 17.0
1516503.0 44604.0 17.0
1519971.0 44706.0 17.0
1521433.0 44749.0 17.0
1522487.0 44780.0 17.0
1525275.0 44862.0 17.0
1528267.0 44950.0 17.0
1530850.0 45026.0 17.0
1532279.0 45068.0 17.0
1532788.0 45083.0 17.0
1532959.0 45088.0 17.0
1533299.0 45098.0 17.0
1535305.0 45157.0 17.0
1536597.0 45195.0 17.0
1536903.0 45204.0 17.0
1537855.0 45232.0 17.0
1538702.0 45257.0 17.0
1539249.0 45273.0 17.0
1539725.0 45287.0 17.0
1539827.0 45290.0 17.0
1540371.0 45306.0 17.0
1541561.0 45341.0 17.0
1541629.0 45343.0 17.0
1542513.0 45369.0 17.0
1544213.0 45419.0 17.0
1545811.0 45466.0 17.0
1546049.0 45473.0 17.0
1546559.0 45488.0 17.0
1546660.0 45491.0 17.0
1546865.0 45497.0 17.0
1547103.0 45504.0 17.0
1547578.0 45518.0 17.0
1548904.0 45557.0 17.0
1549551.0 45576.0 17.0
1550401.0 45601.0 17.0
1550571.0 45606.0 17.0
1553971.0 45706.0 17.0
1554039.0 45708.0 17.0
1554107.0 45710.0 17.0
1554209.0 45713.0 17.0
1555025.0 45737.0 17.0
1556402.0 45778.0 17.0
1556827.0 45790.0 17.0
1556962.0 45794.0 17.0
1559717.0 45875.0 17.0
1560125.0 45887.0 17.0
1560226.0 45890.0 17.0
1561213.0 45919.0 17.0
1562845.0 45967.0 17.0
1562879.0 45968.0 17.0
1563015.0 45972.0 17.0
1563559.0 45988.0 17.0
1564613.0 46019.0 17.0
1564715.0 46022.0 17.0
1565633.0 46049.0 17.0
1567433.0 46102.0 17.0
1568727.0 46140.0 17.0
1571038.0 46208.0 17.0
1572059.0 46238.0 17.0
1574439.0 46308.0 17.0
1574983.0 46324.0 17.0
1576054.0 46356.0 17.0
1576411.0 46366.0 17.0
1578383.0 46424.0 17.0
1580491.0 46486.0 17.0
1580695.0 46492.0 17.0
1582224.0 46537.0 17.0
1582565.0 46547.0 17.0
1584877.0 46615.0 17.0
1587018.0 46678.0 17.0
1587325.0 46687.0 17.0
1588447.0 46720.0 17.0
1590113.0 46769.0 17.0
1591269.0 46803.0 17.0
1598511.0 47016.0 17.0
1598851.0 47026.0 17.0
1600007.0 47060.0 17.0
1600075.0 47062.0 17.0
1601010.0 47090.0 17.0
1601843.0 47114.0 17.0
1601979.0 47118.0 17.0
1603917.0 47175.0 17.0
1605923.0 47234.0 17.0
1608779.0 47318.0 17.0
1608779.0 47318.0 17.0
1613539.0 47458.0 17.0
1615817.0 47525.0 17.0
1626321.0 47834.0 17.0
1639650.0 48226.0 17.0
1655495.0 48692.0 17.0
1658317.0 48775.0 17.0
1661955.0 48882.0 17.0
1662567.0 48900.0 17.0
1673141.0 49211.0 17.0
1710337.0 50305.0 17.0
1722441.0 50661.0 17.0
