rev4
739908.0 21763.0 17.0
742629.0 21843.0 17.0
743309.0 21863.0 17.0
746165.0 21947.0 17.0
747015.0 21972.0 17.0
748103.0 22004.0 17.0
748646.0 22020.0 17.0
748851.0 22026.0 17.0
748953.0 22029.0 17.0
751469.0 22103.0 17.0
751979.0 22118.0 17.0
753985.0 22177.0 17.0
754188.0 22183.0 17.0
754529.0 22193.0 17.0
755209.0 22213.0 17.0
755277.0 22215.0 17.0
755787.0 22230.0 17.0
756059.0 22238.0 17.0
757113.0 22269.0 17.0
759017.0 22325.0 17.0
759391.0 22336.0 17.0
759629.0 22343.0 17.0
759731.0 22346.0 17.0
759731.0 22346.0 17.0
760615.0 22372.0 17.0
762416.0 22425.0 17.0
762655.0 22432.0 17.0
762655.0 22432.0 17.0
763131.0 22446.0 17.0
763199.0 22448.0 17.0
763301.0 22451.0 17.0
763641.0 22461.0 17.0
764457.0 22485.0 17.0
764729.0 22493.0 17.0
765341.0 22511.0 17.0
765543.0 22517.0 17.0
765851.0 22526.0 17.0
766089.0 22533.0 17.0
766531.0 22546.0 17.0
766599.0 22548.0 17.0
766973.0 22559.0 17.0
767483.0 22574.0 17.0
767585.0 22577.0 17.0
767890.0 22586.0 17.0
767992.0 22589.0 17.0
768265.0 22597.0 17.0
768333.0 22599.0 17.0
768435.0 22602.0 17.0
768537.0 22605.0 17.0
768843.0 22614.0 17.0
768877.0 22615.0 17.0
770305.0 22657.0 17.0
770679.0 22668.0 17.0
772277.0 22715.0 17.0
773705.0 22757.0 17.0
774045.0 22767.0 17.0
774283.0 22774.0 17.0
774453.0 22779.0 17.0
775269.0 22803.0 17.0
775949.0 22823.0 17.0
775983.0 22824.0 17.0
776085.0 22827.0 17.0
776629.0 22843.0 17.0
776765.0 22847.0 17.0
777003.0 22854.0 17.0
777275.0 22862.0 17.0
777478.0 22868.0 17.0
777989.0 22883.0 17.0
778023.0 22884.0 17.0
778193.0 22889.0 17.0
779451.0 22926.0 17.0
780369.0 22953.0 17.0
781355.0 22982.0 17.0
781524.0 22987.0 17.0
782103.0 23004.0 17.0
782307.0 23010.0 17.0
782545.0 23017.0 17.0
782748.0 23023.0 17.0
783938.0 23058.0 17.0
786251.0 23126.0 17.0
787305.0 23157.0 17.0
788665.0 23197.0 17.0
790025.0 23237.0 17.0
791113.0 23269.0 17.0
791929.0 23293.0 17.0
792779.0 23318.0 17.0
794309.0 23363.0 17.0
795227.0 23390.0 17.0
796111.0 23416.0 17.0
796978.0 23442.0 17.0
798185.0 23477.0 17.0
799103.0 23504.0 17.0
800429.0 23543.0 17.0
800633.0 23549.0 17.0
803523.0 23634.0 17.0
803795.0 23642.0 17.0
804441.0 23661.0 17.0
828037.0 24355.0 17.0
838203.0 24654.0 17.0
889781.0 26171.0 17.0
