rev4
111079.0 3268.0 17.0
113765.0 3347.0 17.0
113765.0 3347.0 17.0
114207.0 3360.0 17.0
114207.0 3360.0 17.0
114615.0 3372.0 17.0
114819.0 3378.0 17.0
114989.0 3383.0 17.0
115635.0 3402.0 17.0
115805.0 3407.0 17.0
116009.0 3413.0 17.0
116315.0 3422.0 17.0
116315.0 3422.0 17.0
117063.0 3444.0 17.0
117386.0 3454.0 17.0
117471.0 3456.0 17.0
117709.0 3463.0 17.0
117709.0 3463.0 17.0
117845.0 3467.0 17.0
117947.0 3470.0 17.0
118151.0 3476.0 17.0
118355.0 3482.0 17.0
118423.0 3484.0 17.0
118457.0 3485.0 17.0
119035.0 3502.0 17.0
119137.0 3505.0 17.0
119256.0 3509.0 17.0
119409.0 3513.0 17.0
119715.0 3522.0 17.0
119749.0 3523.0 17.0
120565.0 3547.0 17.0
120735.0 3552.0 17.0
121245.0 3567.0 17.0
121279.0 3568.0 17.0
121313.0 3569.0 17.0
121449.0 3573.0 17.0
121551.0 3576.0 17.0
121857.0 3585.0 17.0
121891.0 3586.0 17.0
121959.0 3588.0 17.0
122095.0 3592.0 17.0
122435.0 3602.0 17.0
122469.0 3603.0 17.0
122571.0 3606.0 17.0
123047.0 3620.0 17.0
123760.0 3641.0 17.0
123761.0 3641.0 17.0
123829.0 3643.0 17.0
123863.0 3644.0 17.0
124033.0 3649.0 17.0
124203.0 3654.0 17.0
124577.0 3665.0 17.0
124679.0 3668.0 17.0
124917.0 3675.0 17.0
125019.0 3678.0 17.0
125291.0 3686.0 17.0
125393.0 3689.0 17.0
125631.0 3696.0 17.0
125937.0 3705.0 17.0
126175.0 3712.0 17.0
126209.0 3713.0 17.0
126651.0 3726.0 17.0
126685.0 3727.0 17.0
126787.0 3730.0 17.0
126957.0 3735.0 17.0
127161.0 3741.0 17.0
127297.0 3745.0 17.0
127331.0 3746.0 17.0
127365.0 3747.0 17.0
127365.0 3747.0 17.0
127467.0 3750.0 17.0
127671.0 3756.0 17.0
128181.0 3771.0 17.0
128249.0 3773.0 17.0
128317.0 3775.0 17.0
128555.0 3782.0 17.0
128929.0 3793.0 17.0
129065.0 3797.0 17.0
129303.0 3804.0 17.0
130323.0 3834.0 17.0
131275.0 3862.0 17.0
131615.0 3872.0 17.0
131785.0 3877.0 17.0
131921.0 3881.0 17.0
131921.0 3881.0 17.0
132839.0 3908.0 17.0
133315.0 3922.0 17.0
133757.0 3935.0 17.0
133927.0 3940.0 17.0
134777.0 3965.0 17.0
135831.0 3996.0 17.0
135933.0 3999.0 17.0
136103.0 4004.0 17.0
136545.0 4017.0 17.0
137157.0 4035.0 17.0
138619.0 4078.0 17.0
140251.0 4126.0 17.0
140795.0 4142.0 17.0
142257.0 4185.0 17.0
150961.0 4441.0 17.0
