rev4
7583156.0 223035.0 17.0
7641840.0 224761.0 17.0
7722251.0 227126.0 17.0
7722555.0 227135.0 17.0
7730001.0 227354.0 17.0
7745318.0 227805.0 17.0
7757237.0 228155.0 17.0
7763153.0 228329.0 17.0
7782873.0 228909.0 17.0
7782906.0 228910.0 17.0
7783585.0 228930.0 17.0
7792019.0 229178.0 17.0
7795279.0 229274.0 17.0
7805313.0 229569.0 17.0
7827889.0 230233.0 17.0
7837511.0 230516.0 17.0
7837576.0 230518.0 17.0
7841454.0 230632.0 17.0
7842849.0 230673.0 17.0
7845091.0 230739.0 17.0
7881133.0 231799.0 17.0
7882391.0 231836.0 17.0
7914589.0 232784.0 17.0
7915165.0 232800.0 17.0
7920640.0 232961.0 17.0
7921456.0 232985.0 17.0
7926999.0 233148.0 17.0
7928661.0 233197.0 17.0
7929651.0 233226.0 17.0
7932472.0 233309.0 17.0
7942808.0 233613.0 17.0
7946141.0 233711.0 17.0
7948315.0 233775.0 17.0
7954233.0 233949.0 17.0
7955151.0 233976.0 17.0
7955660.0 233991.0 17.0
7961645.0 234167.0 17.0
7987655.0 234932.0 17.0
7988297.0 234951.0 17.0
8016419.0 235778.0 17.0
8017575.0 235812.0 17.0
8041272.0 236509.0 17.0
8050859.0 236791.0 17.0
8053751.0 236876.0 17.0
8055874.0 236939.0 17.0
8059596.0 237048.0 17.0
8068642.0 237314.0 17.0
8073469.0 237456.0 17.0
8078740.0 237611.0 17.0
8080951.0 237676.0 17.0
8083041.0 237738.0 17.0
8088482.0 237898.0 17.0
8091182.0 237977.0 17.0
8107742.0 238464.0 17.0
8108695.0 238492.0 17.0
8125593.0 238989.0 17.0
8128107.0 239063.0 17.0
8137866.0 239350.0 17.0
8141777.0 239465.0 17.0
8151126.0 239740.0 17.0
8152809.0 239790.0 17.0
8155683.0 239874.0 17.0
8162585.0 240077.0 17.0
8166527.0 240193.0 17.0
8171697.0 240345.0 17.0
8177068.0 240503.0 17.0
8177307.0 240510.0 17.0
8177919.0 240528.0 17.0
8194201.0 241007.0 17.0
8198282.0 241127.0 17.0
8214196.0 241595.0 17.0
8223613.0 241872.0 17.0
8240051.0 242356.0 17.0
8257309.0 242864.0 17.0
8258327.0 242893.0 17.0
8267237.0 243155.0 17.0
8336138.0 245182.0 17.0
8337481.0 245221.0 17.0
8339316.0 245275.0 17.0
8340200.0 245301.0 17.0
8349449.0 245573.0 17.0
8355755.0 245759.0 17.0
8365327.0 246040.0 17.0
8376581.0 246371.0 17.0
8388514.0 246722.0 17.0
8475146.0 249270.0 17.0
8483814.0 249525.0 17.0
8535340.0 251041.0 17.0
8545016.0 251325.0 17.0
8611878.0 253292.0 17.0
8635083.0 253974.0 17.0
8687917.0 255528.0 17.0
8717088.0 256387.0 17.0
8762445.0 257720.0 17.0
8764979.0 257795.0 17.0
8823561.0 259518.0 17.0
8838502.0 259957.0 17.0
8971715.0 263875.0 17.0
9185746.0 270170.0 17.0
1.0805809E7 317819.0 17.0
