rev4
1872177.0 55065.0 17.0
1884568.0 55430.0 17.0
1888089.0 55533.0 17.0
1894922.0 55734.0 17.0
1896079.0 55768.0 17.0
1897813.0 55819.0 17.0
1899476.0 55868.0 17.0
1908625.0 56137.0 17.0
1912262.0 56244.0 17.0
1915390.0 56336.0 17.0
1921256.0 56509.0 17.0
1922735.0 56552.0 17.0
1928651.0 56726.0 17.0
1928991.0 56736.0 17.0
1931303.0 56804.0 17.0
1932357.0 56835.0 17.0
1933989.0 56883.0 17.0
1936333.0 56952.0 17.0
1936641.0 56961.0 17.0
1939190.0 57036.0 17.0
1939972.0 57059.0 17.0
1941605.0 57107.0 17.0
1944733.0 57199.0 17.0
1952688.0 57433.0 17.0
1953844.0 57467.0 17.0
1955307.0 57510.0 17.0
1956191.0 57536.0 17.0
1957754.0 57582.0 17.0
1963467.0 57750.0 17.0
1966051.0 57826.0 17.0
1967547.0 57870.0 17.0
1967547.0 57870.0 17.0
1968873.0 57909.0 17.0
1970811.0 57966.0 17.0
1972715.0 58022.0 17.0
1976387.0 58130.0 17.0
1976573.0 58136.0 17.0
1977305.0 58157.0 17.0
1981997.0 58295.0 17.0
1982031.0 58296.0 17.0
1982269.0 58303.0 17.0
1983425.0 58337.0 17.0
1986893.0 58439.0 17.0
1987131.0 58446.0 17.0
1987913.0 58469.0 17.0
1989375.0 58512.0 17.0
1993047.0 58620.0 17.0
1996242.0 58714.0 17.0
2001139.0 58858.0 17.0
2004471.0 58956.0 17.0
2007055.0 59032.0 17.0
2008073.0 59062.0 17.0
2008483.0 59074.0 17.0
2008788.0 59083.0 17.0
2015589.0 59283.0 17.0
2015861.0 59291.0 17.0
2018784.0 59377.0 17.0
2023613.0 59519.0 17.0
2023613.0 59519.0 17.0
2025993.0 59589.0 17.0
2026775.0 59612.0 17.0
2027625.0 59637.0 17.0
2028067.0 59650.0 17.0
2030003.0 59707.0 17.0
2046457.0 60191.0 17.0
2047073.0 60209.0 17.0
2051866.0 60350.0 17.0
2055301.0 60451.0 17.0
2059993.0 60589.0 17.0
2061455.0 60632.0 17.0
2062951.0 60676.0 17.0
2065569.0 60753.0 17.0
2072301.0 60951.0 17.0
2074375.0 61012.0 17.0
2083691.0 61286.0 17.0
2085595.0 61342.0 17.0
2086275.0 61362.0 17.0
2091510.0 61516.0 17.0
2093585.0 61577.0 17.0
2099603.0 61754.0 17.0
2101235.0 61802.0 17.0
2106794.0 61966.0 17.0
2107592.0 61989.0 17.0
2111469.0 62103.0 17.0
2113305.0 62157.0 17.0
2115345.0 62217.0 17.0
2117895.0 62292.0 17.0
2119187.0 62330.0 17.0
2130373.0 62659.0 17.0
2132889.0 62733.0 17.0
2141661.0 62991.0 17.0
2145129.0 63093.0 17.0
2149277.0 63215.0 17.0
2172088.0 63886.0 17.0
2173075.0 63915.0 17.0
2193528.0 64517.0 17.0
2231079.0 65621.0 17.0
2258655.0 66432.0 17.0
2282880.0 67145.0 17.0
2292245.0 67420.0 17.0
