rev4
3787260.0 111391.0 17.0
3798309.0 111716.0 17.0
3805383.0 111924.0 17.0
3805688.0 111933.0 17.0
3816637.0 112255.0 17.0
3819629.0 112343.0 17.0
3823590.0 112460.0 17.0
3826598.0 112548.0 17.0
3829829.0 112643.0 17.0
3833671.0 112756.0 17.0
3844653.0 113079.0 17.0
3845639.0 113108.0 17.0
3846421.0 113131.0 17.0
3863522.0 113635.0 17.0
3864747.0 113670.0 17.0
3877018.0 114031.0 17.0
3892865.0 114497.0 17.0
3893851.0 114526.0 17.0
3895857.0 114585.0 17.0
3899699.0 114698.0 17.0
3902725.0 114787.0 17.0
3904255.0 114832.0 17.0
3904864.0 114850.0 17.0
3910035.0 115002.0 17.0
3910477.0 115015.0 17.0
3910783.0 115024.0 17.0
3911599.0 115048.0 17.0
3912245.0 115067.0 17.0
3916629.0 115196.0 17.0
3918059.0 115238.0 17.0
3919776.0 115289.0 17.0
3929564.0 115577.0 17.0
3936520.0 115781.0 17.0
3937711.0 115816.0 17.0
3938594.0 115842.0 17.0
3952160.0 116241.0 17.0
3962939.0 116558.0 17.0
3967664.0 116697.0 17.0
3973989.0 116883.0 17.0
3979259.0 117038.0 17.0
3982863.0 117144.0 17.0
3985685.0 117227.0 17.0
3987147.0 117270.0 17.0
3987725.0 117287.0 17.0
3996257.0 117538.0 17.0
4008873.0 117909.0 17.0
4013462.0 118044.0 17.0
4014483.0 118074.0 17.0
4015605.0 118107.0 17.0
4017271.0 118156.0 17.0
4027913.0 118469.0 17.0
4028320.0 118481.0 17.0
4031959.0 118588.0 17.0
4032979.0 118618.0 17.0
4033829.0 118643.0 17.0
4035154.0 118682.0 17.0
4038147.0 118770.0 17.0
4044165.0 118947.0 17.0
4045931.0 118999.0 17.0
4046068.0 119003.0 17.0
4050692.0 119139.0 17.0
4060893.0 119439.0 17.0
4081223.0 120037.0 17.0
4089249.0 120273.0 17.0
4089759.0 120288.0 17.0
4091255.0 120332.0 17.0
4093209.0 120390.0 17.0
4094143.0 120417.0 17.0
4097850.0 120526.0 17.0
4116789.0 121083.0 17.0
4118999.0 121148.0 17.0
4129199.0 121448.0 17.0
4139635.0 121755.0 17.0
4144941.0 121911.0 17.0
4148205.0 122007.0 17.0
4154493.0 122192.0 17.0
4164797.0 122495.0 17.0
4167925.0 122587.0 17.0
4177513.0 122869.0 17.0
4182987.0 123030.0 17.0
4190909.0 123263.0 17.0
4194224.0 123361.0 17.0
4195703.0 123404.0 17.0
4199341.0 123511.0 17.0
4205168.0 123683.0 17.0
4208878.0 123792.0 17.0
4227629.0 124343.0 17.0
4238067.0 124650.0 17.0
4252279.0 125068.0 17.0
4277404.0 125807.0 17.0
4291819.0 126231.0 17.0
4301611.0 126519.0 17.0
4312017.0 126825.0 17.0
4312391.0 126836.0 17.0
4317049.0 126973.0 17.0
4336123.0 127534.0 17.0
4356896.0 128145.0 17.0
4401114.0 129446.0 17.0
4457604.0 131107.0 17.0
4616928.0 135793.0 17.0
