rev4
1.5270386E7 449130.0 17.0
1.5421224E7 453567.0 17.0
1.5613495E7 459222.0 17.0
1.5670311E7 460893.0 17.0
1.5688603E7 461431.0 17.0
1.5704294E7 461892.0 17.0
1.5722074E7 462415.0 17.0
1.574006E7 462945.0 17.0
1.5757267E7 463450.0 17.0
1.5777341E7 464041.0 17.0
1.5778956E7 464088.0 17.0
1.5781729E7 464170.0 17.0
1.57947E7 464551.0 17.0
1.5808165E7 464947.0 17.0
1.5830656E7 465609.0 17.0
1.5833693E7 465698.0 17.0
1.5838693E7 465846.0 17.0
1.5840394E7 465895.0 17.0
1.5842399E7 465954.0 17.0
1.5866984E7 466677.0 17.0
1.5867495E7 466692.0 17.0
1.5869123E7 466741.0 17.0
1.5891326E7 467393.0 17.0
1.5903125E7 467740.0 17.0
1.5912001E7 468001.0 17.0
1.5930871E7 468556.0 17.0
1.5962949E7 469500.0 17.0
1.5963204E7 469507.0 17.0
1.5984857E7 470144.0 17.0
1.6011551E7 470929.0 17.0
1.6014442E7 471014.0 17.0
1.6037781E7 471701.0 17.0
1.6062993E7 472442.0 17.0
1.6073942E7 472764.0 17.0
1.6074827E7 472790.0 17.0
1.609441E7 473366.0 17.0
1.6099441E7 473514.0 17.0
1.6122353E7 474188.0 17.0
1.6153061E7 475091.0 17.0
1.6155916E7 475175.0 17.0
1.6168003E7 475531.0 17.0
1.6169004E7 475560.0 17.0
1.6170144E7 475595.0 17.0
1.6184405E7 476013.0 17.0
1.6188212E7 476126.0 17.0
1.6209942E7 476764.0 17.0
1.6212662E7 476844.0 17.0
1.6242972E7 477736.0 17.0
1.6280765E7 478847.0 17.0
1.6304867E7 479556.0 17.0
1.6313181E7 479801.0 17.0
1.6316091E7 479886.0 17.0
1.6323229E7 480096.0 17.0
1.6337527E7 480517.0 17.0
1.6341284E7 480627.0 17.0
1.6346247E7 480773.0 17.0
1.6350158E7 480888.0 17.0
1.6383598E7 481872.0 17.0
1.6395035E7 482208.0 17.0
1.6407992E7 482589.0 17.0
1.6418599E7 482901.0 17.0
1.6425058E7 483091.0 17.0
1.642824E7 483185.0 17.0
1.6439356E7 483512.0 17.0
1.64442E7 483654.0 17.0
1.6510331E7 485599.0 17.0
1.6550077E7 486768.0 17.0
1.6550792E7 486790.0 17.0
1.6573436E7 487456.0 17.0
1.6575732E7 487523.0 17.0
1.6583296E7 487746.0 17.0
1.6621372E7 488865.0 17.0
1.6626781E7 489024.0 17.0
1.6669316E7 490275.0 17.0
1.6703453E7 491279.0 17.0
1.6742823E7 492437.0 17.0
1.6754776E7 492789.0 17.0
1.6765568E7 493106.0 17.0
1.6768119E7 493181.0 17.0
1.6779035E7 493502.0 17.0
1.6799808E7 494113.0 17.0
1.6806706E7 494316.0 17.0
1.684003E7 495296.0 17.0
1.6879249E7 496450.0 17.0
1.6908473E7 497309.0 17.0
1.6949137E7 498505.0 17.0
1.7015096E7 500445.0 17.0
1.7032264E7 500950.0 17.0
1.7039349E7 501159.0 17.0
1.7071399E7 502101.0 17.0
1.7313462E7 509221.0 17.0
1.7414902E7 512204.0 17.0
1.7447746E7 513170.0 17.0
1.7596834E7 517555.0 17.0
1.773321E7 521566.0 17.0
1.7747116E7 521975.0 17.0
1.8065696E7 531345.0 17.0
1.8298799E7 538201.0 17.0
1.8517316E7 544628.0 17.0
1.8967732E7 557876.0 17.0
