rev4
6631.0 196.0 17.0
6699.0 198.0 17.0
6733.0 199.0 17.0
6733.0 199.0 17.0
6767.0 200.0 17.0
6869.0 203.0 17.0
6869.0 203.0 17.0
6971.0 206.0 17.0
6971.0 206.0 17.0
7005.0 207.0 17.0
7005.0 207.0 17.0
7039.0 208.0 17.0
7039.0 208.0 17.0
7073.0 209.0 17.0
7073.0 209.0 17.0
7141.0 211.0 17.0
7175.0 212.0 17.0
7175.0 212.0 17.0
7175.0 212.0 17.0
7175.0 212.0 17.0
7209.0 213.0 17.0
7243.0 214.0 17.0
7243.0 214.0 17.0
7243.0 214.0 17.0
7277.0 215.0 17.0
7311.0 216.0 17.0
7345.0 217.0 17.0
7345.0 217.0 17.0
7345.0 217.0 17.0
7413.0 219.0 17.0
7447.0 220.0 17.0
7481.0 221.0 17.0
7481.0 221.0 17.0
7481.0 221.0 17.0
7515.0 222.0 17.0
7515.0 222.0 17.0
7549.0 223.0 17.0
7549.0 223.0 17.0
7549.0 223.0 17.0
7549.0 223.0 17.0
7549.0 223.0 17.0
7583.0 224.0 17.0
7651.0 226.0 17.0
7651.0 226.0 17.0
7685.0 227.0 17.0
7685.0 227.0 17.0
7685.0 227.0 17.0
7685.0 227.0 17.0
7719.0 228.0 17.0
7719.0 228.0 17.0
7719.0 228.0 17.0
7719.0 228.0 17.0
7753.0 229.0 17.0
7753.0 229.0 17.0
7787.0 230.0 17.0
7855.0 232.0 17.0
7855.0 232.0 17.0
7889.0 233.0 17.0
7889.0 233.0 17.0
7889.0 233.0 17.0
7923.0 234.0 17.0
7957.0 235.0 17.0
7957.0 235.0 17.0
7957.0 235.0 17.0
8025.0 237.0 17.0
8025.0 237.0 17.0
8059.0 238.0 17.0
8059.0 238.0 17.0
8093.0 239.0 17.0
8127.0 240.0 17.0
8127.0 240.0 17.0
8127.0 240.0 17.0
8127.0 240.0 17.0
8161.0 241.0 17.0
8161.0 241.0 17.0
8195.0 242.0 17.0
8195.0 242.0 17.0
8263.0 244.0 17.0
8365.0 247.0 17.0
8365.0 247.0 17.0
8467.0 250.0 17.0
8467.0 250.0 17.0
8467.0 250.0 17.0
8501.0 251.0 17.0
8569.0 253.0 17.0
8603.0 254.0 17.0
8603.0 254.0 17.0
8637.0 255.0 17.0
8705.0 257.0 17.0
8705.0 257.0 17.0
8773.0 259.0 17.0
8875.0 262.0 17.0
8977.0 265.0 17.0
8977.0 265.0 17.0
9011.0 266.0 17.0
9147.0 270.0 17.0
9181.0 271.0 17.0
10133.0 299.0 17.0
10201.0 301.0 17.0
10677.0 315.0 17.0
