rev4
1497.0 45.0 17.0
1531.0 46.0 17.0
1531.0 46.0 17.0
1531.0 46.0 17.0
1565.0 47.0 17.0
1599.0 48.0 17.0
1599.0 48.0 17.0
1599.0 48.0 17.0
1633.0 49.0 17.0
1667.0 50.0 17.0
1667.0 50.0 17.0
1667.0 50.0 17.0
1735.0 52.0 17.0
1735.0 52.0 17.0
1735.0 52.0 17.0
1735.0 52.0 17.0
1735.0 52.0 17.0
1769.0 53.0 17.0
1769.0 53.0 17.0
1769.0 53.0 17.0
1769.0 53.0 17.0
1769.0 53.0 17.0
1769.0 53.0 17.0
1769.0 53.0 17.0
1803.0 54.0 17.0
1803.0 54.0 17.0
1837.0 55.0 17.0
1837.0 55.0 17.0
1837.0 55.0 17.0
1837.0 55.0 17.0
1871.0 56.0 17.0
1871.0 56.0 17.0
1905.0 57.0 17.0
1905.0 57.0 17.0
1905.0 57.0 17.0
1905.0 57.0 17.0
1905.0 57.0 17.0
1905.0 57.0 17.0
1905.0 57.0 17.0
1939.0 58.0 17.0
1939.0 58.0 17.0
1939.0 58.0 17.0
1939.0 58.0 17.0
1939.0 58.0 17.0
1939.0 58.0 17.0
1939.0 58.0 17.0
1939.0 58.0 17.0
1973.0 59.0 17.0
1973.0 59.0 17.0
1973.0 59.0 17.0
2007.0 60.0 17.0
2007.0 60.0 17.0
2007.0 60.0 17.0
2041.0 61.0 17.0
2041.0 61.0 17.0
2041.0 61.0 17.0
2075.0 62.0 17.0
2075.0 62.0 17.0
2075.0 62.0 17.0
2109.0 63.0 17.0
2143.0 64.0 17.0
2143.0 64.0 17.0
2143.0 64.0 17.0
2177.0 65.0 17.0
2177.0 65.0 17.0
2177.0 65.0 17.0
2177.0 65.0 17.0
2177.0 65.0 17.0
2177.0 65.0 17.0
2245.0 67.0 17.0
2245.0 67.0 17.0
2245.0 67.0 17.0
2245.0 67.0 17.0
2279.0 68.0 17.0
2279.0 68.0 17.0
2279.0 68.0 17.0
2313.0 69.0 17.0
2313.0 69.0 17.0
2347.0 70.0 17.0
2347.0 70.0 17.0
2347.0 70.0 17.0
2347.0 70.0 17.0
2347.0 70.0 17.0
2347.0 70.0 17.0
2381.0 71.0 17.0
2381.0 71.0 17.0
2381.0 71.0 17.0
2381.0 71.0 17.0
2415.0 72.0 17.0
2483.0 74.0 17.0
2483.0 74.0 17.0
2585.0 77.0 17.0
2721.0 81.0 17.0
2721.0 81.0 17.0
2721.0 81.0 17.0
2789.0 83.0 17.0
2823.0 84.0 17.0
2891.0 86.0 17.0
2993.0 89.0 17.0
2993.0 89.0 17.0
