rev4
2.4868792E7 777151.0 16.0
2.5016971E7 781782.0 16.0
2.5094122E7 784193.0 16.0
2.513716E7 785538.0 16.0
2.5185372E7 787044.0 16.0
2.521198E7 787876.0 16.0
2.5212027E7 787878.0 16.0
2.5290776E7 790339.0 16.0
2.5337165E7 791789.0 16.0
2.5429899E7 794687.0 16.0
2.5488501E7 796517.0 16.0
2.5511803E7 797245.0 16.0
2.5530692E7 797837.0 16.0
2.5551813E7 798497.0 16.0
2.5560875E7 798779.0 16.0
2.5586095E7 799567.0 16.0
2.5630143E7 800945.0 16.0
2.5646211E7 801446.0 16.0
2.5702477E7 803204.0 16.0
2.5722381E7 803826.0 16.0
2.5730361E7 804075.0 16.0
2.574055E7 804394.0 16.0
2.5741737E7 804433.0 16.0
2.5757095E7 804913.0 16.0
2.5771304E7 805356.0 16.0
2.5793931E7 806064.0 16.0
2.5796791E7 806151.0 16.0
2.5806391E7 806453.0 16.0
2.5828346E7 807137.0 16.0
2.5857496E7 808049.0 16.0
2.5861998E7 808189.0 16.0
2.5863448E7 808235.0 16.0
2.5895947E7 809251.0 16.0
2.5902056E7 809441.0 16.0
2.5906198E7 809571.0 16.0
2.5948425E7 810890.0 16.0
2.5956444E7 811140.0 16.0
2.596041E7 811264.0 16.0
2.5997822E7 812433.0 16.0
2.5998186E7 812445.0 16.0
2.6010042E7 812815.0 16.0
2.6015288E7 812980.0 16.0
2.6044891E7 813904.0 16.0
2.6046535E7 813956.0 16.0
2.6052628E7 814146.0 16.0
2.6053117E7 814161.0 16.0
2.6054934E7 814218.0 16.0
2.606018E7 814383.0 16.0
2.6064535E7 814519.0 16.0
2.6096187E7 815507.0 16.0
2.610961E7 815927.0 16.0
2.6208045E7 819003.0 16.0
2.6242397E7 820078.0 16.0
2.6267703E7 820867.0 16.0
2.6292219E7 821633.0 16.0
2.6301502E7 821923.0 16.0
2.6321433E7 822547.0 16.0
2.6335434E7 822984.0 16.0
2.6348029E7 823378.0 16.0
2.6360151E7 823758.0 16.0
2.6370729E7 824087.0 16.0
2.6372214E7 824134.0 16.0
2.6386878E7 824591.0 16.0
2.6402364E7 825075.0 16.0
2.6427675E7 825866.0 16.0
2.6438895E7 826217.0 16.0
2.6467271E7 827104.0 16.0
2.6467798E7 827121.0 16.0
2.6501365E7 828170.0 16.0
2.6518806E7 828715.0 16.0
2.6520878E7 828779.0 16.0
2.6529255E7 829041.0 16.0
2.6567373E7 830233.0 16.0
2.6575475E7 830485.0 16.0
2.6603725E7 831369.0 16.0
2.6614533E7 831706.0 16.0
2.671155E7 834737.0 16.0
2.6718939E7 834969.0 16.0
2.6728423E7 835266.0 16.0
2.6743049E7 835723.0 16.0
2.6760347E7 836262.0 16.0
2.6848475E7 839018.0 16.0
2.6877516E7 839924.0 16.0
2.6902035E7 840691.0 16.0
2.7007596E7 843989.0 16.0
2.70158E7 844246.0 16.0
2.705991E7 845625.0 16.0
2.7108362E7 847138.0 16.0
2.7213618E7 850427.0 16.0
2.7214394E7 850452.0 16.0
2.7217995E7 850564.0 16.0
2.7247688E7 851493.0 16.0
2.7335176E7 854226.0 16.0
2.7451445E7 857860.0 16.0
2.7518234E7 859946.0 16.0
2.7584045E7 862003.0 16.0
2.7671512E7 864737.0 16.0
2.8555371E7 892358.0 16.0
2.8807531E7 900237.0 16.0
2.8908811E7 903402.0 16.0
