rev4
348833.0 10902.0 16.0
353121.0 11036.0 16.0
355265.0 11103.0 16.0
355329.0 11105.0 16.0
356161.0 11131.0 16.0
356737.0 11149.0 16.0
357345.0 11168.0 16.0
358369.0 11200.0 16.0
358849.0 11215.0 16.0
359249.0 11228.0 16.0
359872.0 11247.0 16.0
360321.0 11261.0 16.0
360385.0 11263.0 16.0
360417.0 11264.0 16.0
360865.0 11278.0 16.0
360929.0 11280.0 16.0
361345.0 11293.0 16.0
361345.0 11293.0 16.0
361505.0 11298.0 16.0
361729.0 11305.0 16.0
362017.0 11314.0 16.0
362209.0 11320.0 16.0
363041.0 11346.0 16.0
363073.0 11347.0 16.0
363265.0 11353.0 16.0
363297.0 11354.0 16.0
363489.0 11360.0 16.0
363937.0 11374.0 16.0
363937.0 11374.0 16.0
364481.0 11391.0 16.0
365057.0 11409.0 16.0
365089.0 11410.0 16.0
365121.0 11411.0 16.0
365153.0 11412.0 16.0
365153.0 11412.0 16.0
365184.0 11413.0 16.0
365313.0 11417.0 16.0
365313.0 11417.0 16.0
365377.0 11419.0 16.0
365440.0 11421.0 16.0
365537.0 11424.0 16.0
366401.0 11451.0 16.0
366433.0 11452.0 16.0
366913.0 11467.0 16.0
367009.0 11470.0 16.0
367137.0 11474.0 16.0
367392.0 11482.0 16.0
367713.0 11492.0 16.0
367745.0 11493.0 16.0
368001.0 11501.0 16.0
368161.0 11506.0 16.0
368289.0 11510.0 16.0
368289.0 11510.0 16.0
368321.0 11511.0 16.0
368481.0 11516.0 16.0
368641.0 11521.0 16.0
368929.0 11530.0 16.0
369537.0 11549.0 16.0
370561.0 11581.0 16.0
371137.0 11599.0 16.0
371361.0 11606.0 16.0
371649.0 11615.0 16.0
371745.0 11618.0 16.0
372065.0 11628.0 16.0
373377.0 11669.0 16.0
373761.0 11681.0 16.0
374177.0 11694.0 16.0
374497.0 11704.0 16.0
374721.0 11711.0 16.0
375041.0 11721.0 16.0
375232.0 11727.0 16.0
376385.0 11763.0 16.0
376449.0 11765.0 16.0
376769.0 11775.0 16.0
377057.0 11784.0 16.0
377377.0 11794.0 16.0
377473.0 11797.0 16.0
377825.0 11808.0 16.0
378335.0 11824.0 16.0
378529.0 11830.0 16.0
378593.0 11832.0 16.0
378721.0 11836.0 16.0
378785.0 11838.0 16.0
381057.0 11909.0 16.0
382785.0 11963.0 16.0
383329.0 11980.0 16.0
384513.0 12017.0 16.0
384737.0 12024.0 16.0
385057.0 12034.0 16.0
388768.0 12150.0 16.0
389313.0 12167.0 16.0
393249.0 12290.0 16.0
396449.0 12390.0 16.0
401376.0 12544.0 16.0
401857.0 12559.0 16.0
405697.0 12679.0 16.0
411617.0 12864.0 16.0
415617.0 12989.0 16.0
417345.0 13043.0 16.0
420417.0 13139.0 16.0
