rev4
2957440.0 92421.0 16.0
2971615.0 92864.0 16.0
2988351.0 93387.0 16.0
2998688.0 93710.0 16.0
3003071.0 93847.0 16.0
3005313.0 93917.0 16.0
3006529.0 93955.0 16.0
3013744.0 94181.0 16.0
3016240.0 94259.0 16.0
3017486.0 94298.0 16.0
3017601.0 94301.0 16.0
3023423.0 94483.0 16.0
3029985.0 94688.0 16.0
3033696.0 94804.0 16.0
3035232.0 94852.0 16.0
3037473.0 94922.0 16.0
3043985.0 95126.0 16.0
3047777.0 95244.0 16.0
3047872.0 95248.0 16.0
3049918.0 95311.0 16.0
3050017.0 95314.0 16.0
3053279.0 95416.0 16.0
3053473.0 95422.0 16.0
3061183.0 95663.0 16.0
3063328.0 95730.0 16.0
3068093.0 95879.0 16.0
3075120.0 96099.0 16.0
3075503.0 96111.0 16.0
3079184.0 96226.0 16.0
3079759.0 96244.0 16.0
3083841.0 96371.0 16.0
3083985.0 96376.0 16.0
3084061.0 96378.0 16.0
3084766.0 96400.0 16.0
3085281.0 96416.0 16.0
3086240.0 96446.0 16.0
3086241.0 96446.0 16.0
3086655.0 96459.0 16.0
3089089.0 96535.0 16.0
3089360.0 96544.0 16.0
3094848.0 96715.0 16.0
3095937.0 96749.0 16.0
3097137.0 96787.0 16.0
3097664.0 96803.0 16.0
3098751.0 96837.0 16.0
3101697.0 96929.0 16.0
3104607.0 97020.0 16.0
3108993.0 97157.0 16.0
3110017.0 97189.0 16.0
3110369.0 97200.0 16.0
3112784.0 97276.0 16.0
3115105.0 97348.0 16.0
3124095.0 97629.0 16.0
3126849.0 97715.0 16.0
3127968.0 97750.0 16.0
3129408.0 97795.0 16.0
3130465.0 97828.0 16.0
3130640.0 97834.0 16.0
3134494.0 97954.0 16.0
3135296.0 97979.0 16.0
3135840.0 97996.0 16.0
3137536.0 98049.0 16.0
3142145.0 98193.0 16.0
3144704.0 98273.0 16.0
3146784.0 98338.0 16.0
3146797.0 98339.0 16.0
3149246.0 98415.0 16.0
3152991.0 98532.0 16.0
3154941.0 98593.0 16.0
3156433.0 98640.0 16.0
3156768.0 98650.0 16.0
3157249.0 98665.0 16.0
3159198.0 98726.0 16.0
3159712.0 98742.0 16.0
3160897.0 98779.0 16.0
3166095.0 98942.0 16.0
3168833.0 99027.0 16.0
3178400.0 99326.0 16.0
3182559.0 99456.0 16.0
3186513.0 99580.0 16.0
3186545.0 99581.0 16.0
3195649.0 99865.0 16.0
3195742.0 99868.0 16.0
3196193.0 99882.0 16.0
3198398.0 99951.0 16.0
3208113.0 100255.0 16.0
3210177.0 100319.0 16.0
3215393.0 100482.0 16.0
3216189.0 100507.0 16.0
3219280.0 100604.0 16.0
3226113.0 100817.0 16.0
3233472.0 101047.0 16.0
3243985.0 101376.0 16.0
3258448.0 101828.0 16.0
3292464.0 102891.0 16.0
3298879.0 103091.0 16.0
3308000.0 103376.0 16.0
3325248.0 103915.0 16.0
3364321.0 105136.0 16.0
3457071.0 108035.0 16.0
