rev4
6056112.0 189255.0 16.0
6063199.0 189476.0 16.0
6075232.0 189853.0 16.0
6135456.0 191734.0 16.0
6135805.0 191745.0 16.0
6138079.0 191816.0 16.0
6150240.0 192196.0 16.0
6153307.0 192292.0 16.0
6154655.0 192334.0 16.0
6167439.0 192734.0 16.0
6168942.0 192781.0 16.0
6169374.0 192794.0 16.0
6171130.0 192849.0 16.0
6175201.0 192976.0 16.0
6177760.0 193056.0 16.0
6188480.0 193391.0 16.0
6190608.0 193458.0 16.0
6198047.0 193690.0 16.0
6213711.0 194180.0 16.0
6215425.0 194233.0 16.0
6216858.0 194278.0 16.0
6219840.0 194372.0 16.0
6228815.0 194652.0 16.0
6230270.0 194697.0 16.0
6230561.0 194706.0 16.0
6232816.0 194777.0 16.0
6234864.0 194841.0 16.0
6235967.0 194875.0 16.0
6240574.0 195019.0 16.0
6243455.0 195109.0 16.0
6249152.0 195287.0 16.0
6251617.0 195365.0 16.0
6252543.0 195393.0 16.0
6253024.0 195408.0 16.0
6253407.0 195420.0 16.0
6254945.0 195468.0 16.0
6255871.0 195497.0 16.0
6262511.0 195705.0 16.0
6269953.0 195937.0 16.0
6277231.0 196165.0 16.0
6277361.0 196169.0 16.0
6281248.0 196290.0 16.0
6289919.0 196562.0 16.0
6305119.0 197036.0 16.0
6308239.0 197134.0 16.0
6308653.0 197147.0 16.0
6322543.0 197581.0 16.0
6327583.0 197738.0 16.0
6329264.0 197791.0 16.0
6330528.0 197830.0 16.0
6333006.0 197908.0 16.0
6336832.0 198027.0 16.0
6339804.0 198120.0 16.0
6343165.0 198225.0 16.0
6346157.0 198319.0 16.0
6359281.0 198729.0 16.0
6367361.0 198981.0 16.0
6380287.0 199385.0 16.0
6386783.0 199588.0 16.0
6388192.0 199632.0 16.0
6390465.0 199703.0 16.0
6404800.0 200151.0 16.0
6408350.0 200262.0 16.0
6410064.0 200316.0 16.0
6422112.0 200692.0 16.0
6423312.0 200730.0 16.0
6436913.0 201155.0 16.0
6440833.0 201278.0 16.0
6448511.0 201517.0 16.0
6448576.0 201519.0 16.0
6464735.0 202024.0 16.0
6466705.0 202086.0 16.0
6470465.0 202203.0 16.0
6479612.0 202489.0 16.0
6482528.0 202581.0 16.0
6487425.0 202733.0 16.0
6510207.0 203445.0 16.0
6511425.0 203483.0 16.0
6519712.0 203742.0 16.0
6522143.0 203818.0 16.0
6549120.0 204661.0 16.0
6550607.0 204708.0 16.0
6556224.0 204883.0 16.0
6560337.0 205012.0 16.0
6565403.0 205170.0 16.0
6572639.0 205396.0 16.0
6597153.0 206162.0 16.0
6619232.0 206852.0 16.0
6620449.0 206890.0 16.0
6622269.0 206947.0 16.0
6700927.0 209405.0 16.0
6715103.0 209848.0 16.0
6729249.0 210290.0 16.0
6777246.0 211790.0 16.0
6801696.0 212554.0 16.0
6812447.0 212890.0 16.0
6831521.0 213486.0 16.0
6878399.0 214951.0 16.0
6902848.0 215715.0 16.0
6952673.0 217272.0 16.0
