rev4
5.0790047E7 1587192.0 16.0
5.0902983E7 1590722.0 16.0
5.1126866E7 1597718.0 16.0
5.1182841E7 1599467.0 16.0
5.1213584E7 1600427.0 16.0
5.1305767E7 1603309.0 16.0
5.1319091E7 1603725.0 16.0
5.134069E7 1604399.0 16.0
5.136565E7 1605179.0 16.0
5.1484367E7 1608888.0 16.0
5.1543272E7 1610732.0 16.0
5.1565671E7 1611429.0 16.0
5.1569895E7 1611561.0 16.0
5.1691706E7 1615369.0 16.0
5.1709539E7 1615925.0 16.0
5.1755323E7 1617358.0 16.0
5.1757039E7 1617411.0 16.0
5.176602E7 1617691.0 16.0
5.17936E7 1618553.0 16.0
5.1835936E7 1619876.0 16.0
5.1845666E7 1620179.0 16.0
5.1869079E7 1620913.0 16.0
5.1960583E7 1623772.0 16.0
5.197722E7 1624292.0 16.0
5.2009999E7 1625315.0 16.0
5.2030932E7 1625968.0 16.0
5.2090377E7 1627826.0 16.0
5.2103808E7 1628247.0 16.0
5.2161839E7 1630061.0 16.0
5.2233025E7 1632288.0 16.0
5.2283875E7 1633874.0 16.0
5.2297683E7 1634306.0 16.0
5.2298499E7 1634331.0 16.0
5.2310007E7 1634690.0 16.0
5.2339054E7 1635598.0 16.0
5.2364151E7 1636384.0 16.0
5.2394524E7 1637333.0 16.0
5.2470547E7 1639706.0 16.0
5.2587794E7 1643370.0 16.0
5.2636182E7 1644884.0 16.0
5.2643346E7 1645108.0 16.0
5.2646533E7 1645207.0 16.0
5.2658317E7 1645575.0 16.0
5.2663359E7 1645734.0 16.0
5.266917E7 1645914.0 16.0
5.2715094E7 1647350.0 16.0
5.2722335E7 1647575.0 16.0
5.2728857E7 1647779.0 16.0
5.2737617E7 1648052.0 16.0
5.278693E7 1649594.0 16.0
5.281523E7 1650478.0 16.0
5.2873146E7 1652288.0 16.0
5.29223E7 1653824.0 16.0
5.2949573E7 1654677.0 16.0
5.2965845E7 1655187.0 16.0
5.2977953E7 1655564.0 16.0
5.3021533E7 1656925.0 16.0
5.3068984E7 1658408.0 16.0
5.3078968E7 1658721.0 16.0
5.3120149E7 1660007.0 16.0
5.3193566E7 1662303.0 16.0
5.3271343E7 1664733.0 16.0
5.3294624E7 1665462.0 16.0
5.3301168E7 1665664.0 16.0
5.3307514E7 1665862.0 16.0
5.340264E7 1668835.0 16.0
5.3441537E7 1670052.0 16.0
5.3464643E7 1670774.0 16.0
5.3743887E7 1679499.0 16.0
5.3791191E7 1680978.0 16.0
5.3815329E7 1681732.0 16.0
5.3839314E7 1682481.0 16.0
5.3857815E7 1683060.0 16.0
5.3885734E7 1683931.0 16.0
5.391822E7 1684948.0 16.0
5.3926518E7 1685206.0 16.0
5.3934609E7 1685459.0 16.0
5.3958208E7 1686198.0 16.0
5.3961869E7 1686312.0 16.0
5.4136353E7 1691765.0 16.0
5.4321423E7 1697547.0 16.0
5.4356025E7 1698629.0 16.0
5.4395783E7 1699871.0 16.0
5.441898E7 1700597.0 16.0
5.4436995E7 1701160.0 16.0
5.4513036E7 1703535.0 16.0
5.4684622E7 1708897.0 16.0
5.476766E7 1711493.0 16.0
5.4856402E7 1714266.0 16.0
5.4869828E7 1714685.0 16.0
5.4933695E7 1716683.0 16.0
5.5131237E7 1722853.0 16.0
5.5211854E7 1725375.0 16.0
5.5418252E7 1731823.0 16.0
5.5466983E7 1733347.0 16.0
5.6041837E7 1751310.0 16.0
5.6179711E7 1755619.0 16.0
5.6962872E7 1780094.0 16.0
5.7777364E7 1805545.0 16.0
5.8488637E7 1827772.0 16.0
