rev4
19905.0 623.0 16.0
20129.0 630.0 16.0
20129.0 630.0 16.0
20353.0 637.0 16.0
20353.0 637.0 16.0
20353.0 637.0 16.0
20385.0 638.0 16.0
20385.0 638.0 16.0
20481.0 641.0 16.0
20481.0 641.0 16.0
20577.0 644.0 16.0
20609.0 645.0 16.0
20641.0 646.0 16.0
20673.0 647.0 16.0
20673.0 647.0 16.0
20737.0 649.0 16.0
20769.0 650.0 16.0
20801.0 651.0 16.0
20833.0 652.0 16.0
20833.0 652.0 16.0
20833.0 652.0 16.0
20833.0 652.0 16.0
20865.0 653.0 16.0
20929.0 655.0 16.0
20929.0 655.0 16.0
20929.0 655.0 16.0
20993.0 657.0 16.0
21025.0 658.0 16.0
21057.0 659.0 16.0
21057.0 659.0 16.0
21089.0 660.0 16.0
21089.0 660.0 16.0
21121.0 661.0 16.0
21249.0 665.0 16.0
21249.0 665.0 16.0
21313.0 667.0 16.0
21409.0 670.0 16.0
21441.0 671.0 16.0
21441.0 671.0 16.0
21441.0 671.0 16.0
21441.0 671.0 16.0
21441.0 671.0 16.0
21441.0 671.0 16.0
21473.0 672.0 16.0
21537.0 674.0 16.0
21569.0 675.0 16.0
21569.0 675.0 16.0
21569.0 675.0 16.0
21601.0 676.0 16.0
21601.0 676.0 16.0
21633.0 677.0 16.0
21633.0 677.0 16.0
21633.0 677.0 16.0
21697.0 679.0 16.0
21697.0 679.0 16.0
21729.0 680.0 16.0
21729.0 680.0 16.0
21729.0 680.0 16.0
21729.0 680.0 16.0
21761.0 681.0 16.0
21793.0 682.0 16.0
21793.0 682.0 16.0
21825.0 683.0 16.0
21857.0 684.0 16.0
21921.0 686.0 16.0
21921.0 686.0 16.0
21953.0 687.0 16.0
21985.0 688.0 16.0
22017.0 689.0 16.0
22049.0 690.0 16.0
22081.0 691.0 16.0
22113.0 692.0 16.0
22177.0 694.0 16.0
22241.0 696.0 16.0
22305.0 698.0 16.0
22305.0 698.0 16.0
22337.0 699.0 16.0
22337.0 699.0 16.0
22337.0 699.0 16.0
22337.0 699.0 16.0
22401.0 701.0 16.0
22401.0 701.0 16.0
22433.0 702.0 16.0
22433.0 702.0 16.0
22497.0 704.0 16.0
22497.0 704.0 16.0
22497.0 704.0 16.0
22561.0 706.0 16.0
22689.0 710.0 16.0
22753.0 712.0 16.0
22881.0 716.0 16.0
22881.0 716.0 16.0
22913.0 717.0 16.0
22913.0 717.0 16.0
22945.0 718.0 16.0
22977.0 719.0 16.0
23073.0 722.0 16.0
23073.0 722.0 16.0
24065.0 753.0 16.0
25281.0 791.0 16.0
