rev4
2.12077692E8 6627439.0 16.0
2.12282992E8 6633850.0 16.0
2.12469584E8 6639682.0 16.0
2.1249944E8 6640615.0 16.0
2.12521157E8 6641297.0 16.0
2.12633844E8 6644820.0 16.0
2.12688673E8 6646528.0 16.0
2.12889927E8 6652818.0 16.0
2.12922838E8 6653845.0 16.0
2.1294704E8 6654603.0 16.0
2.1296988E8 6655315.0 16.0
2.13123019E8 6660102.0 16.0
2.13481802E8 6671316.0 16.0
2.13521346E8 6672548.0 16.0
2.13736421E8 6679273.0 16.0
2.13806339E8 6681453.0 16.0
2.14073689E8 6689811.0 16.0
2.14204696E8 6693901.0 16.0
2.14529023E8 6704041.0 16.0
2.14775374E8 6711738.0 16.0
2.15065509E8 6720807.0 16.0
2.15203049E8 6725103.0 16.0
2.15347852E8 6729627.0 16.0
2.15467851E8 6733380.0 16.0
2.15492718E8 6734158.0 16.0
2.15681042E8 6740042.0 16.0
2.15792428E8 6743521.0 16.0
2.15836103E8 6744887.0 16.0
2.1598934E8 6749677.0 16.0
2.16085742E8 6752686.0 16.0
2.16172405E8 6755396.0 16.0
2.16176161E8 6755515.0 16.0
2.16176884E8 6755535.0 16.0
2.16236258E8 6757394.0 16.0
2.16410012E8 6762822.0 16.0
2.16425114E8 6763295.0 16.0
2.16707818E8 6772126.0 16.0
2.16848722E8 6776530.0 16.0
2.16864844E8 6777038.0 16.0
2.16983205E8 6780733.0 16.0
2.17200547E8 6787526.0 16.0
2.17236832E8 6788660.0 16.0
2.17409006E8 6794041.0 16.0
2.18121207E8 6816296.0 16.0
2.18268134E8 6820888.0 16.0
2.18358407E8 6823712.0 16.0
2.18535391E8 6829237.0 16.0
2.18577469E8 6830555.0 16.0
2.1857783E8 6830566.0 16.0
2.18663824E8 6833256.0 16.0
2.18932194E8 6841639.0 16.0
2.19055719E8 6845499.0 16.0
2.19086691E8 6846468.0 16.0
2.19243827E8 6851379.0 16.0
2.19424329E8 6857018.0 16.0
2.19445899E8 6857692.0 16.0
2.19506073E8 6859574.0 16.0
2.19594626E8 6862340.0 16.0
2.19817419E8 6869302.0 16.0
2.20020362E8 6875644.0 16.0
2.20225987E8 6882070.0 16.0
2.20485091E8 6890169.0 16.0
2.20683991E8 6896383.0 16.0
2.20806057E8 6900199.0 16.0
2.20971721E8 6905376.0 16.0
2.20998281E8 6906202.0 16.0
2.21123422E8 6910121.0 16.0
2.21125782E8 6910190.0 16.0
2.21311874E8 6916004.0 16.0
2.21725429E8 6928930.0 16.0
2.21984931E8 6937036.0 16.0
2.22291697E8 6946623.0 16.0
2.2231248E8 6947275.0 16.0
2.22574474E8 6955462.0 16.0
2.2283959E8 6963745.0 16.0
2.23434595E8 6982340.0 16.0
2.23454662E8 6982966.0 16.0
2.24020856E8 7000660.0 16.0
2.24159918E8 7005011.0 16.0
2.24232692E8 7007279.0 16.0
2.2461897E8 7019355.0 16.0
2.24633918E8 7019817.0 16.0
2.25088681E8 7034030.0 16.0
2.25955077E8 7061104.0 16.0
2.26296918E8 7071787.0 16.0
2.26382404E8 7074457.0 16.0
2.2661344E8 7081683.0 16.0
2.2676535E8 7086425.0 16.0
2.27583955E8 7112009.0 16.0
2.2776085E8 7117539.0 16.0
2.28040541E8 7126276.0 16.0
2.2806978E8 7127191.0 16.0
2.28104916E8 7128291.0 16.0
2.28629394E8 7144677.0 16.0
2.28874349E8 7152333.0 16.0
2.30525863E8 7203942.0 16.0
2.32550998E8 7267228.0 16.0
2.329679E8 7280255.0 16.0
2.34619395E8 7331866.0 16.0
2.62907169E8 8215858.0 16.0
