rev4
1.02851568E8 3214116.0 16.0
1.03146789E8 3223341.0 16.0
1.03410962E8 3231598.0 16.0
1.04215389E8 3256736.0 16.0
1.04226231E8 3257074.0 16.0
1.04296309E8 3259266.0 16.0
1.04499484E8 3265614.0 16.0
1.04571584E8 3267870.0 16.0
1.04615844E8 3269250.0 16.0
1.04715593E8 3272366.0 16.0
1.04716203E8 3272384.0 16.0
1.04717601E8 3272429.0 16.0
1.0491033E8 3278452.0 16.0
1.05295049E8 3290475.0 16.0
1.05317915E8 3291191.0 16.0
1.05506605E8 3297089.0 16.0
1.05537457E8 3298050.0 16.0
1.05586784E8 3299592.0 16.0
1.05603598E8 3300118.0 16.0
1.05653918E8 3301689.0 16.0
1.05795654E8 3306119.0 16.0
1.05840404E8 3307517.0 16.0
1.06004279E8 3312638.0 16.0
1.06110603E8 3315963.0 16.0
1.06151366E8 3317235.0 16.0
1.06178885E8 3318095.0 16.0
1.0618721E8 3318355.0 16.0
1.06243922E8 3320128.0 16.0
1.06272079E8 3321007.0 16.0
1.06285267E8 3321419.0 16.0
1.06307617E8 3322121.0 16.0
1.06346833E8 3323344.0 16.0
1.06374334E8 3324203.0 16.0
1.06395589E8 3324867.0 16.0
1.06494587E8 3327962.0 16.0
1.06684829E8 3333905.0 16.0
1.0671988E8 3335001.0 16.0
1.06817033E8 3338038.0 16.0
1.06943965E8 3342004.0 16.0
1.07083827E8 3346375.0 16.0
1.07125257E8 3347668.0 16.0
1.0718903E8 3349661.0 16.0
1.07254702E8 3351715.0 16.0
1.07265065E8 3352039.0 16.0
1.07273533E8 3352303.0 16.0
1.07379977E8 3355629.0 16.0
1.07515353E8 3359857.0 16.0
1.07549744E8 3360936.0 16.0
1.07687077E8 3365226.0 16.0
1.07744136E8 3367010.0 16.0
1.07894184E8 3371697.0 16.0
1.07975213E8 3374232.0 16.0
1.08005605E8 3375181.0 16.0
1.08020207E8 3375637.0 16.0
1.08089493E8 3377802.0 16.0
1.08121102E8 3378790.0 16.0
1.08176358E8 3380517.0 16.0
1.08257848E8 3383061.0 16.0
1.08390094E8 3387195.0 16.0
1.08412589E8 3387899.0 16.0
1.08635214E8 3394856.0 16.0
1.0882042E8 3400642.0 16.0
1.08917105E8 3403664.0 16.0
1.0894418E8 3404510.0 16.0
1.08976176E8 3405513.0 16.0
1.09104253E8 3409511.0 16.0
1.09181441E8 3411926.0 16.0
1.09197417E8 3412425.0 16.0
1.09221493E8 3413176.0 16.0
1.09294193E8 3415449.0 16.0
1.094043E8 3418889.0 16.0
1.09413909E8 3419189.0 16.0
1.09486779E8 3421465.0 16.0
1.09605187E8 3425167.0 16.0
1.09649622E8 3426555.0 16.0
1.09711251E8 3428480.0 16.0
1.09893777E8 3434184.0 16.0
1.09970911E8 3436600.0 16.0
1.10062551E8 3439461.0 16.0
1.10104494E8 3440769.0 16.0
1.10334593E8 3447963.0 16.0
1.10387859E8 3449625.0 16.0
1.10482971E8 3452599.0 16.0
1.10933527E8 3466678.0 16.0
1.10939598E8 3466868.0 16.0
1.10953861E8 3467314.0 16.0
1.1105508E8 3470477.0 16.0
1.11061766E8 3470686.0 16.0
1.11203217E8 3475107.0 16.0
1.11281493E8 3477551.0 16.0
1.11524612E8 3485149.0 16.0
1.11782929E8 3493220.0 16.0
1.11968021E8 3499005.0 16.0
1.12431796E8 3513497.0 16.0
1.12629797E8 3519688.0 16.0
1.13492222E8 3546638.0 16.0
1.14121667E8 3566305.0 16.0
1.1517778E8 3599309.0 16.0
1.1571906E8 3616227.0 16.0
1.1657854E8 3643085.0 16.0
