rev4
105729.0 3305.0 16.0
110081.0 3441.0 16.0
110112.0 3442.0 16.0
110881.0 3466.0 16.0
110881.0 3466.0 16.0
111329.0 3480.0 16.0
111329.0 3480.0 16.0
112033.0 3502.0 16.0
112321.0 3511.0 16.0
112353.0 3512.0 16.0
112608.0 3520.0 16.0
112641.0 3521.0 16.0
112737.0 3524.0 16.0
112897.0 3529.0 16.0
112993.0 3532.0 16.0
113025.0 3533.0 16.0
113089.0 3535.0 16.0
113217.0 3539.0 16.0
113313.0 3542.0 16.0
113441.0 3546.0 16.0
113473.0 3547.0 16.0
113505.0 3548.0 16.0
113569.0 3550.0 16.0
113697.0 3554.0 16.0
113985.0 3563.0 16.0
114401.0 3576.0 16.0
114529.0 3580.0 16.0
114625.0 3583.0 16.0
114655.0 3584.0 16.0
114785.0 3588.0 16.0
115105.0 3598.0 16.0
115265.0 3603.0 16.0
115329.0 3605.0 16.0
115361.0 3606.0 16.0
115425.0 3608.0 16.0
115553.0 3612.0 16.0
115553.0 3612.0 16.0
115553.0 3612.0 16.0
115649.0 3615.0 16.0
115873.0 3622.0 16.0
115873.0 3622.0 16.0
116161.0 3631.0 16.0
116193.0 3632.0 16.0
116257.0 3634.0 16.0
116353.0 3637.0 16.0
116673.0 3647.0 16.0
116705.0 3648.0 16.0
117153.0 3662.0 16.0
117153.0 3662.0 16.0
117377.0 3669.0 16.0
117697.0 3679.0 16.0
118081.0 3691.0 16.0
118273.0 3697.0 16.0
118273.0 3697.0 16.0
118305.0 3698.0 16.0
118337.0 3699.0 16.0
118433.0 3702.0 16.0
118593.0 3707.0 16.0
118753.0 3712.0 16.0
118753.0 3712.0 16.0
118913.0 3717.0 16.0
119009.0 3720.0 16.0
119073.0 3722.0 16.0
119169.0 3725.0 16.0
119681.0 3741.0 16.0
119745.0 3743.0 16.0
119809.0 3745.0 16.0
120001.0 3751.0 16.0
120257.0 3759.0 16.0
121153.0 3787.0 16.0
121409.0 3795.0 16.0
121505.0 3798.0 16.0
121761.0 3806.0 16.0
122241.0 3821.0 16.0
122497.0 3829.0 16.0
122561.0 3831.0 16.0
122689.0 3835.0 16.0
122977.0 3844.0 16.0
123233.0 3852.0 16.0
124545.0 3893.0 16.0
124705.0 3898.0 16.0
124833.0 3902.0 16.0
125057.0 3909.0 16.0
125729.0 3930.0 16.0
125953.0 3937.0 16.0
126113.0 3942.0 16.0
126113.0 3942.0 16.0
127681.0 3991.0 16.0
127937.0 3999.0 16.0
128961.0 4031.0 16.0
129344.0 4043.0 16.0
129537.0 4049.0 16.0
131233.0 4102.0 16.0
131937.0 4124.0 16.0
133185.0 4163.0 16.0
135713.0 4242.0 16.0
135873.0 4247.0 16.0
138689.0 4335.0 16.0
138849.0 4340.0 16.0
142881.0 4466.0 16.0
