rev4
2593.0 82.0 16.0
2721.0 86.0 16.0
2881.0 91.0 16.0
2945.0 93.0 16.0
2945.0 93.0 16.0
2945.0 93.0 16.0
2945.0 93.0 16.0
3041.0 96.0 16.0
3105.0 98.0 16.0
3169.0 100.0 16.0
3201.0 101.0 16.0
3201.0 101.0 16.0
3297.0 104.0 16.0
3329.0 105.0 16.0
3329.0 105.0 16.0
3329.0 105.0 16.0
3393.0 107.0 16.0
3393.0 107.0 16.0
3425.0 108.0 16.0
3457.0 109.0 16.0
3457.0 109.0 16.0
3457.0 109.0 16.0
3489.0 110.0 16.0
3521.0 111.0 16.0
3521.0 111.0 16.0
3521.0 111.0 16.0
3553.0 112.0 16.0
3585.0 113.0 16.0
3585.0 113.0 16.0
3585.0 113.0 16.0
3585.0 113.0 16.0
3585.0 113.0 16.0
3617.0 114.0 16.0
3617.0 114.0 16.0
3617.0 114.0 16.0
3617.0 114.0 16.0
3649.0 115.0 16.0
3681.0 116.0 16.0
3681.0 116.0 16.0
3681.0 116.0 16.0
3713.0 117.0 16.0
3713.0 117.0 16.0
3745.0 118.0 16.0
3745.0 118.0 16.0
3745.0 118.0 16.0
3745.0 118.0 16.0
3745.0 118.0 16.0
3745.0 118.0 16.0
3777.0 119.0 16.0
3809.0 120.0 16.0
3809.0 120.0 16.0
3841.0 121.0 16.0
3873.0 122.0 16.0
3873.0 122.0 16.0
3873.0 122.0 16.0
3905.0 123.0 16.0
3905.0 123.0 16.0
3937.0 124.0 16.0
3937.0 124.0 16.0
3937.0 124.0 16.0
3937.0 124.0 16.0
3937.0 124.0 16.0
3969.0 125.0 16.0
3969.0 125.0 16.0
3969.0 125.0 16.0
3969.0 125.0 16.0
4001.0 126.0 16.0
4001.0 126.0 16.0
4001.0 126.0 16.0
4001.0 126.0 16.0
4033.0 127.0 16.0
4033.0 127.0 16.0
4033.0 127.0 16.0
4065.0 128.0 16.0
4065.0 128.0 16.0
4097.0 129.0 16.0
4161.0 131.0 16.0
4161.0 131.0 16.0
4161.0 131.0 16.0
4193.0 132.0 16.0
4193.0 132.0 16.0
4225.0 133.0 16.0
4257.0 134.0 16.0
4289.0 135.0 16.0
4321.0 136.0 16.0
4321.0 136.0 16.0
4353.0 137.0 16.0
4353.0 137.0 16.0
4353.0 137.0 16.0
4385.0 138.0 16.0
4417.0 139.0 16.0
4449.0 140.0 16.0
4481.0 141.0 16.0
4545.0 143.0 16.0
4577.0 144.0 16.0
4609.0 145.0 16.0
4673.0 147.0 16.0
4769.0 150.0 16.0
4865.0 153.0 16.0
5409.0 170.0 16.0
