rev4
3634465.0 113579.0 16.0
3653825.0 114183.0 16.0
3669792.0 114682.0 16.0
3689568.0 115300.0 16.0
3719936.0 116249.0 16.0
3722076.0 116316.0 16.0
3724641.0 116396.0 16.0
3739857.0 116872.0 16.0
3741505.0 116923.0 16.0
3748095.0 117129.0 16.0
3757310.0 117417.0 16.0
3758496.0 117454.0 16.0
3764961.0 117656.0 16.0
3765984.0 117688.0 16.0
3771841.0 117871.0 16.0
3772448.0 117890.0 16.0
3775489.0 117985.0 16.0
3776225.0 118008.0 16.0
3783456.0 118234.0 16.0
3784864.0 118278.0 16.0
3789120.0 118411.0 16.0
3795361.0 118606.0 16.0
3797281.0 118666.0 16.0
3802257.0 118822.0 16.0
3805471.0 118922.0 16.0
3805825.0 118933.0 16.0
3806945.0 118968.0 16.0
3808704.0 119023.0 16.0
3808767.0 119025.0 16.0
3815744.0 119243.0 16.0
3817725.0 119305.0 16.0
3824609.0 119520.0 16.0
3832865.0 119778.0 16.0
3833406.0 119795.0 16.0
3835375.0 119857.0 16.0
3839534.0 119987.0 16.0
3841216.0 120039.0 16.0
3841472.0 120047.0 16.0
3844000.0 120126.0 16.0
3846463.0 120203.0 16.0
3846689.0 120210.0 16.0
3849888.0 120310.0 16.0
3851840.0 120371.0 16.0
3853344.0 120418.0 16.0
3860544.0 120643.0 16.0
3870592.0 120957.0 16.0
3876416.0 121139.0 16.0
3878863.0 121216.0 16.0
3880672.0 121272.0 16.0
3884638.0 121396.0 16.0
3888767.0 121525.0 16.0
3890144.0 121568.0 16.0
3894688.0 121710.0 16.0
3898049.0 121815.0 16.0
3912449.0 122266.0 16.0
3913151.0 122287.0 16.0
3918145.0 122443.0 16.0
3922720.0 122586.0 16.0
3935681.0 122991.0 16.0
3936351.0 123012.0 16.0
3941537.0 123174.0 16.0
3955007.0 123595.0 16.0
3960925.0 123780.0 16.0
3967457.0 123984.0 16.0
3980769.0 124400.0 16.0
3981872.0 124435.0 16.0
3988480.0 124641.0 16.0
3992321.0 124761.0 16.0
4008991.0 125282.0 16.0
4015870.0 125497.0 16.0
4017409.0 125545.0 16.0
4021824.0 125683.0 16.0
4026287.0 125823.0 16.0
4033056.0 126034.0 16.0
4034767.0 126088.0 16.0
4037982.0 126188.0 16.0
4037983.0 126188.0 16.0
4041952.0 126312.0 16.0
4050849.0 126590.0 16.0
4074209.0 127320.0 16.0
4092753.0 127900.0 16.0
4107775.0 128369.0 16.0
4115136.0 128599.0 16.0
4117007.0 128658.0 16.0
4143281.0 129479.0 16.0
4147837.0 129621.0 16.0
4156640.0 129896.0 16.0
4156880.0 129904.0 16.0
4167712.0 130242.0 16.0
4184001.0 130751.0 16.0
4189983.0 130938.0 16.0
4190095.0 130942.0 16.0
4202367.0 131325.0 16.0
4220704.0 131898.0 16.0
4278271.0 133697.0 16.0
4284736.0 133899.0 16.0
4369263.0 136541.0 16.0
4390379.0 137201.0 16.0
4395615.0 137364.0 16.0
4458333.0 139324.0 16.0
