rev4
215137.0 6724.0 16.0
216961.0 6781.0 16.0
216993.0 6782.0 16.0
218048.0 6815.0 16.0
221761.0 6931.0 16.0
222689.0 6960.0 16.0
223393.0 6982.0 16.0
223489.0 6985.0 16.0
223713.0 6992.0 16.0
225537.0 7049.0 16.0
225792.0 7057.0 16.0
226177.0 7069.0 16.0
226593.0 7082.0 16.0
226657.0 7084.0 16.0
226945.0 7093.0 16.0
227489.0 7110.0 16.0
227553.0 7112.0 16.0
227777.0 7119.0 16.0
227809.0 7120.0 16.0
228001.0 7126.0 16.0
228193.0 7132.0 16.0
228225.0 7133.0 16.0
228289.0 7135.0 16.0
228481.0 7141.0 16.0
229089.0 7160.0 16.0
229089.0 7160.0 16.0
229377.0 7169.0 16.0
229921.0 7186.0 16.0
230817.0 7214.0 16.0
230977.0 7219.0 16.0
231009.0 7220.0 16.0
231297.0 7229.0 16.0
231617.0 7239.0 16.0
231937.0 7249.0 16.0
232001.0 7251.0 16.0
232417.0 7264.0 16.0
232577.0 7269.0 16.0
232801.0 7276.0 16.0
233377.0 7294.0 16.0
233601.0 7301.0 16.0
233665.0 7303.0 16.0
233665.0 7303.0 16.0
234017.0 7314.0 16.0
234337.0 7324.0 16.0
234561.0 7331.0 16.0
234689.0 7335.0 16.0
234753.0 7337.0 16.0
235041.0 7346.0 16.0
235777.0 7369.0 16.0
235873.0 7372.0 16.0
235969.0 7375.0 16.0
236449.0 7390.0 16.0
236513.0 7392.0 16.0
236961.0 7406.0 16.0
237665.0 7428.0 16.0
237696.0 7429.0 16.0
237857.0 7434.0 16.0
238113.0 7442.0 16.0
238465.0 7453.0 16.0
238945.0 7468.0 16.0
239169.0 7475.0 16.0
239201.0 7476.0 16.0
239425.0 7483.0 16.0
239585.0 7488.0 16.0
239905.0 7498.0 16.0
240097.0 7504.0 16.0
240321.0 7511.0 16.0
240577.0 7519.0 16.0
240769.0 7525.0 16.0
240833.0 7527.0 16.0
241281.0 7541.0 16.0
242049.0 7565.0 16.0
242273.0 7572.0 16.0
242657.0 7584.0 16.0
242945.0 7593.0 16.0
244449.0 7640.0 16.0
244481.0 7641.0 16.0
244897.0 7654.0 16.0
245025.0 7658.0 16.0
245441.0 7671.0 16.0
246433.0 7702.0 16.0
246881.0 7716.0 16.0
247201.0 7726.0 16.0
248929.0 7780.0 16.0
249505.0 7798.0 16.0
250721.0 7836.0 16.0
251649.0 7865.0 16.0
252673.0 7897.0 16.0
253057.0 7909.0 16.0
256032.0 8002.0 16.0
257409.0 8045.0 16.0
258401.0 8076.0 16.0
260481.0 8141.0 16.0
261377.0 8169.0 16.0
266689.0 8335.0 16.0
267521.0 8361.0 16.0
268993.0 8407.0 16.0
270145.0 8443.0 16.0
284225.0 8883.0 16.0
284417.0 8889.0 16.0
