rev4
25953.0 812.0 16.0
26241.0 821.0 16.0
26657.0 834.0 16.0
27041.0 846.0 16.0
27169.0 850.0 16.0
27329.0 855.0 16.0
27361.0 856.0 16.0
27617.0 864.0 16.0
27681.0 866.0 16.0
27809.0 870.0 16.0
27809.0 870.0 16.0
27873.0 872.0 16.0
27905.0 873.0 16.0
27937.0 874.0 16.0
27937.0 874.0 16.0
28033.0 877.0 16.0
28065.0 878.0 16.0
28129.0 880.0 16.0
28161.0 881.0 16.0
28161.0 881.0 16.0
28193.0 882.0 16.0
28193.0 882.0 16.0
28193.0 882.0 16.0
28225.0 883.0 16.0
28257.0 884.0 16.0
28289.0 885.0 16.0
28321.0 886.0 16.0
28353.0 887.0 16.0
28353.0 887.0 16.0
28385.0 888.0 16.0
28417.0 889.0 16.0
28449.0 890.0 16.0
28481.0 891.0 16.0
28513.0 892.0 16.0
28577.0 894.0 16.0
28609.0 895.0 16.0
28641.0 896.0 16.0
28705.0 898.0 16.0
28705.0 898.0 16.0
28705.0 898.0 16.0
28833.0 902.0 16.0
28833.0 902.0 16.0
28865.0 903.0 16.0
29025.0 908.0 16.0
29025.0 908.0 16.0
29057.0 909.0 16.0
29121.0 911.0 16.0
29153.0 912.0 16.0
29153.0 912.0 16.0
29185.0 913.0 16.0
29281.0 916.0 16.0
29281.0 916.0 16.0
29281.0 916.0 16.0
29313.0 917.0 16.0
29377.0 919.0 16.0
29377.0 919.0 16.0
29441.0 921.0 16.0
29441.0 921.0 16.0
29473.0 922.0 16.0
29505.0 923.0 16.0
29537.0 924.0 16.0
29537.0 924.0 16.0
29601.0 926.0 16.0
29601.0 926.0 16.0
29601.0 926.0 16.0
29633.0 927.0 16.0
29633.0 927.0 16.0
29729.0 930.0 16.0
29761.0 931.0 16.0
29761.0 931.0 16.0
29761.0 931.0 16.0
30049.0 940.0 16.0
30145.0 943.0 16.0
30177.0 944.0 16.0
30209.0 945.0 16.0
30241.0 946.0 16.0
30273.0 947.0 16.0
30273.0 947.0 16.0
30337.0 949.0 16.0
30497.0 954.0 16.0
30497.0 954.0 16.0
30593.0 957.0 16.0
30753.0 962.0 16.0
30785.0 963.0 16.0
30849.0 965.0 16.0
31105.0 973.0 16.0
31169.0 975.0 16.0
31169.0 975.0 16.0
31361.0 981.0 16.0
31361.0 981.0 16.0
31393.0 982.0 16.0
31489.0 985.0 16.0
31905.0 998.0 16.0
32289.0 1010.0 16.0
32577.0 1019.0 16.0
32865.0 1028.0 16.0
33025.0 1033.0 16.0
33505.0 1048.0 16.0
35073.0 1097.0 16.0
35713.0 1117.0 16.0
