rev4
12193.0 382.0 16.0
12641.0 396.0 16.0
12801.0 401.0 16.0
13185.0 413.0 16.0
13281.0 416.0 16.0
13345.0 418.0 16.0
13441.0 421.0 16.0
13633.0 427.0 16.0
13697.0 429.0 16.0
13697.0 429.0 16.0
13729.0 430.0 16.0
13761.0 431.0 16.0
13793.0 432.0 16.0
13793.0 432.0 16.0
13825.0 433.0 16.0
13889.0 435.0 16.0
13921.0 436.0 16.0
13921.0 436.0 16.0
13921.0 436.0 16.0
13921.0 436.0 16.0
13953.0 437.0 16.0
13953.0 437.0 16.0
14017.0 439.0 16.0
14017.0 439.0 16.0
14017.0 439.0 16.0
14081.0 441.0 16.0
14113.0 442.0 16.0
14113.0 442.0 16.0
14145.0 443.0 16.0
14145.0 443.0 16.0
14145.0 443.0 16.0
14209.0 445.0 16.0
14209.0 445.0 16.0
14241.0 446.0 16.0
14305.0 448.0 16.0
14305.0 448.0 16.0
14337.0 449.0 16.0
14337.0 449.0 16.0
14337.0 449.0 16.0
14369.0 450.0 16.0
14401.0 451.0 16.0
14401.0 451.0 16.0
14433.0 452.0 16.0
14465.0 453.0 16.0
14465.0 453.0 16.0
14497.0 454.0 16.0
14529.0 455.0 16.0
14529.0 455.0 16.0
14593.0 457.0 16.0
14625.0 458.0 16.0
14625.0 458.0 16.0
14657.0 459.0 16.0
14721.0 461.0 16.0
14721.0 461.0 16.0
14721.0 461.0 16.0
14785.0 463.0 16.0
14785.0 463.0 16.0
14785.0 463.0 16.0
14849.0 465.0 16.0
14849.0 465.0 16.0
14849.0 465.0 16.0
14881.0 466.0 16.0
14945.0 468.0 16.0
14977.0 469.0 16.0
15009.0 470.0 16.0
15041.0 471.0 16.0
15041.0 471.0 16.0
15041.0 471.0 16.0
15073.0 472.0 16.0
15105.0 473.0 16.0
15137.0 474.0 16.0
15169.0 475.0 16.0
15329.0 480.0 16.0
15361.0 481.0 16.0
15393.0 482.0 16.0
15457.0 484.0 16.0
15489.0 485.0 16.0
15585.0 488.0 16.0
15585.0 488.0 16.0
15617.0 489.0 16.0
15681.0 491.0 16.0
15745.0 493.0 16.0
15745.0 493.0 16.0
15777.0 494.0 16.0
15937.0 499.0 16.0
16033.0 502.0 16.0
16097.0 504.0 16.0
16097.0 504.0 16.0
16097.0 504.0 16.0
16257.0 509.0 16.0
16321.0 511.0 16.0
16353.0 512.0 16.0
16577.0 519.0 16.0
16641.0 521.0 16.0
16737.0 524.0 16.0
17025.0 533.0 16.0
17121.0 536.0 16.0
17121.0 536.0 16.0
17249.0 540.0 16.0
18271.0 572.0 16.0
