rev4
1789969.0 55938.0 16.0
1792273.0 56011.0 16.0
1796865.0 56153.0 16.0
1801632.0 56302.0 16.0
1806785.0 56463.0 16.0
1811937.0 56624.0 16.0
1841553.0 57550.0 16.0
1842913.0 57592.0 16.0
1844480.0 57641.0 16.0
1847809.0 57745.0 16.0
1853665.0 57928.0 16.0
1855744.0 57993.0 16.0
1856512.0 58017.0 16.0
1860161.0 58131.0 16.0
1861217.0 58164.0 16.0
1866624.0 58333.0 16.0
1867105.0 58348.0 16.0
1868433.0 58390.0 16.0
1869376.0 58419.0 16.0
1871153.0 58475.0 16.0
1873505.0 58548.0 16.0
1876769.0 58650.0 16.0
1877217.0 58664.0 16.0
1877953.0 58687.0 16.0
1878785.0 58713.0 16.0
1879201.0 58726.0 16.0
1884353.0 58887.0 16.0
1885473.0 58922.0 16.0
1886177.0 58944.0 16.0
1891361.0 59106.0 16.0
1891872.0 59122.0 16.0
1893088.0 59160.0 16.0
1894944.0 59218.0 16.0
1896097.0 59254.0 16.0
1898400.0 59326.0 16.0
1901600.0 59426.0 16.0
1903649.0 59490.0 16.0
1906721.0 59586.0 16.0
1908129.0 59630.0 16.0
1916385.0 59888.0 16.0
1917921.0 59936.0 16.0
1922272.0 60072.0 16.0
1927361.0 60231.0 16.0
1929311.0 60292.0 16.0
1933761.0 60431.0 16.0
1934529.0 60455.0 16.0
1936191.0 60507.0 16.0
1936641.0 60521.0 16.0
1936929.0 60530.0 16.0
1937438.0 60546.0 16.0
1939198.0 60601.0 16.0
1940065.0 60628.0 16.0
1941473.0 60672.0 16.0
1945633.0 60802.0 16.0
1951569.0 60988.0 16.0
1951873.0 60997.0 16.0
1952576.0 61019.0 16.0
1957119.0 61161.0 16.0
1960641.0 61271.0 16.0
1964417.0 61389.0 16.0
1965328.0 61418.0 16.0
1965761.0 61431.0 16.0
1966337.0 61449.0 16.0
1967809.0 61495.0 16.0
1968737.0 61524.0 16.0
1970113.0 61567.0 16.0
1971361.0 61606.0 16.0
1975233.0 61727.0 16.0
1982209.0 61945.0 16.0
1983681.0 61991.0 16.0
1984961.0 62031.0 16.0
1988065.0 62128.0 16.0
1989089.0 62160.0 16.0
1996225.0 62383.0 16.0
1996865.0 62403.0 16.0
2000193.0 62507.0 16.0
2000865.0 62528.0 16.0
2007968.0 62750.0 16.0
2014081.0 62941.0 16.0
2017024.0 63033.0 16.0
2018017.0 63064.0 16.0
2021473.0 63172.0 16.0
2023009.0 63220.0 16.0
2025313.0 63292.0 16.0
2025473.0 63297.0 16.0
2042576.0 63832.0 16.0
2046721.0 63961.0 16.0
2046801.0 63964.0 16.0
2062401.0 64451.0 16.0
2063200.0 64476.0 16.0
2068849.0 64653.0 16.0
2069248.0 64665.0 16.0
2071361.0 64731.0 16.0
2097249.0 65540.0 16.0
2128272.0 66510.0 16.0
2133086.0 66660.0 16.0
2139713.0 66867.0 16.0
2191391.0 68482.0 16.0
2197408.0 68670.0 16.0
2249697.0 70304.0 16.0
