rev3
13819.0 3978.0 25.62890625000125
14065.0 4029.0 28.36304716857144
14327.0 4060.0 42.54457075285754
14356.0 4115.0 38.44335937500303
14473.0 4213.0 25.62890625000244
14546.0 4057.0 31.38887148906619
14593.0 4054.0 34.7374965567461
14700.0 3998.0 38.44335937500415
14794.0 4113.0 52.10624483511993
14818.0 4067.0 28.363047168572006
14843.0 4055.0 34.737496556746756
14853.0 4110.0 63.816856129286926
14880.0 4102.0 47.0833072335978
14914.0 4181.0 34.73749655674646
14996.0 4174.0 38.443359375003844
15000.0 4152.0 38.44335937500238
15003.0 4065.0 63.8168561292866
15010.0 4027.0 38.44335937500494
15068.0 4119.0 47.083307233599186
15080.0 4075.0 63.81685612928831
15081.0 4116.0 47.083307233599086
15112.0 4148.0 34.73749655674658
15114.0 4016.0 42.544570752856394
15142.0 4081.0 34.73749655674667
15146.0 3991.0 28.363047168572653
15157.0 4138.0 57.66503906250515
15163.0 4112.0 52.106244835120314
15182.0 4156.0 38.4433593750026
15207.0 4026.0 47.08330723360019
15215.0 4047.0 38.44335937500226
15222.0 4069.0 52.10624483511926
15280.0 3965.0 47.08330723359978
15314.0 4075.0 42.544570752859194
15334.0 4091.0 52.10624483512164
15347.0 4022.0 86.49755859375936
15348.0 4183.0 34.73749655674661
15350.0 3929.0 42.5445707528576
15352.0 4068.0 42.54457075285703
15381.0 4058.0 52.106244835119945
15384.0 4186.0 63.81685612928727
15421.0 4174.0 47.08330723359947
15422.0 4140.0 63.81685612928697
15432.0 4016.0 78.15936725267859
15518.0 4027.0 70.62496085039894
15619.0 4098.0 38.443359375003006
15632.0 4069.0 57.665039062505535
15643.0 4171.0 42.54457075285742
15646.0 4162.0 63.81685612929003
15708.0 4073.0 47.08330723359954
15712.0 4101.0 86.4975585937566
15749.0 4215.0 63.81685612928586
15761.0 4186.0 57.66503906250425
15777.0 4157.0 42.54457075285796
15824.0 4169.0 38.44335937500406
15833.0 4228.0 57.66503906250487
15861.0 4159.0 52.10624483511895
15871.0 4071.0 38.443359375003766
15889.0 4018.0 38.443359375003034
15904.0 4130.0 78.15936725268116
15945.0 4068.0 78.15936725268125
15958.0 4245.0 57.66503906250531
15966.0 4036.0 52.10624483511876
15971.0 4081.0 52.10624483511769
16041.0 4082.0 57.66503906250465
16088.0 4000.0 57.665039062505286
16110.0 4120.0 95.72528419392954
16120.0 4064.0 34.73749655674704
16126.0 4251.0 70.62496085039838
16132.0 4070.0 95.72528419392839
16145.0 4106.0 86.49755859375766
16164.0 4171.0 57.665039062503844
16167.0 4231.0 70.62496085040067
16181.0 4073.0 78.15936725267976
16201.0 4159.0 57.6650390625052
16216.0 4107.0 34.737496556746876
16226.0 3995.0 47.08330723359972
16258.0 4102.0 63.81685612928766
16290.0 4095.0 52.106244835117906
16293.0 4197.0 57.665039062504334
16296.0 4204.0 38.44335937500476
16300.0 4039.0 52.10624483511901
16305.0 4131.0 42.544570752859634
16323.0 4027.0 70.62496085039814
16402.0 4020.0 57.66503906250667
16421.0 4086.0 70.6249608503982
16450.0 4062.0 52.10624483511913
16454.0 4151.0 63.816856129285824
16484.0 4136.0 38.44335937500272
16530.0 4081.0 47.08330723359859
16570.0 4045.0 57.66503906250329
16619.0 4010.0 117.23905087901855
16684.0 4062.0 52.10624483512
16926.0 4120.0 57.665039062505016
17106.0 4092.0 78.1593672526795
17239.0 4076.0 105.9374412755991
17428.0 4155.0 86.49755859375674
17449.0 4077.0 95.72528419393048
17579.0 4114.0 63.816856129286535
18413.0 3962.0 238.35924287008825
18494.0 4007.0 117.23905087902253
