rev2
2.2438377E7 4147403.0 1090.3708153065386
2.2459383E7 4150708.0 1335.426063970651
2.2471109E7 4144482.0 985.2612533831108
2.2481591E7 4145484.0 2003.1390959364264
2.2482183E7 4147220.0 985.2612533856648
2.2483885E7 4142818.0 1477.8918800977885
2.2484463E7 4145989.0 2003.1390959480182
2.2485939E7 4144705.0 1206.6936670695816
2.2486989E7 4143933.0 1635.5562229475352
2.2489155E7 4151059.0 1477.8918800860586
2.2490419E7 4149240.0 1335.4260639731256
2.2493687E7 4146989.0 1477.8918800675854
2.2494047E7 4139402.0 2216.837820084895
2.2494131E7 4150003.0 2003.1390959289947
2.2494267E7 4148726.0 2715.0607508741773
2.2497061E7 4146196.0 1206.6936670489779
2.2500781E7 4151968.0 1635.556222942736
2.2501055E7 4146837.0 1206.6936670627015
2.2506687E7 4151202.0 2216.837820105997
2.2508351E7 4147241.0 2453.334334414348
2.2512279E7 4148018.0 804.4624447121613
2.2515199E7 4148216.0 726.9138768717524
2.2516601E7 4146649.0 1335.4260639564084
2.2517871E7 4147298.0 1090.370815301456
2.2520549E7 4145615.0 1635.5562229580946
2.2521913E7 4143597.0 1810.0405006062088
2.2522511E7 4149323.0 1477.891880092201
2.2524707E7 4146976.0 1090.370815314545
2.2533577E7 4146479.0 2003.139095932913
2.2533701E7 4145924.0 1206.6936670771408
2.2535165E7 4144470.0 985.2612533829098
2.2536597E7 4149576.0 1810.040500600944
2.2539771E7 4151182.0 1477.8918800694782
2.2541219E7 4145422.0 2003.1390959450277
2.2541661E7 4148309.0 2216.8378201323685
2.2542269E7 4146621.0 1635.556222966253
2.2543209E7 4149073.0 1810.0405006082046
2.2544631E7 4150695.0 2216.83782014017
2.2544693E7 4148059.0 2453.3343344311634
2.2546143E7 4144218.0 1810.0405005934965
2.2546263E7 4145423.0 4072.591126313049
2.2547873E7 4142023.0 2003.139095951805
2.2549705E7 4145302.0 1335.4260639547547
2.2549785E7 4152781.0 1206.6936670766966
2.2550403E7 4149018.0 1090.3708153154732
2.2550813E7 4148228.0 3004.7086439047393
2.2553471E7 4149174.0 3325.2567301803056
2.2558979E7 4148367.0 1477.8918800923473
2.2559993E7 4148097.0 1206.6936670718694
2.2562727E7 4146366.0 2453.334334452828
2.2568371E7 4146933.0 1206.693667068608
2.2568475E7 4149827.0 1635.556222948154
2.2569361E7 4147151.0 1635.5562229415823
2.2569945E7 4148051.0 1635.556222961783
2.2572307E7 4145857.0 2715.0607508919516
2.2574923E7 4145613.0 1810.0405006091344
2.2576731E7 4149583.0 1206.6936670601012
2.2577073E7 4149075.0 1206.693667073621
2.2577619E7 4146030.0 1635.556222954162
2.2578841E7 4144878.0 2453.3343344383143
2.2579853E7 4146679.0 1335.426063963082
2.2581101E7 4148267.0 1635.5562229528969
2.2584775E7 4146328.0 1810.0405006021215
2.2589147E7 4150484.0 4987.885095285833
2.2592689E7 4143126.0 1810.040500622632
2.2595321E7 4148801.0 1810.0405006072974
2.2597933E7 4146321.0 2453.3343344295427
2.2599363E7 4146433.0 1477.8918800917693
2.2600133E7 4153080.0 1810.0405005996013
2.2601367E7 4152698.0 1335.4260639588435
2.2603039E7 4144352.0 2453.3343344398863
2.2603901E7 4146138.0 3325.2567301540453
2.2604773E7 4146532.0 1810.0405005908578
2.2614283E7 4141205.0 1477.8918800838937
2.2615379E7 4144947.0 1090.3708152916383
2.2616795E7 4150159.0 1477.8918800843564
2.2617763E7 4147703.0 2003.1390959344162
2.2621025E7 4144548.0 3004.708643921495
2.2621679E7 4144573.0 1635.5562229718107
2.2628669E7 4147072.0 1635.556222957152
2.2631147E7 4150294.0 3004.7086439024174
2.2631717E7 4146704.0 3680.001501664922
2.2637833E7 4142781.0 3680.0015016638663
2.2643159E7 4143360.0 2216.837820133033
2.2645529E7 4146516.0 1810.040500601581
2.2645755E7 4151215.0 3004.7086438941947
2.2649611E7 4147819.0 1810.0405006042583
2.2651871E7 4145826.0 4987.8850953105775
2.2653671E7 4146319.0 3325.256730210289
2.2661267E7 4146560.0 1477.8918800712747
2.2662827E7 4149765.0 1206.6936670628447
2.2672521E7 4150149.0 2715.06075086772
2.2684257E7 4145632.0 2715.0607508987778
2.2689497E7 4148158.0 4507.06296581691
2.2690857E7 4146836.0 5520.002252492716
2.2699451E7 4150899.0 1635.5562229744621
2.2724115E7 4150070.0 2003.139095935073
2.2728573E7 4149070.0 6760.594448825289
2.2802495E7 4150808.0 4072.591126355072
2.2805255E7 4150462.0 4072.591126389184
