rev3
121678.0 32281.0 95.72528419395059
122049.0 32049.0 78.15936725269664
122332.0 32233.0 143.587926290973
122589.0 32228.0 105.93744127563994
123545.0 32159.0 86.49755859379651
123973.0 32337.0 95.72528419397104
123978.0 32756.0 95.7252841939688
124466.0 32056.0 105.93744127563835
124808.0 32470.0 175.85857631855737
124891.0 32311.0 215.38188943642024
125006.0 32602.0 78.15936725270419
125110.0 32226.0 129.74633789069148
125140.0 32457.0 105.93744127565546
125237.0 32213.0 129.7463378907032
125251.0 32051.0 158.9061619134706
125253.0 32183.0 78.15936725271715
125444.0 32138.0 158.90616191342409
125455.0 32236.0 194.61950683602007
125491.0 32083.0 143.58792629095547
125723.0 32858.0 105.93744127564452
125729.0 32382.0 129.74633789066803
125833.0 32369.0 143.58792629095706
125964.0 32869.0 143.58792629094842
125988.0 32385.0 143.58792629095825
126142.0 32343.0 143.5879262909631
126161.0 32209.0 291.9292602540087
126183.0 32502.0 86.49755859378668
126212.0 32637.0 105.93744127563275
126285.0 32445.0 129.746337890706
126477.0 32131.0 215.38188943639184
126628.0 33128.0 143.58792629095694
126838.0 32307.0 194.61950683602674
126846.0 32469.0 117.23905087907076
126874.0 32522.0 129.74633789070154
126933.0 31989.0 158.90616191346697
127018.0 32798.0 129.74633789070162
127049.0 32417.0 194.61950683599733
127138.0 32189.0 105.93744127564793
127158.0 32564.0 86.4975585937691
127162.0 32424.0 105.93744127564446
127341.0 32486.0 263.7878644778867
127396.0 32238.0 129.74633789069298
127402.0 32265.0 117.23905087905884
127487.0 32281.0 194.61950683603519
127512.0 32624.0 129.74633789069838
127522.0 32067.0 129.74633789070518
127631.0 32609.0 175.85857631861074
127762.0 32998.0 105.93744127563397
127955.0 32625.0 117.23905087906851
128023.0 32486.0 175.858576318584
128032.0 32839.0 117.23905087906067
128090.0 32504.0 143.58792629095626
128130.0 32336.0 143.58792629093216
128188.0 32744.0 158.90616191343562
128217.0 32612.0 105.93744127563366
128220.0 32479.0 238.35924287017735
128269.0 32512.0 175.85857631860807
128296.0 32664.0 158.9061619134733
128417.0 32250.0 129.7463378906758
128463.0 31907.0 215.38188943643632
128510.0 32549.0 158.90616191347146
128560.0 32704.0 129.7463378906638
128639.0 32755.0 194.6195068360241
128721.0 32634.0 143.5879262909538
128724.0 32466.0 143.58792629094575
128820.0 32746.0 215.38188943644164
128942.0 32756.0 95.72528419395637
129015.0 32553.0 263.787864477921
129021.0 32793.0 117.23905087907251
129099.0 32656.0 175.85857631860898
129210.0 31906.0 175.85857631859508
129524.0 32087.0 158.90616191345276
129906.0 32843.0 215.3818894364506
130045.0 32435.0 158.9061619134484
130081.0 32294.0 215.38188943643794
130101.0 32138.0 263.7878644779086
130123.0 32493.0 263.78786447791987
130148.0 32557.0 291.9292602540562
130459.0 32606.0 143.58792629095885
130500.0 32180.0 105.93744127561892
130534.0 32581.0 194.61950683604786
130567.0 32424.0 484.60925123199075
130695.0 32386.0 143.5879262909549
130920.0 31957.0 129.74633789067224
130954.0 32724.0 263.7878644779019
130998.0 32369.0 194.61950683603612
131017.0 32323.0 263.78786447791146
131163.0 32504.0 129.7463378906704
131192.0 32337.0 291.9292602540235
131575.0 32147.0 194.61950683601418
131843.0 32484.0 323.072834154695
132001.0 32468.0 194.6195068360256
132294.0 32323.0 215.38188943643434
132358.0 32680.0 395.68179671681645
132775.0 32175.0 263.7878644778972
133183.0 32494.0 395.6817967168559
133977.0 32625.0 158.90616191344628
134120.0 32811.0 194.61950683602475
135564.0 32392.0 437.8938903811545
136255.0 32465.0 323.0728341546287
