rev2
8863.0 1986.0 20.92591432604347
9345.0 2041.0 18.9086981123802
9381.0 2105.0 18.908698112380467
9395.0 2044.0 17.085937500000316
9415.0 1954.0 20.925914326043245
9433.0 1961.0 38.443359375000576
9497.0 1922.0 23.158331037829882
9549.0 1955.0 28.36304716857048
9551.0 2016.0 28.36304716857051
9617.0 2089.0 31.388871489065856
9687.0 2032.0 23.158331037829985
9707.0 1956.0 38.44335937500205
9721.0 2122.0 18.90869811238056
9761.0 2073.0 20.925914326043483
9821.0 2099.0 20.925914326043443
9967.0 1978.0 34.73749655674566
9971.0 1974.0 42.54457075285661
9993.0 2029.0 28.36304716857101
10019.0 1976.0 31.388871489065636
10033.0 1926.0 28.36304716857125
10049.0 2062.0 28.363047168571008
10075.0 1989.0 23.158331037830397
10083.0 2090.0 25.628906250002174
10151.0 2029.0 28.36304716857148
10155.0 2088.0 28.363047168571367
10177.0 2048.0 28.3630471685706
10177.0 2029.0 28.3630471685717
10191.0 2021.0 23.158331037830163
10209.0 2110.0 34.737496556746095
10217.0 2040.0 23.158331037830212
10225.0 2028.0 28.363047168571924
10249.0 2049.0 42.544570752856686
10255.0 2046.0 42.54457075285726
10289.0 2101.0 23.158331037830482
10295.0 2139.0 31.38887148906493
10309.0 2015.0 28.363047168571335
10309.0 2086.0 28.363047168571498
10315.0 2058.0 47.08330723359814
10359.0 1982.0 34.737496556745
10397.0 2050.0 38.44335937500174
10409.0 2021.0 34.737496556746756
10413.0 2076.0 42.54457075285642
10419.0 2106.0 42.54457075285713
10459.0 2016.0 38.4433593750021
10471.0 2124.0 38.44335937500222
10491.0 2057.0 38.443359375002764
10565.0 2087.0 18.908698112381074
10587.0 1992.0 38.44335937500167
10599.0 2003.0 42.54457075285713
10617.0 1982.0 34.737496556746024
10627.0 2020.0 31.38887148906501
10675.0 2057.0 52.106244835119504
10685.0 2167.0 31.388871489064858
10693.0 2082.0 28.363047168571644
10731.0 2070.0 52.10624483511779
10735.0 2035.0 42.54457075285641
10737.0 2024.0 28.363047168570304
10747.0 2032.0 34.737496556745796
10769.0 2067.0 31.38887148906461
10775.0 1890.0 47.0833072335972
10783.0 2074.0 34.737496556745384
10805.0 2070.0 47.08330723359705
10833.0 1955.0 42.54457075285796
10847.0 2094.0 42.54457075285615
10855.0 2006.0 38.443359375002665
10863.0 2194.0 34.73749655674498
10891.0 2052.0 52.106244835118346
10893.0 2052.0 38.443359375002736
10907.0 2032.0 34.737496556745164
10911.0 2068.0 52.10624483512016
10929.0 2028.0 34.73749655674537
10939.0 2217.0 52.10624483511855
10991.0 2061.0 38.44335937500207
11007.0 2164.0 47.08330723359769
11009.0 2068.0 57.665039062503475
11031.0 2105.0 63.81685612928717
11053.0 2093.0 34.73749655674475
11067.0 2171.0 34.73749655674546
11073.0 1980.0 52.1062448351179
11101.0 2151.0 38.44335937500204
11117.0 2090.0 70.6249608503974
11119.0 2187.0 38.44335937500316
11141.0 2036.0 31.388871489065963
11143.0 2102.0 31.3888714890658
11155.0 2037.0 38.44335937500247
11191.0 2061.0 42.544570752856224
11203.0 2123.0 57.66503906250378
11239.0 2068.0 47.08330723359709
11269.0 2124.0 57.66503906250373
11295.0 2069.0 47.083307233599186
11407.0 2136.0 42.5445707528572
11429.0 2002.0 95.72528419392853
11493.0 2094.0 42.544570752857936
11495.0 2100.0 47.08330723359776
11525.0 2147.0 52.10624483511758
11657.0 1943.0 47.083307233598205
11661.0 2011.0 34.73749655674487
11705.0 2086.0 38.44335937500196
12235.0 2159.0 129.74633789063515
12475.0 2018.0 57.66503906250392
