rev2
1378985.0 258585.0 291.929260254802
1379423.0 258371.0 357.5388643063017
1387515.0 259871.0 291.9292602546393
1389433.0 258260.0 215.3818894369819
1390069.0 259549.0 593.5226950766647
1390761.0 258907.0 323.0728341552999
1391195.0 260392.0 484.6092512334184
1391237.0 259588.0 357.5388643063946
1391453.0 259312.0 437.8938903826801
1391501.0 258300.0 484.60925123314365
1391713.0 258645.0 395.6817967173051
1391807.0 260616.0 215.3818894368241
1392403.0 259483.0 395.68179671761544
1392405.0 260244.0 395.6817967178235
1393489.0 258476.0 291.9292602548878
1393591.0 260011.0 263.7878644784812
1393791.0 258268.0 437.89389038229245
1393949.0 260331.0 263.7878644787443
1394517.0 259895.0 395.6817967179452
1395301.0 258374.0 291.9292602546593
1395801.0 260330.0 357.53886430638477
1396703.0 258973.0 593.5226950767733
1397451.0 259393.0 357.53886430619343
1397503.0 258979.0 484.6092512334705
1398649.0 258812.0 484.60925123314394
1398911.0 259231.0 484.609251233153
1399653.0 259026.0 291.9292602550062
1399727.0 260491.0 395.6817967179408
1399901.0 259775.0 323.07283415550484
1399979.0 259740.0 357.53886430620537
1399983.0 260197.0 484.60925123339746
1400447.0 259517.0 357.5388643061478
1400479.0 258753.0 536.308296459644
1401661.0 258959.0 484.60925123288735
1402033.0 258694.0 357.53886430625806
1402099.0 259401.0 395.6817967177084
1402169.0 260640.0 395.681796717959
1402235.0 259331.0 395.68179671800584
1402733.0 258973.0 323.0728341555313
1402813.0 260091.0 194.61950683655368
1403619.0 258867.0 357.5388643059625
1403669.0 259259.0 323.0728341555793
1403819.0 259862.0 437.8938903818644
1403963.0 259826.0 357.5388643065039
1404049.0 259264.0 656.840835572762
1404131.0 259045.0 395.6817967180362
1404545.0 259124.0 726.9138768499613
1405761.0 260066.0 536.3082964592304
1406085.0 259257.0 484.6092512330034
1406151.0 259545.0 536.3082964591805
1406267.0 259214.0 323.07283415558646
1406521.0 258515.0 395.6817967181256
1406539.0 260175.0 291.9292602548331
1406573.0 259154.0 263.7878644786474
1407091.0 259517.0 890.2840426151873
1408295.0 258477.0 437.89389038222
1408353.0 258673.0 395.6817967179522
1408463.0 259727.0 484.60925123289445
1408595.0 259440.0 593.5226950766025
1409119.0 258855.0 536.3082964596958
1409241.0 259572.0 536.3082964594237
1409371.0 259769.0 484.60925123317213
1409543.0 259822.0 536.3082964595978
1409797.0 259827.0 395.6817967174695
1409817.0 258156.0 357.5388643065816
1410831.0 259865.0 437.8938903821414
1412123.0 259174.0 484.60925123382896
1412449.0 258852.0 593.5226950775503
1412821.0 259069.0 593.5226950765075
1413225.0 259245.0 395.6817967176665
1413261.0 260214.0 726.9138768497749
1413477.0 259452.0 437.8938903823471
1413521.0 258781.0 985.2612533603478
1413543.0 259409.0 484.60925123256055
1415039.0 258934.0 395.6817967176221
1415497.0 259606.0 437.8938903820304
1415609.0 259087.0 395.6817967178269
1416195.0 258563.0 323.0728341552804
1417827.0 259464.0 726.9138768497705
1417849.0 258633.0 238.35924287085365
1417993.0 259555.0 484.6092512329679
1418147.0 259303.0 323.0728341553511
1420275.0 258208.0 536.308296458753
1420457.0 258754.0 323.07283415551814
1421437.0 259058.0 985.2612533602075
1423313.0 259615.0 804.4624446890446
1423501.0 258884.0 484.60925123357276
1423715.0 260683.0 395.68179671765466
1423757.0 260047.0 1090.37081527529
1423759.0 258569.0 593.5226950769054
1426075.0 259324.0 357.538864305898
1426833.0 260584.0 656.8408355733509
1427015.0 259215.0 1477.891880038466
1430575.0 261491.0 357.53886430636135
1432247.0 259946.0 484.60925123325126
1432799.0 259619.0 656.8408355734686
1433563.0 260380.0 804.4624446894059
1443771.0 260309.0 890.2840426147319
1445983.0 258248.0 804.4624446897335
1448257.0 261034.0 656.8408355733086
