rev3
28478.0 7983.0 34.73749655674717
28728.0 8335.0 31.388871489068244
29327.0 8026.0 47.08330723360028
29353.0 8102.0 47.08330723360145
29600.0 8372.0 57.66503906250722
29632.0 8200.0 57.665039062508875
29966.0 8269.0 38.44335937500458
30119.0 7981.0 63.81685612929237
30145.0 8203.0 63.816856129290414
30163.0 7809.0 63.81685612929235
30228.0 7969.0 57.66503906250576
30233.0 8030.0 38.44335937500461
30374.0 8083.0 57.66503906251257
30434.0 8289.0 78.15936725268631
30437.0 8250.0 52.10624483511924
30467.0 8119.0 78.15936725268296
30531.0 8066.0 63.8168561292917
30550.0 8139.0 47.08330723360041
30606.0 8223.0 42.54457075286315
30616.0 8244.0 52.10624483512019
30623.0 7844.0 57.66503906250981
30659.0 8002.0 70.62496085040587
30693.0 8144.0 78.15936725268735
30727.0 8255.0 47.08330723360193
30774.0 8127.0 47.08330723360082
30814.0 8086.0 78.15936725268479
30818.0 8154.0 70.62496085040132
30822.0 8021.0 47.08330723360329
30830.0 7885.0 70.62496085040044
30844.0 8231.0 52.106244835117785
30896.0 8303.0 52.106244835120854
30911.0 8272.0 42.54457075285976
30945.0 8033.0 78.15936725268875
30981.0 8116.0 57.66503906251011
31011.0 7998.0 95.7252841939428
31031.0 8330.0 52.106244835124215
31149.0 8220.0 86.49755859376356
31164.0 8229.0 86.4975585937681
31173.0 7820.0 57.66503906251232
31233.0 7960.0 86.49755859375688
31235.0 8196.0 86.49755859376636
31236.0 8286.0 42.544570752863955
31274.0 8241.0 78.15936725268385
31291.0 8062.0 57.66503906251048
31317.0 8070.0 86.49755859376053
31318.0 8247.0 52.10624483512038
31357.0 8207.0 63.81685612929162
31381.0 8178.0 86.49755859376019
31415.0 7957.0 57.66503906250846
31421.0 8322.0 63.81685612929431
31425.0 8241.0 117.23905087902283
31456.0 8231.0 78.15936725268455
31458.0 8036.0 105.93744127560392
31472.0 7915.0 78.15936725268999
31478.0 8169.0 78.15936725268523
31495.0 8037.0 78.15936725268574
31550.0 8226.0 52.106244835120336
31585.0 8147.0 105.93744127560437
31595.0 8062.0 117.23905087902683
31609.0 8240.0 52.10624483512253
31610.0 8203.0 34.737496556746784
31617.0 8002.0 86.49755859376435
31660.0 7941.0 70.62496085040492
31855.0 8213.0 78.15936725267942
31999.0 8094.0 52.10624483512439
32002.0 8147.0 63.81685612928936
32007.0 8258.0 95.72528419393956
32102.0 7972.0 78.15936725268374
32125.0 8135.0 70.62496085040506
32174.0 8255.0 95.72528419393905
32233.0 8154.0 70.6249608504045
32239.0 8215.0 143.58792629089623
32245.0 8125.0 52.10624483512016
32306.0 8237.0 95.7252841939439
32325.0 8007.0 70.62496085040436
32331.0 7940.0 86.4975585937704
32373.0 8233.0 63.81685612929442
32413.0 8081.0 95.72528419393588
32425.0 8164.0 86.49755859376127
32491.0 8316.0 63.816856129289064
32500.0 8144.0 105.93744127560642
32601.0 8195.0 52.106244835122766
32686.0 8093.0 63.81685612929336
32717.0 8217.0 70.62496085040156
32829.0 7970.0 117.23905087901224
32917.0 8063.0 86.49755859376464
32948.0 8072.0 78.15936725268784
33006.0 8146.0 78.15936725268422
33020.0 8122.0 95.72528419393737
33103.0 8242.0 86.49755859375936
33314.0 8327.0 52.10624483512247
33343.0 8180.0 117.23905087903377
33378.0 8069.0 105.937441275606
33419.0 8108.0 86.49755859376441
33560.0 8105.0 57.66503906250788
33727.0 8147.0 194.6195068359709
33921.0 8106.0 194.61950683597226
33969.0 8144.0 105.93744127560007
34041.0 7975.0 158.90616191340834
38469.0 8290.0 437.8938903809374
