rev2
9.0129501E7 1.6578712E7 3004.7086440927255
9.0143871E7 1.6589643E7 4507.062966348398
9.0173317E7 1.6590714E7 2216.8378202512413
9.0183843E7 1.65888E7 2453.3343345845988
9.0189275E7 1.659409E7 3325.256730424594
9.0195569E7 1.6589818E7 2453.334334626494
9.0199381E7 1.6591401E7 2715.0607510928653
9.0213681E7 1.6585442E7 2453.33433452878
9.0220997E7 1.658607E7 4987.885095560848
9.0222119E7 1.6592429E7 2453.3343346102047
9.0237431E7 1.6587909E7 2715.0607511402923
9.0241253E7 1.6590611E7 3325.256730372438
9.0243053E7 1.6578343E7 3325.2567303849146
9.0255873E7 1.6585287E7 3325.2567304479057
9.0256861E7 1.6587326E7 3680.001501968496
9.0268529E7 1.6591705E7 3325.2567304349195
9.0270869E7 1.6582949E7 2715.0607510482887
9.0273759E7 1.6594341E7 3004.7086442241966
9.0274421E7 1.6591086E7 4072.5911267037764
9.0284629E7 1.6577937E7 2715.0607509556075
9.0285769E7 1.6587773E7 3004.7086441136576
9.0291449E7 1.6590397E7 4507.062966082532
9.0296625E7 1.6593003E7 2715.060751032802
9.0297647E7 1.6587251E7 3325.25673051569
9.0297691E7 1.658273E7 3004.7086441563442
9.0303677E7 1.6584983E7 3325.256730496121
9.0303813E7 1.6595379E7 3680.00150187436
9.0305859E7 1.6592304E7 2453.3343346111897
9.0307543E7 1.65864E7 4072.5911265860755
9.0322155E7 1.6588164E7 4072.5911266588787
9.0322409E7 1.6596142E7 2715.0607511042435
9.0324435E7 1.658885E7 2453.334334546571
9.0329157E7 1.6580471E7 3004.708644027646
9.0330741E7 1.6590766E7 7481.827643288941
9.0332085E7 1.6588674E7 2715.060751052693
9.0337199E7 1.6591455E7 2715.060751107919
9.0346117E7 1.658903E7 2453.3343345524017
9.0347059E7 1.6592802E7 2003.139096084605
9.0348179E7 1.6588709E7 4072.5911266113244
9.0348967E7 1.6596232E7 3325.2567304391455
9.0353265E7 1.6590768E7 2453.3343346043716
9.0368497E7 1.659118E7 3325.256730465757
9.0371123E7 1.6590432E7 4507.06296615906
9.0371417E7 1.6590565E7 1810.0405006832614
9.0371851E7 1.6590707E7 3680.0015019641146
9.0377307E7 1.6590631E7 2003.1390960214064
9.0382083E7 1.6584937E7 5520.002252745324
9.0385527E7 1.6583E7 3004.708644024253
9.0386653E7 1.6582978E7 6108.886689912733
9.0386843E7 1.6578075E7 3004.708644120826
9.0392997E7 1.6589859E7 3325.256730294878
9.0403519E7 1.6586581E7 2216.837820284311
9.0404875E7 1.6594763E7 3680.0015018843474
9.0405835E7 1.6584186E7 3680.001501888908
9.0409843E7 1.658687E7 4072.5911267567567
9.0411787E7 1.6597777E7 4072.591126691916
9.0412943E7 1.659126E7 3004.7086440613816
9.0414313E7 1.6590131E7 3680.0015018273584
9.0418451E7 1.6582546E7 3680.0015019654597
9.0419003E7 1.659164E7 4987.885095737631
9.0422855E7 1.6592841E7 4987.885095515759
9.0425371E7 1.6583261E7 6108.886689977334
9.0429503E7 1.6583078E7 3004.7086440053813
9.0429727E7 1.6587162E7 5520.002253024852
9.0430723E7 1.6585783E7 2003.139096085341
9.0432019E7 1.6579533E7 2453.3343346398387
9.0435503E7 1.6589958E7 3004.708644148297
9.0437613E7 1.6588316E7 2003.1390961155766
9.0448079E7 1.658998E7 6760.5944493540765
9.0449261E7 1.6594641E7 10140.891674137256
9.0477729E7 1.6580803E7 5520.002252902669
9.0484231E7 1.6590765E7 3325.2567303383685
9.0486501E7 1.6595842E7 10140.8916739737
9.0488803E7 1.6588558E7 5520.0022528454665
9.0496263E7 1.658658E7 3004.7086441603446
9.0507991E7 1.6592917E7 3004.7086441522597
9.0519353E7 1.6592379E7 2715.060751113543
9.0522021E7 1.6591161E7 3680.00150190891
9.0522051E7 1.6588195E7 3680.0015018865033
9.0524007E7 1.6591541E7 3325.2567303819023
9.0528911E7 1.6585078E7 4072.5911266112703
9.0529223E7 1.6587385E7 3325.256730423782
9.0530817E7 1.6591846E7 7481.827643450522
9.0538339E7 1.6586942E7 3325.256730326376
9.0545367E7 1.6595053E7 3325.2567303967535
9.0556323E7 1.6589998E7 6760.594449129315
9.0558765E7 1.6588926E7 6760.594449218467
9.0572543E7 1.6584555E7 4072.5911265944906
9.0581873E7 1.6593755E7 3004.7086440628937
9.0588415E7 1.658975E7 2715.060751092754
9.0593513E7 1.6593577E7 5520.002252936915
9.0594101E7 1.6591196E7 4987.885095716807
9.0602057E7 1.6584596E7 5520.002252872157
9.0613563E7 1.659006E7 2715.0607510346517
9.0618443E7 1.6587594E7 3325.2567303959286
9.0632217E7 1.6580454E7 6108.886690011578
9.0653761E7 1.6593539E7 4987.885095643384
9.0659971E7 1.6585393E7 8280.003379493217
9.0938701E7 1.6596106E7 22817.00626567038
9.1000087E7 1.6596845E7 12420.005069200406
