rev3
446.0 241.0 4.574485143274863
605.0 250.0 6.861727714912319
615.0 256.0 6.861727714912327
633.0 262.0 6.861727714912325
664.0 261.0 7.593750000000063
676.0 293.0 7.593750000000061
682.0 254.0 7.593750000000073
693.0 273.0 6.861727714912335
700.0 249.0 9.300406367129915
705.0 209.0 9.300406367129986
708.0 253.0 10.29259157236845
715.0 251.0 9.300406367129918
719.0 259.0 6.861727714912286
719.0 277.0 6.8617277149123375
735.0 298.0 9.30040636713002
739.0 271.0 6.861727714912333
748.0 244.0 10.292591572368494
752.0 283.0 6.861727714912347
754.0 271.0 11.390625000000151
757.0 250.0 11.390625000000105
761.0 274.0 8.403865827724443
763.0 249.0 10.292591572368517
764.0 302.0 11.390625000000059
765.0 285.0 8.403865827724387
768.0 246.0 11.390625000000094
770.0 256.0 9.300406367129947
777.0 309.0 5.062500000000076
778.0 288.0 15.43888735855272
786.0 290.0 8.403865827724358
795.0 234.0 11.390625000000162
796.0 234.0 15.43888735855268
805.0 254.0 10.29259157236848
806.0 278.0 7.593750000000064
811.0 277.0 13.950609550694987
815.0 240.0 15.438887358552774
817.0 258.0 17.085937500000135
822.0 307.0 12.605798741586579
825.0 241.0 9.300406367129993
826.0 294.0 12.60579874158657
827.0 230.0 10.292591572368476
835.0 271.0 13.950609550694924
850.0 257.0 12.605798741586606
852.0 291.0 8.403865827724427
860.0 262.0 9.300406367130002
865.0 288.0 10.29259157236846
872.0 249.0 13.950609550695
873.0 287.0 7.593750000000094
875.0 255.0 20.92591432604243
877.0 294.0 8.40386582772437
889.0 236.0 18.908698112379955
889.0 300.0 9.30040636713002
890.0 258.0 10.292591572368524
894.0 301.0 9.300406367129982
895.0 271.0 9.300406367129982
897.0 302.0 10.292591572368478
902.0 284.0 15.438887358552762
908.0 317.0 15.438887358552705
923.0 266.0 15.438887358552751
932.0 276.0 13.950609550694935
933.0 247.0 12.60579874158664
940.0 275.0 12.605798741586614
951.0 262.0 15.438887358552753
958.0 274.0 10.292591572368512
960.0 277.0 12.605798741586602
965.0 302.0 17.08593750000026
970.0 286.0 17.085937500000224
979.0 246.0 15.438887358552778
985.0 289.0 15.438887358552774
987.0 261.0 20.92591432604247
987.0 301.0 11.390625000000153
989.0 272.0 20.92591432604235
993.0 272.0 12.605798741586591
994.0 261.0 15.438887358552813
1003.0 267.0 13.950609550695017
1017.0 234.0 25.628906250000146
1020.0 235.0 15.438887358552753
1021.0 233.0 23.158331037829125
1026.0 261.0 18.908698112379962
1035.0 281.0 15.43888735855273
1035.0 273.0 13.95060955069497
1039.0 277.0 23.15833103782901
1042.0 280.0 25.62890625000033
1046.0 253.0 10.292591572368472
1071.0 273.0 20.925914326042506
1079.0 257.0 18.908698112379984
1080.0 312.0 11.39062500000012
1083.0 300.0 17.085937500000263
1083.0 270.0 13.950609550694924
1091.0 292.0 13.950609550694956
1098.0 255.0 20.925914326042385
1143.0 319.0 17.085937500000128
1159.0 308.0 23.158331037829182
1159.0 286.0 15.438887358552744
1161.0 283.0 28.363047168570066
1211.0 295.0 23.158331037829175
1235.0 271.0 20.925914326042463
1240.0 313.0 18.908698112379916
1287.0 313.0 18.908698112380097
1365.0 241.0 25.628906250000266
1458.0 262.0 31.388871489063714
