rev2
1935.0 468.0 9.300406367130094
2007.0 459.0 13.950609550695061
2019.0 492.0 8.403865827724498
2053.0 486.0 13.95060955069505
2163.0 547.0 8.40386582772454
2163.0 512.0 9.300406367130007
2173.0 500.0 13.950609550695098
2177.0 532.0 11.390625000000387
2181.0 536.0 10.292591572368504
2207.0 588.0 8.403865827724552
2213.0 535.0 12.605798741586757
2217.0 455.0 13.950609550695049
2223.0 550.0 20.925914326042598
2225.0 492.0 13.950609550695027
2239.0 481.0 17.08593750000026
2239.0 534.0 17.0859375000003
2247.0 572.0 8.403865827724387
2247.0 508.0 15.438887358552945
2251.0 497.0 13.950609550695138
2277.0 537.0 11.39062500000025
2283.0 551.0 11.390625000000204
2291.0 499.0 17.08593750000033
2291.0 565.0 9.300406367130003
2299.0 495.0 12.605798741586868
2307.0 566.0 10.292591572368634
2339.0 481.0 15.43888735855284
2363.0 550.0 17.085937500000238
2363.0 492.0 15.438887358552977
2369.0 534.0 10.292591572368659
2373.0 475.0 13.950609550695114
2379.0 492.0 20.925914326042495
2379.0 536.0 11.390625000000204
2383.0 512.0 17.085937500000465
2389.0 541.0 15.438887358552815
2391.0 551.0 18.908698112380005
2393.0 482.0 23.158331037829168
2399.0 481.0 18.90869811238009
2401.0 594.0 13.950609550695088
2407.0 513.0 11.390625000000261
2407.0 545.0 17.085937500000327
2419.0 482.0 13.950609550695123
2433.0 511.0 23.158331037829182
2437.0 539.0 15.43888735855306
2445.0 496.0 12.605798741586732
2457.0 518.0 20.925914326042637
2459.0 565.0 13.950609550695198
2465.0 590.0 13.950609550695088
2477.0 531.0 15.438887358552735
2487.0 585.0 20.925914326042648
2489.0 491.0 15.438887358552815
2491.0 547.0 20.9259143260424
2493.0 487.0 18.908698112380065
2505.0 504.0 13.950609550695258
2507.0 544.0 11.390625000000213
2515.0 504.0 18.908698112380147
2541.0 524.0 11.3906250000003
2559.0 590.0 15.438887358552854
2579.0 501.0 20.925914326042598
2581.0 585.0 23.158331037829413
2603.0 514.0 18.908698112380097
2605.0 542.0 17.085937500000384
2609.0 552.0 34.73749655674433
2627.0 567.0 17.085937500000497
2633.0 566.0 15.438887358552964
2637.0 525.0 17.085937500000334
2645.0 511.0 17.08593750000027
2655.0 540.0 20.92591432604264
2665.0 499.0 31.388871489063597
2667.0 582.0 17.08593750000047
2679.0 544.0 18.908698112380037
2687.0 500.0 20.9259143260428
2695.0 553.0 15.438887358552854
2701.0 494.0 18.90869811238021
2713.0 507.0 17.085937500000338
2741.0 508.0 34.737496556744034
2747.0 519.0 23.15833103782942
2753.0 540.0 28.363047168570205
2759.0 513.0 15.438887358552936
2767.0 541.0 28.36304716857031
2783.0 529.0 31.388871489063835
2805.0 459.0 34.737496556743885
2871.0 560.0 34.73749655674412
2885.0 575.0 31.388871489064318
2891.0 587.0 17.085937500000508
2955.0 498.0 38.44335937500105
2975.0 566.0 20.925914326042896
2977.0 553.0 38.443359375001
2977.0 542.0 23.158331037829388
3035.0 542.0 23.158331037829438
3051.0 585.0 23.158331037829353
3071.0 574.0 31.38887148906405
3081.0 549.0 25.62890625000065
3109.0 539.0 25.628906250000483
3129.0 538.0 47.08330723359664
3141.0 601.0 25.62890625000046
3221.0 540.0 52.106244835116215
3307.0 588.0 38.44335937500111
3311.0 560.0 34.7374965567444
3319.0 564.0 20.925914326042538
3835.0 560.0 63.81685612928302
