rev4
426702.0 112818.0 105.93744127569056
427461.0 112478.0 175.85857631862834
428717.0 111997.0 158.90616191353377
428786.0 111900.0 175.858576318791
428874.0 112021.0 95.7252841940239
429292.0 112438.0 175.85857631867304
429593.0 111694.0 263.78786447801264
429944.0 112550.0 175.8585763186755
429984.0 112856.0 194.6195068361539
430009.0 111933.0 323.0728341548889
430127.0 112504.0 194.61950683603624
430449.0 111996.0 158.90616191353186
431104.0 112969.0 117.23905087916008
431237.0 112223.0 194.61950683610368
431786.0 111250.0 158.90616191353686
431856.0 112486.0 158.90616191358478
431974.0 112549.0 215.3818894365007
431983.0 111984.0 194.61950683608055
432068.0 111979.0 238.35924287038102
432112.0 112404.0 158.90616191347922
432453.0 112214.0 194.61950683614685
432508.0 112654.0 158.90616191352402
432599.0 112498.0 158.90616191349912
432710.0 112300.0 129.74633789077535
432898.0 112015.0 143.5879262910404
432939.0 112419.0 238.3592428702901
433182.0 112121.0 194.61950683615066
433403.0 112220.0 129.74633789069694
433636.0 112785.0 143.58792629102714
433747.0 111860.0 215.38188943651897
433969.0 112755.0 143.58792629104076
434203.0 111929.0 194.61950683612272
434490.0 112800.0 215.38188943658955
434747.0 112389.0 175.85857631869615
434866.0 112970.0 158.90616191360044
434868.0 112196.0 215.38188943649516
434966.0 112539.0 158.90616191361624
435035.0 112192.0 238.35924287035857
435077.0 111852.0 215.38188943653708
435287.0 112345.0 143.58792629097272
435690.0 112491.0 158.90616191356187
435757.0 112346.0 238.35924287031358
435816.0 112047.0 158.9061619135481
435821.0 112230.0 143.58792629103246
435959.0 113037.0 194.61950683611752
436012.0 111945.0 263.7878644780778
436031.0 112973.0 323.07283415477264
436246.0 112656.0 175.85857631873694
436405.0 112096.0 143.58792629102592
436406.0 112809.0 129.7463378907855
436543.0 112461.0 238.35924287031386
436604.0 112241.0 291.92926025425146
436619.0 112549.0 323.0728341549258
436859.0 112192.0 158.90616191357137
436952.0 112587.0 291.92926025422406
437129.0 112986.0 194.61950683606602
437142.0 112407.0 175.85857631871247
437373.0 112079.0 215.38188943659446
437635.0 112646.0 143.58792629103368
437659.0 112762.0 263.78786447807073
437671.0 112698.0 117.23905087914461
437963.0 112576.0 291.92926025417097
438168.0 111913.0 194.61950683622874
438252.0 111953.0 158.90616191355892
438289.0 112133.0 395.68179671709214
438397.0 112381.0 175.85857631866506
438526.0 112020.0 238.35924287029192
438953.0 112918.0 238.35924287022
439234.0 112385.0 291.9292602542805
439474.0 112628.0 263.7878644779772
439476.0 112278.0 215.38188943656473
439489.0 112150.0 357.53886430554144
439535.0 112290.0 291.9292602541898
439543.0 112733.0 238.35924287038242
439545.0 112692.0 194.6195068361056
439546.0 112382.0 238.35924287027893
439551.0 112668.0 291.9292602542898
439725.0 112851.0 238.3592428702979
439920.0 111917.0 357.5388643055862
439998.0 112687.0 263.78786447806726
440111.0 112657.0 323.0728341548509
440562.0 112693.0 238.35924287024898
440664.0 112243.0 323.0728341548191
440987.0 112855.0 263.7878644779877
441040.0 112202.0 215.3818894366378
441084.0 112264.0 175.85857631869993
441101.0 112861.0 323.07283415492543
441594.0 111753.0 238.35924287033444
441603.0 112616.0 194.6195068360816
442481.0 111543.0 215.38188943660228
442673.0 112632.0 593.5226950756971
442867.0 112534.0 323.0728341549466
443027.0 111873.0 395.6817967170577
443468.0 111743.0 395.68179671712926
443794.0 112855.0 215.38188943655777
444073.0 112654.0 291.92926025422014
444855.0 112154.0 323.07283415484636
446411.0 112572.0 437.89389038123437
447005.0 112504.0 323.072834154636
448088.0 113329.0 263.7878644780526
