rev3
3.304716E7 8293859.0 1206.6936670898003
3.3089215E7 8305047.0 2216.837820137654
3.3109239E7 8293994.0 4072.5911264185374
3.3109762E7 8302746.0 1635.5562230073676
3.3121433E7 8297036.0 2453.3343344436
3.3130502E7 8295182.0 1477.8918800891697
3.3135924E7 8292820.0 3004.708643960018
3.3137562E7 8293995.0 2216.837820129483
3.3138218E7 8299537.0 2216.8378201390788
3.3148387E7 8300399.0 2715.06075094698
3.315234E7 8287698.0 4072.5911264165966
3.3153402E7 8294341.0 2715.060750921895
3.315909E7 8292037.0 2216.837820168354
3.3161111E7 8288043.0 2453.334334486241
3.3162358E7 8300803.0 3680.0015017276214
3.3162738E7 8288224.0 2216.8378201622563
3.3164279E7 8290777.0 2003.1390959709126
3.3165725E7 8292518.0 1810.040500619757
3.3167945E7 8292961.0 4507.062965887807
3.3171182E7 8297113.0 4987.885095320494
3.3182703E7 8294372.0 2003.1390959622709
3.3186235E7 8291538.0 1810.0405006496724
3.3188565E7 8293235.0 3004.708643975297
3.3189559E7 8292596.0 1477.891880140522
3.3190073E7 8297669.0 2003.13909597699
3.3190877E7 8298376.0 1477.8918800990211
3.3191923E7 8290326.0 3680.0015017189767
3.3192255E7 8296573.0 2003.1390959827472
3.3193329E7 8296466.0 3004.708643942175
3.3197823E7 8289975.0 1477.8918800894442
3.319868E7 8295220.0 3680.0015016973116
3.3198968E7 8297376.0 2715.060750899898
3.3201835E7 8290461.0 1810.0405006120745
3.3203573E7 8296268.0 2453.334334492077
3.3204525E7 8295346.0 1635.5562229625605
3.3206398E7 8293096.0 2003.1390959579148
3.3207418E7 8293369.0 4987.885095407833
3.3207461E7 8295168.0 2003.1390959837065
3.3212841E7 8293868.0 4072.5911264036754
3.3214883E7 8300484.0 2715.0607509720317
3.3221411E7 8294800.0 3680.0015017046735
3.3223257E7 8294547.0 4072.5911264837
3.3223491E7 8296825.0 2216.8378201751407
3.3227091E7 8287954.0 2216.8378201480823
3.3229064E7 8294258.0 1335.4260639725467
3.3230285E7 8289397.0 1810.0405006193923
3.3231545E7 8295947.0 2003.1390959948785
3.3231619E7 8294313.0 3004.7086439885566
3.3232083E7 8296135.0 4072.5911263926673
3.3233233E7 8293772.0 3325.2567302450843
3.3233587E7 8292517.0 2003.1390959596142
3.3234767E7 8292675.0 1206.693667082525
3.3235416E7 8294109.0 2453.3343344874334
3.3236244E7 8288333.0 2216.8378201830087
3.3238422E7 8288515.0 2453.3343344721416
3.3238531E7 8299518.0 2003.1390959697303
3.3241947E7 8294109.0 2216.8378201569894
3.3241983E7 8295615.0 4072.5911264684883
3.3242394E7 8296148.0 2003.1390960031333
3.3246338E7 8292264.0 1810.0405006323927
3.3250273E7 8294463.0 1810.0405006462938
3.325468E7 8290999.0 2715.0607509297747
3.3255241E7 8290545.0 3004.708643897635
3.3258888E7 8291393.0 2453.334334483204
3.3259933E7 8304343.0 3325.2567302268912
3.3261677E7 8296471.0 1810.0405006273188
3.3263881E7 8294002.0 3325.2567302318475
3.3272539E7 8293855.0 5520.0022525910945
3.3274015E7 8295743.0 2003.1390959600033
3.3274847E7 8295874.0 2216.8378201245937
3.3275204E7 8300463.0 3325.256730265768
3.3276803E7 8297395.0 2453.3343345111994
3.3282535E7 8298644.0 4507.062965951009
3.3282706E7 8295318.0 3004.7086439385116
3.3283807E7 8294915.0 2003.1390959736334
3.3287124E7 8297422.0 3325.256730255587
3.3287466E7 8300534.0 2003.1390959869107
3.3291548E7 8299139.0 3325.25673023658
3.3295476E7 8300894.0 3680.0015016788907
3.329591E7 8292907.0 2715.0607509833794
3.3298141E7 8294665.0 1635.5562229640918
3.3304149E7 8298960.0 2453.3343344508226
3.3309289E7 8290862.0 2715.060750925564
3.3319267E7 8298495.0 3004.708643925294
3.3322581E7 8293472.0 1477.8918800885197
3.3325094E7 8300516.0 3680.0015017363144
3.3329599E7 8301937.0 3004.7086439657214
3.3330719E7 8294551.0 3680.0015017247597
3.3344129E7 8296191.0 4072.5911264282176
3.3347962E7 8297731.0 2453.3343345005865
3.3363926E7 8290991.0 4507.062965927301
3.3365511E7 8291445.0 4987.885095363007
3.3382732E7 8301223.0 3004.708643955655
3.3400361E7 8290315.0 4507.062965851833
3.3408116E7 8292851.0 4987.885095387693
3.3416752E7 8291915.0 2453.3343344941186
3.3428661E7 8295894.0 4072.5911263864477
3.3517708E7 8295633.0 6108.88668968978
3.3525765E7 8291433.0 12420.00506823989
3.3533104E7 8291508.0 4507.062965993963
