rev4
1728935.0 449321.0 357.5388643065506
1729028.0 448871.0 357.5388643065072
1729792.0 448598.0 357.53886430610453
1730584.0 449266.0 484.60925123306237
1733559.0 449715.0 238.3592428707971
1735048.0 448763.0 291.92926025489623
1736463.0 448720.0 395.6817967181502
1737156.0 449777.0 357.5388643060727
1738552.0 449869.0 323.07283415568315
1738838.0 449899.0 238.3592428705309
1740736.0 449981.0 395.68179671803745
1740828.0 450309.0 395.6817967181467
1740950.0 449327.0 357.53886430661055
1741232.0 449651.0 357.53886430607986
1741251.0 449899.0 357.53886430635566
1741602.0 448795.0 395.6817967179994
1741888.0 449066.0 437.89389038235515
1742350.0 449134.0 593.5226950770943
1742575.0 450455.0 395.68179671830484
1743423.0 450382.0 357.538864306221
1743590.0 449084.0 263.787864478451
1744237.0 450110.0 593.5226950765649
1744269.0 448812.0 593.5226950770143
1744418.0 450614.0 395.6817967182834
1744657.0 449849.0 536.3082964592799
1745053.0 449512.0 437.8938903826571
1745331.0 449300.0 291.9292602549365
1745658.0 450293.0 656.8408355731927
1745991.0 449313.0 484.60925123350836
1746374.0 449949.0 323.0728341553273
1747253.0 449663.0 291.9292602545219
1747620.0 450265.0 395.6817967180028
1748022.0 450430.0 484.6092512337258
1748102.0 448256.0 395.68179671782235
1748382.0 448789.0 395.6817967178669
1748847.0 450012.0 536.3082964588298
1749296.0 448857.0 357.53886430601733
1749592.0 450147.0 357.53886430650493
1749673.0 449145.0 291.9292602548303
1750282.0 450456.0 804.4624446890734
1750325.0 450007.0 437.8938903822871
1750349.0 448782.0 890.2840426157868
1750959.0 448568.0 536.308296459462
1751087.0 448425.0 263.78786447868424
1751607.0 449102.0 593.5226950762935
1751676.0 450261.0 484.6092512334799
1751755.0 448506.0 536.3082964592996
1751884.0 450245.0 323.0728341558175
1752114.0 450502.0 357.5388643058734
1752342.0 448841.0 437.8938903821755
1752344.0 450378.0 357.538864306562
1752511.0 448254.0 395.6817967178365
1752694.0 449596.0 357.5388643063207
1752811.0 448551.0 323.0728341557194
1752817.0 449723.0 291.9292602547484
1752867.0 449671.0 263.787864478798
1753029.0 450618.0 484.6092512337438
1753306.0 448276.0 437.89389038219224
1753488.0 448678.0 323.072834155835
1753811.0 449080.0 593.5226950769162
1753815.0 450608.0 437.8938903820607
1754338.0 449090.0 804.4624446897058
1754922.0 450726.0 593.522695076796
1755271.0 449157.0 437.8938903823056
1755273.0 448547.0 484.6092512327774
1755327.0 448715.0 215.38188943712956
1755638.0 449043.0 536.3082964595134
1755717.0 448890.0 323.07283415562745
1756574.0 449548.0 437.8938903821454
1756588.0 448974.0 726.9138768501743
1757182.0 448700.0 593.5226950771432
1757237.0 449468.0 484.6092512333148
1757264.0 449710.0 656.8408355728604
1757385.0 450113.0 323.0728341555985
1757392.0 449214.0 536.308296459394
1757578.0 449730.0 484.60925123361426
1757635.0 449558.0 437.89389038194156
1758169.0 449273.0 536.308296459277
1758279.0 450216.0 395.68179671788477
1758396.0 448662.0 536.3082964595663
1758923.0 449299.0 437.8938903825273
1759694.0 450286.0 437.8938903822632
1759785.0 449671.0 536.3082964598124
1760937.0 449986.0 357.53886430627585
1761144.0 449815.0 536.3082964589247
1761449.0 449143.0 890.2840426158929
1761633.0 450098.0 437.89389038198476
1762646.0 450456.0 484.6092512327214
1762952.0 449832.0 437.8938903824344
1763342.0 448732.0 395.68179671820087
1763730.0 449332.0 593.5226950767764
1763957.0 450385.0 593.5226950770599
1765398.0 450564.0 323.0728341557033
1766777.0 449844.0 1206.693667033364
1768955.0 449493.0 890.284042615693
1771685.0 450961.0 593.5226950774271
1771832.0 450544.0 726.9138768498625
1772260.0 449014.0 593.5226950773877
1777232.0 450810.0 804.4624446897177
1787009.0 450008.0 1635.5562229143939
