rev2
3947.0 1000.0 12.605798741586687
4319.0 990.0 20.92591432604299
4473.0 988.0 20.925914326043024
4495.0 966.0 28.36304716857041
4511.0 967.0 18.90869811238016
4527.0 1011.0 12.605798741586892
4591.0 1024.0 13.950609550695244
4605.0 939.0 25.628906250001016
4633.0 1068.0 23.15833103782942
4637.0 1078.0 13.95060955069525
4657.0 1010.0 18.908698112380176
4675.0 955.0 25.628906250000526
4709.0 1019.0 17.085937500000366
4713.0 1071.0 20.925914326043053
4731.0 1004.0 17.085937500000522
4735.0 1030.0 18.90869811238031
4739.0 1070.0 20.925914326042573
4813.0 1030.0 28.363047168570162
4821.0 979.0 18.90869811238016
4827.0 986.0 23.158331037829704
4843.0 1007.0 28.36304716857005
4867.0 991.0 17.08593750000053
4891.0 1026.0 28.363047168570613
4891.0 1086.0 13.950609550695171
4903.0 1124.0 18.9086981123803
4909.0 1091.0 12.605798741586892
4915.0 1065.0 18.908698112380623
4919.0 986.0 17.085937500000526
4919.0 1007.0 23.15833103782995
4941.0 1022.0 20.92591432604278
4943.0 1082.0 18.90869811238035
4945.0 1033.0 23.15833103782935
4951.0 1022.0 25.62890625000107
4969.0 1043.0 18.908698112380378
5001.0 1019.0 23.1583310378295
5005.0 1083.0 18.90869811238037
5011.0 1037.0 15.43888735855303
5019.0 1041.0 18.908698112380502
5021.0 1004.0 28.363047168570592
5041.0 999.0 25.628906250001105
5045.0 1052.0 23.15833103782976
5065.0 982.0 25.62890625000094
5069.0 1048.0 25.6289062500007
5073.0 1062.0 25.628906250001016
5103.0 1065.0 25.628906250000664
5119.0 1045.0 23.158331037829377
5145.0 982.0 28.363047168570333
5147.0 1004.0 47.08330723359685
5149.0 1046.0 20.92591432604294
5155.0 991.0 38.443359375000874
5181.0 1105.0 23.158331037829928
5201.0 1060.0 28.363047168570592
5207.0 1046.0 20.9259143260428
5217.0 959.0 31.388871489064755
5223.0 1115.0 18.908698112380506
5223.0 1033.0 25.628906250000885
5235.0 1038.0 23.158331037829583
5257.0 1002.0 34.73749655674495
5275.0 1027.0 42.544570752855655
5303.0 1060.0 34.737496556744574
5305.0 1026.0 28.36304716857056
5305.0 1025.0 25.62890625000107
5321.0 1040.0 20.92591432604283
5345.0 1005.0 34.737496556744546
5355.0 1027.0 18.908698112380538
5359.0 1084.0 28.3630471685702
5377.0 1076.0 34.73749655674491
5393.0 1119.0 28.363047168570333
5395.0 1121.0 23.158331037830067
5405.0 1072.0 28.36304716857054
5413.0 1094.0 38.44335937500122
5421.0 1002.0 23.158331037830056
5435.0 1017.0 31.388871489064865
5453.0 1040.0 28.36304716857051
5455.0 1023.0 28.36304716857091
5503.0 1061.0 28.36304716857068
5503.0 1048.0 23.158331037829814
5509.0 1021.0 42.54457075285601
5527.0 1057.0 25.628906250000664
5539.0 997.0 34.737496556744475
5577.0 1048.0 28.363047168570752
5587.0 1026.0 28.363047168570635
5603.0 1107.0 28.363047168570844
5603.0 978.0 23.158331037829825
5607.0 1103.0 28.363047168570613
5623.0 974.0 25.628906250000853
5655.0 1028.0 47.08330723359734
5693.0 1034.0 28.36304716857076
5695.0 1024.0 34.737496556744304
5703.0 973.0 47.08330723359685
5719.0 1041.0 42.544570752856494
5721.0 1037.0 47.08330723359664
5935.0 977.0 63.8168561292833
5967.0 1114.0 57.66503906250163
5977.0 1019.0 57.6650390625025
5979.0 1027.0 25.628906250000817
5983.0 1060.0 57.66503906250304
6169.0 1123.0 63.816856129284226
6251.0 1095.0 57.665039062502146
6583.0 1095.0 78.1593672526755
