rev4
3478224.0 898125.0 726.913876852211
3479792.0 899284.0 593.5226950790552
3480364.0 898887.0 437.8938903838382
3481874.0 899081.0 656.840835575226
3483557.0 899161.0 593.5226950775699
3485570.0 898642.0 536.3082964617349
3486400.0 899989.0 804.4624446913431
3486489.0 896110.0 804.4624446930826
3486569.0 900233.0 536.3082964605823
3487078.0 901123.0 593.5226950787763
3488525.0 898948.0 395.6817967188979
3488868.0 897732.0 395.681796719211
3489634.0 898070.0 536.3082964606941
3490209.0 897537.0 484.60925123466075
3490359.0 899116.0 726.9138768526229
3491118.0 898198.0 323.0728341566444
3491219.0 899390.0 656.8408355759987
3491510.0 898509.0 656.8408355754581
3491795.0 899531.0 593.5226950783748
3492500.0 899943.0 656.840835575234
3492793.0 898772.0 593.5226950774686
3493161.0 900232.0 395.6817967187994
3494207.0 898313.0 593.5226950777073
3495884.0 898500.0 804.4624446899489
3495901.0 898617.0 437.8938903835873
3496217.0 897650.0 437.8938903837121
3496409.0 900656.0 437.8938903839443
3496685.0 897455.0 726.9138768508031
3498128.0 900516.0 437.8938903827201
3498549.0 898504.0 804.4624446918584
3498755.0 899160.0 593.5226950796698
3499319.0 900146.0 593.5226950782102
3499459.0 898727.0 804.4624446915503
3500181.0 899555.0 804.46244469117
3500431.0 898151.0 536.308296460164
3500581.0 900481.0 536.3082964609719
3501379.0 898439.0 593.5226950784287
3503053.0 900306.0 484.6092512340494
3503404.0 898492.0 1206.6936670392192
3503715.0 900009.0 656.8408355750773
3503788.0 899179.0 395.68179671959183
3503793.0 898991.0 484.60925123528614
3504362.0 898920.0 726.9138768525837
3504682.0 897646.0 395.6817967190553
3504886.0 897765.0 804.4624446900852
3505028.0 900306.0 484.6092512353594
3506332.0 898976.0 395.6817967196245
3506660.0 898584.0 804.4624446912776
3507739.0 898941.0 593.5226950764236
3508256.0 898622.0 484.6092512335894
3508737.0 900650.0 804.4624446915736
3509278.0 898354.0 593.5226950793035
3509552.0 898874.0 357.5388643075179
3509947.0 900520.0 395.68179671858263
3510306.0 899232.0 593.5226950783955
3510667.0 898110.0 536.3082964610014
3510754.0 899761.0 395.68179671876743
3511302.0 899147.0 484.6092512335055
3511404.0 901615.0 484.6092512338069
3511795.0 900707.0 357.53886430750197
3511901.0 898044.0 656.8408355756201
3512212.0 898339.0 536.3082964609922
3512546.0 897989.0 484.6092512347637
3512676.0 899443.0 593.5226950786644
3512825.0 899339.0 985.2612533625135
3512951.0 899529.0 1090.3708152780846
3513706.0 897981.0 656.840835574976
3513984.0 900524.0 726.9138768519458
3514552.0 899326.0 726.9138768520577
3515422.0 901230.0 484.6092512347872
3515662.0 900295.0 890.28404261798
3515750.0 899722.0 656.8408355746601
3515816.0 901507.0 985.2612533660761
3517364.0 899433.0 484.6092512337171
3517717.0 901438.0 395.6817967191925
3518413.0 900033.0 726.913876851605
3518586.0 899110.0 890.2840426161026
3518940.0 898998.0 437.8938903836413
3522293.0 898968.0 890.2840426164954
3522897.0 899465.0 804.462444690775
3523593.0 897695.0 656.840835576135
3524150.0 899230.0 804.4624446900314
3524229.0 898911.0 536.3082964608947
3524241.0 897703.0 804.4624446911478
3524425.0 899173.0 1206.6936670396335
3525466.0 898223.0 484.6092512350153
3525580.0 900070.0 1335.4260639263036
3525732.0 897992.0 726.9138768519583
3526178.0 899569.0 593.5226950793111
3526560.0 899518.0 804.4624446918223
3528421.0 898519.0 1335.426063930212
3528918.0 898719.0 656.8408355747034
3529448.0 898866.0 726.9138768533301
3530617.0 900542.0 726.9138768518347
3531705.0 899229.0 593.5226950784617
3534877.0 899236.0 484.6092512336752
3538038.0 898372.0 890.2840426198353
3538467.0 898543.0 1810.0405005561447
3540235.0 898988.0 2003.1390958882687
3563312.0 900931.0 3325.256730093506
