rev2
337561.0 65040.0 86.49755859382668
337775.0 65019.0 117.23905087912753
338353.0 65124.0 158.90616191352683
339901.0 64602.0 143.58792629101416
340297.0 64469.0 158.90616191349653
340551.0 64877.0 129.74633789076466
340587.0 64248.0 158.90616191354766
340863.0 64213.0 175.8585763186298
341859.0 64380.0 238.35924287025566
341865.0 65130.0 194.6195068362079
341971.0 64996.0 143.58792629101237
342003.0 64530.0 143.5879262910395
342709.0 65116.0 175.85857631868234
342805.0 64865.0 215.38188943651528
343057.0 65103.0 105.9374412756933
343255.0 65093.0 143.58792629104644
343589.0 64731.0 129.74633789078973
343621.0 64847.0 129.7463378907865
344079.0 65035.0 194.61950683615018
344139.0 64874.0 129.74633789071964
344663.0 64130.0 194.61950683611153
344939.0 64792.0 194.6195068361419
344951.0 64508.0 215.38188943649038
345027.0 64699.0 215.38188943656323
345177.0 64957.0 215.3818894365651
345423.0 64603.0 129.74633789072792
345513.0 64924.0 158.90616191356017
345957.0 64863.0 215.3818894364547
346327.0 65300.0 158.90616191355454
346559.0 64999.0 215.38188943649445
346561.0 64991.0 395.6817967170716
346611.0 64170.0 194.61950683622146
346625.0 64591.0 158.90616191351444
346741.0 64888.0 323.07283415471124
346749.0 64704.0 158.90616191353203
346761.0 65118.0 215.3818894364435
346837.0 64717.0 291.9292602542416
347029.0 65052.0 143.58792629100134
347269.0 64532.0 238.35924287036894
347405.0 65026.0 175.85857631868933
347499.0 64989.0 238.3592428703167
347713.0 64645.0 323.07283415481817
347733.0 64363.0 158.90616191354874
347969.0 65154.0 158.906161913547
348561.0 65567.0 175.85857631867418
348759.0 64558.0 437.89389038131213
348843.0 64775.0 143.58792629098974
348969.0 64778.0 215.38188943651392
349019.0 64791.0 194.6195068360796
349091.0 64810.0 263.7878644780268
349279.0 65115.0 175.85857631862442
349299.0 64614.0 291.9292602541693
349623.0 64778.0 158.90616191354755
349677.0 64816.0 238.3592428703835
349779.0 65254.0 129.74633789074278
349983.0 64479.0 357.53886430550455
350341.0 64873.0 263.7878644781115
350553.0 64979.0 175.85857631870667
350697.0 64666.0 158.90616191348067
350705.0 64939.0 194.61950683609075
351091.0 65365.0 194.61950683615112
351237.0 64857.0 238.35924287026717
351267.0 64998.0 323.07283415485495
351549.0 64819.0 194.61950683616303
351693.0 64806.0 238.3592428703176
351737.0 64612.0 215.381889436587
352085.0 64947.0 238.3592428703007
352139.0 64534.0 291.92926025417904
352293.0 65506.0 175.8585763186824
352487.0 64756.0 117.23905087910398
352543.0 64479.0 291.9292602542346
352567.0 64636.0 215.3818894365384
352599.0 64708.0 215.38188943657443
352623.0 64854.0 194.61950683609388
352741.0 65153.0 291.92926025423697
352763.0 64696.0 323.0728341547488
352873.0 65351.0 215.3818894365172
353107.0 64478.0 263.7878644780289
353221.0 64776.0 291.9292602542555
353233.0 64907.0 357.5388643053939
353309.0 64494.0 323.0728341547102
353649.0 64422.0 194.61950683605613
354653.0 65032.0 215.38188943655283
354845.0 65553.0 263.7878644780525
354915.0 64997.0 238.35924287025927
354973.0 64727.0 395.68179671698664
355003.0 64921.0 437.89389038129804
355183.0 64788.0 263.7878644780312
355297.0 64887.0 263.787864478062
356369.0 64628.0 291.9292602541848
357407.0 65475.0 215.3818894365324
358401.0 65298.0 437.89389038127683
359669.0 64738.0 593.5226950755401
359897.0 64580.0 593.5226950754773
361159.0 65069.0 238.3592428702769
361353.0 65407.0 536.3082964582102
362297.0 64585.0 484.609251232216
364691.0 64348.0 656.8408355717143
367249.0 64803.0 437.8938903812504
367889.0 65064.0 726.9138768483791
