rev3
1.32627666E8 3.3170732E7 5520.002253032243
1.32701114E8 3.3173024E7 6108.886690164133
1.32710236E8 3.3176671E7 4072.59112706218
1.32759384E8 3.3184492E7 2715.060751224734
1.32763643E8 3.3168777E7 4507.062966285848
1.32774157E8 3.3187339E7 2453.3343347504597
1.32779105E8 3.317529E7 4072.591126784788
1.32785677E8 3.3190502E7 6108.88669024145
1.32793012E8 3.3166233E7 3004.708644267706
1.32801522E8 3.3168825E7 4072.591126772326
1.32804404E8 3.3175611E7 2453.3343347400023
1.32816282E8 3.3169906E7 3325.2567305661028
1.32829961E8 3.3183918E7 6108.8866903550215
1.3283328E8 3.3179395E7 2715.0607512344327
1.32864128E8 3.3198326E7 4507.062966471991
1.32867796E8 3.3169005E7 3680.0015021410836
1.32880215E8 3.3171805E7 2715.0607512420875
1.32883482E8 3.3172045E7 4507.062966424694
1.32888591E8 3.3180788E7 9163.33003574493
1.32890968E8 3.3191034E7 6108.8866904581455
1.32894929E8 3.317222E7 12420.005069432851
1.32923027E8 3.3175732E7 4507.0629663322115
1.32931678E8 3.316754E7 5520.002253105576
1.32933522E8 3.3182288E7 3325.256730517779
1.32936702E8 3.3169807E7 3325.2567306819687
1.32938115E8 3.3179692E7 4072.591126879647
1.32949368E8 3.3190135E7 4072.5911269208145
1.32954977E8 3.3172737E7 3004.708644267794
1.32955077E8 3.3166718E7 4507.062966539876
1.32957089E8 3.3174707E7 10140.891674783514
1.32969401E8 3.3167581E7 3004.7086443878093
1.3297451E8 3.3170924E7 4072.591126807141
1.32976509E8 3.3176899E7 3680.001502080403
1.32984124E8 3.3176447E7 4507.062966494457
1.32987302E8 3.3187055E7 3325.256730630928
1.32998079E8 3.3174016E7 6760.594449716795
1.33008983E8 3.3187028E7 2453.3343347938458
1.33012222E8 3.3179175E7 4987.885095746188
1.33012374E8 3.3181601E7 4072.5911269773583
1.33017205E8 3.3181266E7 6108.886690524995
1.33020059E8 3.3179234E7 4072.5911269987623
1.33021574E8 3.3178377E7 4072.591126835651
1.33025348E8 3.3189184E7 3325.2567306524925
1.33027746E8 3.3165564E7 4507.062966362433
1.33033465E8 3.3176691E7 4507.062966496629
1.33033685E8 3.3172942E7 7481.827643906616
1.33037294E8 3.3190506E7 4507.062966382254
1.33039472E8 3.3180097E7 6108.886690111786
1.33057755E8 3.3178606E7 12420.005070030224
1.33061441E8 3.3187585E7 3680.0015022145403
1.33063521E8 3.3186373E7 4507.062966308666
1.33067262E8 3.3168091E7 4072.591126696188
1.33075525E8 3.316787E7 6760.594449536775
1.33078912E8 3.3171203E7 3325.256730450163
1.33083862E8 3.3177199E7 5520.002253278854
1.33087317E8 3.3181599E7 4072.5911267819693
1.33096777E8 3.3181864E7 6760.594449615176
1.33099226E8 3.3176744E7 5520.002253238106
1.3310127E8 3.3180711E7 6108.886690559923
1.33106511E8 3.3182373E7 4072.5911269410612
1.33108578E8 3.3168077E7 3680.001502101588
1.33113081E8 3.3170282E7 4507.062966484874
1.33115409E8 3.3188676E7 6108.886690319254
1.33118018E8 3.3180881E7 9163.330035285462
1.33118629E8 3.3180358E7 6108.886689918923
1.33126463E8 3.3180807E7 13744.995053393277
1.33131871E8 3.3186963E7 4507.062966485211
1.33141303E8 3.3173938E7 4507.06296636568
1.33146817E8 3.3168226E7 3680.0015021077347
1.3315964E8 3.3166039E7 4987.8850960324235
1.33162749E8 3.3198185E7 9163.33003567001
1.33187126E8 3.3183373E7 11222.741465475921
1.33188128E8 3.3183529E7 9163.330035170264
1.33189825E8 3.3181804E7 3680.0015019835764
1.33195889E8 3.3187954E7 8280.003379601332
1.33197611E8 3.3173099E7 8280.003379964683
1.33205354E8 3.3178349E7 3004.708644422296
1.33218328E8 3.3187018E7 9163.330035262445
1.33219077E8 3.3174467E7 6760.594449553705
1.33228429E8 3.3184936E7 7481.8276438918
1.33241155E8 3.3165E7 6108.886690472475
1.33243615E8 3.3198818E7 3680.0015021938443
1.33255017E8 3.3182433E7 9163.330035468114
1.33277224E8 3.317887E7 4507.062966459697
1.33289053E8 3.3182394E7 4987.885095738441
1.33291938E8 3.3181234E7 10140.891674459246
1.332939E8 3.3189592E7 4987.885095810359
1.33296143E8 3.3177169E7 6760.594449681252
1.33305124E8 3.3181666E7 6108.886690342504
1.33317021E8 3.3185664E7 4072.5911269189965
1.3338834E8 3.31883E7 6760.594449457811
1.33390145E8 3.3191188E7 15211.337511651504
1.33431772E8 3.3184027E7 20617.492579728623
1.33443434E8 3.317981E7 6760.594449779921
1.3345005E8 3.3172562E7 4987.885095934854
1.33461636E8 3.3179312E7 6108.886689828924
1.33474109E8 3.3174396E7 11222.74146574573
1.33498929E8 3.3186596E7 11222.74146544619
1.33524423E8 3.3186499E7 12420.00506959104
1.33566721E8 3.3169115E7 37876.752448355255
