rev4
14.0 13.0 1.3554030054147677
16.0 15.0 1.5000000000000007
17.0 14.0 1.8371173070873847
21.0 19.0 1.6600228795504832
21.0 15.0 2.2500000000000018
21.0 19.0 1.6600228795504832
22.0 19.0 1.8371173070873856
22.0 18.0 2.0331045081221535
23.0 17.0 2.2500000000000018
23.0 18.0 2.2500000000000018
24.0 20.0 2.033104508122152
25.0 19.0 2.033104508122152
27.0 17.0 2.490034319325726
27.0 24.0 1.8371173070873856
33.0 28.0 2.2500000000000018
37.0 25.0 2.7556759606310783
38.0 28.0 2.2500000000000027
38.0 24.0 2.2500000000000027
39.0 27.0 2.490034319325726
41.0 30.0 2.2500000000000027
41.0 26.0 2.2500000000000027
41.0 22.0 3.3750000000000044
43.0 34.0 2.490034319325726
44.0 33.0 2.0331045081221535
46.0 36.0 2.033104508122154
48.0 24.0 2.4900343193257273
49.0 25.0 3.3750000000000044
49.0 27.0 2.4900343193257273
50.0 31.0 2.490034319325729
51.0 33.0 3.0496567621832313
51.0 28.0 3.3750000000000058
51.0 30.0 2.75567596063108
51.0 30.0 3.049656762183232
51.0 33.0 2.4900343193257277
51.0 38.0 2.250000000000004
52.0 27.0 3.049656762183231
52.0 34.0 3.375000000000006
53.0 30.0 2.250000000000005
54.0 27.0 3.049656762183231
54.0 29.0 2.75567596063108
55.0 27.0 3.049656762183231
55.0 38.0 3.04965676218323
55.0 29.0 3.3750000000000053
56.0 27.0 4.133513940946619
56.0 34.0 2.7556759606310806
57.0 35.0 3.0496567621832313
57.0 32.0 3.3750000000000044
58.0 37.0 2.250000000000005
58.0 26.0 3.049656762183232
59.0 32.0 3.049656762183231
60.0 32.0 3.375000000000006
61.0 36.0 3.375000000000009
62.0 32.0 2.7556759606310792
62.0 37.0 3.049656762183231
62.0 36.0 3.7350514789885905
62.0 25.0 3.3750000000000053
63.0 29.0 3.7350514789885927
67.0 39.0 2.7556759606310783
67.0 33.0 3.7350514789885936
69.0 38.0 3.7350514789885936
69.0 30.0 3.375000000000007
70.0 29.0 3.375000000000007
70.0 37.0 3.0496567621832322
73.0 42.0 3.049656762183232
75.0 42.0 3.735051478988596
76.0 31.0 3.375000000000007
77.0 33.0 3.735051478988592
77.0 34.0 4.133513940946619
78.0 37.0 3.7350514789885936
78.0 38.0 4.133513940946619
78.0 36.0 3.7350514789885905
78.0 39.0 4.133513940946621
79.0 36.0 3.7350514789885927
80.0 33.0 4.574485143274848
80.0 44.0 3.735051478988596
81.0 36.0 4.574485143274846
81.0 27.0 5.602577218482887
83.0 43.0 4.133513940946625
83.0 43.0 3.735051478988594
88.0 37.0 3.375000000000006
90.0 37.0 5.062500000000008
93.0 34.0 4.133513940946619
93.0 33.0 5.062500000000012
93.0 35.0 5.60257721848289
93.0 39.0 3.37500000000001
93.0 44.0 4.574485143274854
94.0 38.0 5.062500000000012
95.0 41.0 4.133513940946625
96.0 38.0 5.062500000000013
98.0 42.0 3.375000000000006
98.0 32.0 4.57448514327485
109.0 51.0 4.133513940946623
109.0 49.0 4.133513940946626
109.0 54.0 3.7350514789885927
112.0 48.0 5.06250000000001
119.0 43.0 6.200270911419933
123.0 50.0 5.602577218482899
131.0 46.0 6.861727714912278
168.0 46.0 7.593750000000022
186.0 42.0 7.593750000000026
