rev2
341.0 99.0 3.735051478988607
397.0 117.0 5.062500000000034
407.0 121.0 6.861727714912282
411.0 97.0 8.403865827724369
425.0 121.0 6.20027091141998
427.0 131.0 4.133513940946621
427.0 133.0 8.403865827724367
441.0 138.0 5.062500000000024
463.0 130.0 5.602577218482917
465.0 123.0 8.40386582772438
467.0 129.0 5.062500000000045
467.0 131.0 6.200270911419942
481.0 147.0 6.200270911419948
481.0 142.0 6.200270911419948
497.0 143.0 9.300406367129932
501.0 114.0 8.40386582772436
511.0 138.0 5.60257721848291
515.0 127.0 5.062500000000044
517.0 139.0 11.390625000000068
519.0 149.0 6.200270911419953
523.0 126.0 7.593750000000072
525.0 128.0 8.403865827724399
531.0 114.0 8.403865827724367
531.0 144.0 6.200270911419945
533.0 122.0 7.593750000000068
537.0 144.0 7.593750000000034
543.0 153.0 8.40386582772442
545.0 120.0 9.30040636712994
547.0 158.0 8.403865827724413
549.0 137.0 6.8617277149123135
553.0 124.0 8.40386582772436
553.0 119.0 10.292591572368467
553.0 134.0 6.861727714912316
555.0 140.0 6.861727714912312
559.0 147.0 8.403865827724367
563.0 140.0 6.200270911419969
563.0 165.0 5.062500000000052
569.0 147.0 10.292591572368497
571.0 158.0 6.861727714912336
579.0 121.0 8.403865827724363
589.0 155.0 6.200270911419936
589.0 126.0 11.390625000000078
591.0 140.0 10.292591572368442
593.0 138.0 9.300406367129964
595.0 134.0 8.403865827724378
599.0 123.0 6.8617277149123135
599.0 129.0 12.605798741586552
599.0 149.0 9.30040636712992
601.0 160.0 9.300406367129971
601.0 128.0 8.403865827724387
603.0 145.0 9.300406367129927
603.0 130.0 11.390625000000078
605.0 129.0 9.300406367129938
607.0 149.0 8.403865827724397
609.0 170.0 6.861727714912309
609.0 146.0 12.605798741586558
613.0 142.0 13.950609550694944
613.0 140.0 9.300406367129927
613.0 169.0 6.200270911419964
621.0 125.0 7.593750000000056
623.0 124.0 10.292591572368453
625.0 129.0 11.390625000000101
627.0 149.0 9.30040636712997
627.0 150.0 11.39062500000013
627.0 155.0 8.403865827724367
631.0 153.0 7.593750000000047
637.0 136.0 11.390625000000068
641.0 142.0 13.950609550694944
645.0 136.0 10.29259157236849
653.0 148.0 12.605798741586565
655.0 136.0 13.950609550694967
663.0 147.0 12.605798741586558
665.0 143.0 10.292591572368478
667.0 138.0 9.300406367129986
669.0 146.0 12.605798741586558
675.0 137.0 13.950609550694946
697.0 153.0 11.390625000000059
697.0 153.0 10.29259157236844
709.0 120.0 15.438887358552714
711.0 158.0 13.95060955069494
711.0 174.0 11.390625000000076
713.0 157.0 12.60579874158657
713.0 169.0 10.29259157236844
713.0 164.0 10.292591572368504
717.0 141.0 15.438887358552702
727.0 149.0 15.43888735855266
749.0 155.0 10.292591572368512
753.0 157.0 18.908698112379856
765.0 151.0 13.950609550694915
773.0 143.0 13.95060955069499
785.0 185.0 8.403865827724445
787.0 163.0 11.390625000000105
845.0 175.0 18.908698112379913
861.0 174.0 15.438887358552702
885.0 164.0 23.158331037829054
887.0 126.0 18.908698112379845
953.0 156.0 23.158331037829093
1033.0 163.0 23.15833103782914
1165.0 150.0 34.737496556743594
1171.0 141.0 42.54457075285469
