rev3
97.0 63.0 3.04965676218323
104.0 48.0 3.735051478988592
106.0 76.0 3.7350514789885922
109.0 57.0 3.375000000000013
113.0 74.0 3.375000000000011
121.0 63.0 3.375000000000006
123.0 68.0 4.133513940946623
126.0 61.0 4.574485143274854
130.0 76.0 3.049656762183234
131.0 64.0 4.13351394094663
134.0 67.0 4.133513940946629
134.0 63.0 5.602577218482893
137.0 58.0 4.133513940946627
139.0 69.0 4.133513940946623
139.0 68.0 5.062500000000008
140.0 57.0 5.062500000000013
142.0 81.0 3.735051478988594
143.0 59.0 4.133513940946627
145.0 77.0 4.574485143274851
146.0 82.0 4.133513940946621
152.0 62.0 5.062500000000023
152.0 76.0 5.062500000000013
153.0 65.0 4.574485143274859
154.0 61.0 4.574485143274855
158.0 72.0 5.602577218482899
158.0 79.0 4.133513940946629
158.0 79.0 6.200270911419939
159.0 69.0 4.574485143274854
161.0 49.0 6.20027091141994
161.0 66.0 4.574485143274853
163.0 73.0 4.133513940946629
165.0 80.0 4.574485143274863
165.0 64.0 5.602577218482896
168.0 74.0 5.602577218482896
169.0 76.0 5.602577218482892
170.0 64.0 6.861727714912279
172.0 59.0 5.6025772184829
173.0 77.0 6.200270911419942
173.0 87.0 5.062500000000017
174.0 77.0 5.602577218482898
174.0 82.0 4.574485143274859
175.0 73.0 8.40386582772436
175.0 84.0 5.602577218482893
176.0 85.0 6.861727714912293
177.0 66.0 5.6025772184829
177.0 61.0 6.200270911419937
178.0 50.0 6.861727714912282
178.0 84.0 4.5744851432748606
179.0 81.0 4.574485143274857
180.0 72.0 6.200270911419953
181.0 80.0 3.735051478988605
184.0 86.0 5.0625000000000195
184.0 66.0 5.062500000000026
185.0 74.0 6.200270911419945
185.0 78.0 5.602577218482895
187.0 68.0 5.6025772184829
192.0 68.0 8.403865827724351
193.0 74.0 5.6025772184829075
193.0 83.0 7.593750000000036
193.0 83.0 5.602577218482896
195.0 65.0 5.602577218482899
196.0 86.0 8.403865827724342
197.0 76.0 5.062500000000024
200.0 66.0 5.062500000000018
202.0 71.0 5.062500000000023
203.0 73.0 5.6025772184829
205.0 71.0 9.300406367129925
209.0 85.0 5.062500000000019
210.0 59.0 9.300406367129911
211.0 77.0 5.0625000000000195
211.0 76.0 5.062500000000027
215.0 60.0 6.861727714912274
216.0 86.0 4.574485143274859
218.0 63.0 5.602577218482899
220.0 81.0 5.062500000000024
220.0 89.0 8.40386582772436
223.0 73.0 10.292591572368435
225.0 58.0 9.300406367129918
229.0 73.0 6.8617277149122975
230.0 82.0 8.403865827724363
236.0 65.0 8.403865827724358
238.0 77.0 7.5937500000000435
239.0 62.0 9.300406367129918
245.0 81.0 9.30040636712992
258.0 79.0 7.593750000000031
260.0 84.0 7.59375000000003
262.0 92.0 6.20027091141995
264.0 78.0 8.403865827724351
265.0 81.0 11.39062500000006
265.0 81.0 7.593750000000022
271.0 79.0 13.950609550694868
274.0 91.0 9.300406367129927
275.0 87.0 9.30040636712992
285.0 74.0 11.390625000000036
293.0 82.0 10.292591572368433
327.0 67.0 9.300406367129915
338.0 81.0 9.300406367129911
359.0 73.0 15.438887358552668
468.0 82.0 25.62890625000011
482.0 84.0 23.158331037829004
