rev4
29793.0 8867.0 95.72528419393038
29904.0 8706.0 52.10624483512076
30885.0 8661.0 86.49755859375723
33543.0 8836.0 86.49755859376026
33946.0 8941.0 117.23905087902178
34242.0 8760.0 194.61950683595373
34592.0 8869.0 129.74633789064268
35358.0 9161.0 175.85857631853887
35457.0 9010.0 238.35924287009507
35563.0 8487.0 158.90616191339794
35843.0 8680.0 238.35924287009956
36171.0 9089.0 215.38188943635126
36513.0 8735.0 238.35924287010724
36872.0 8877.0 143.5879262908947
37307.0 9218.0 395.68179671669793
37916.0 8691.0 263.7878644777973
38005.0 8959.0 238.3592428701078
38103.0 8867.0 175.8585763185299
38437.0 8982.0 194.61950683596174
38694.0 8902.0 175.8585763185369
38931.0 8902.0 357.5388643051558
38961.0 8968.0 357.5388643051588
39049.0 9161.0 395.6817967166963
39171.0 8945.0 175.8585763185319
39246.0 8837.0 238.35924287009377
39366.0 9036.0 175.85857631854026
39394.0 8612.0 395.6817967166986
39916.0 8984.0 323.0728341545234
40141.0 9199.0 263.787864477795
40436.0 8940.0 291.9292602539381
40505.0 9050.0 291.929260253935
40575.0 8779.0 395.68179671672476
40592.0 8956.0 395.6817967166898
40756.0 9282.0 437.8938903809406
40762.0 8813.0 357.53886430514706
40780.0 8927.0 263.78786447780135
41117.0 8859.0 357.5388643051561
41178.0 8539.0 175.8585763185284
41489.0 8796.0 395.6817967166924
41788.0 9233.0 263.787864477809
41901.0 8919.0 484.60925123178856
41926.0 8635.0 437.8938903808981
42387.0 8931.0 437.8938903808901
42494.0 8824.0 395.68179671670345
42641.0 9137.0 323.0728341545283
42681.0 8909.0 291.92926025394
42754.0 8857.0 395.68179671669117
43531.0 9038.0 437.89389038089985
43966.0 9054.0 437.89389038093356
44456.0 8869.0 291.9292602539404
44900.0 9144.0 484.60925123178436
45014.0 8672.0 484.6092512318004
45042.0 8743.0 536.308296457733
45118.0 8922.0 357.53886430515007
45226.0 9082.0 484.6092512318168
46294.0 9065.0 291.9292602539511
46568.0 9055.0 395.6817967167084
46681.0 9151.0 536.3082964577329
47239.0 8920.0 656.8408355713597
49146.0 9282.0 656.8408355713608
49500.0 8992.0 536.3082964577281
49608.0 9124.0 656.8408355713567
49621.0 8783.0 726.9138768476784
49905.0 9056.0 726.9138768476543
50064.0 9030.0 656.8408355713981
50103.0 8818.0 656.8408355713686
50261.0 8699.0 656.840835571376
50454.0 9122.0 890.2840426125642
50659.0 8977.0 726.9138768476541
50912.0 8679.0 804.4624446865805
51906.0 9080.0 804.4624446865951
53245.0 9049.0 985.2612533570441
54029.0 9291.0 656.8408355713824
54053.0 8828.0 804.4624446866038
54377.0 9053.0 726.9138768476868
54958.0 9258.0 985.2612533570357
55371.0 8771.0 890.2840426126024
55429.0 8697.0 985.2612533570339
55743.0 8939.0 1090.3708152715344
56155.0 8821.0 985.2612533570019
56353.0 9180.0 890.2840426125787
57215.0 8924.0 890.2840426125696
57841.0 9274.0 1090.3708152715164
57989.0 8751.0 985.2612533570637
60254.0 8581.0 726.9138768476679
61199.0 8679.0 1090.3708152715312
61964.0 8748.0 1206.6936670299203
62144.0 8673.0 1477.8918800355266
64114.0 9216.0 890.284042612532
64525.0 8850.0 1477.8918800356282
66266.0 8787.0 1206.6936670299083
69808.0 8875.0 985.2612533570259
70233.0 9048.0 1810.0405005448079
71497.0 9037.0 1335.4260639188299
72344.0 9120.0 1477.8918800355696
73662.0 9105.0 1090.3708152715433
80360.0 8854.0 1635.5562229073107
84142.0 8974.0 2453.3343343608576
87109.0 9091.0 2216.8378200533975
108536.0 9109.0 3680.0015015412673
