rev2
24417.0 4994.0 105.9374412756009
24879.0 5142.0 38.44335937500435
26485.0 5430.0 105.93744127559927
27103.0 5357.0 95.72528419393187
27109.0 5257.0 143.5879262908992
27905.0 5489.0 117.23905087902034
28085.0 5357.0 95.72528419392994
28387.0 4876.0 158.90616191339566
28451.0 5313.0 129.74633789064265
28453.0 5413.0 129.74633789063813
28539.0 5230.0 117.23905087901714
28679.0 5214.0 158.90616191340092
28805.0 5210.0 158.90616191339484
28887.0 5345.0 175.858576318544
29339.0 5173.0 175.85857631853435
29385.0 5462.0 143.58792629089837
29427.0 5092.0 95.7252841939323
29499.0 5268.0 117.23905087902553
29501.0 5223.0 143.58792629090567
29771.0 5200.0 105.93744127560069
29827.0 5269.0 215.38188943633574
29921.0 5159.0 175.8585763185265
30987.0 5286.0 357.5388643051259
31077.0 5159.0 175.85857631852917
31251.0 5542.0 194.61950683596575
31629.0 5562.0 238.35924287010099
31653.0 5435.0 215.381889436345
31825.0 5112.0 238.35924287011102
31837.0 5546.0 323.0728341545165
31979.0 5328.0 105.93744127560426
32375.0 5281.0 194.61950683595595
32415.0 5289.0 291.9292602539354
32593.0 5258.0 263.78786447778936
33603.0 5217.0 395.68179671667554
33875.0 5275.0 263.7878644777997
33907.0 5064.0 323.07283415451764
34309.0 5216.0 291.9292602539383
34339.0 5174.0 395.6817967167119
34563.0 5236.0 437.8938903809061
34799.0 5239.0 357.53886430515166
34913.0 5224.0 357.53886430514535
35655.0 5557.0 395.68179671669037
35817.0 5179.0 238.35924287009232
36601.0 5277.0 437.893890380885
36649.0 5291.0 395.6817967166931
37167.0 5404.0 484.60925123179817
37261.0 5285.0 593.5226950750514
37279.0 5279.0 395.68179671669554
37389.0 5206.0 323.072834154515
37587.0 5060.0 593.5226950750487
37759.0 5343.0 437.89389038088746
37911.0 5217.0 323.07283415452116
38251.0 5098.0 536.3082964577312
38439.0 5139.0 484.60925123179356
38617.0 5003.0 437.89389038089723
38725.0 5320.0 437.89389038090485
38915.0 5190.0 484.60925123177776
38969.0 5215.0 656.8408355713561
39321.0 5153.0 395.6817967167006
39879.0 5174.0 291.92926025393876
39897.0 5581.0 357.5388643051387
39945.0 5251.0 484.6092512317584
40003.0 5252.0 536.3082964577524
40667.0 5190.0 536.3082964577184
40901.0 5225.0 593.5226950750526
41255.0 5214.0 437.8938903808981
41731.0 5521.0 536.3082964577234
42233.0 5072.0 536.3082964577281
42631.0 5516.0 484.6092512317925
43151.0 5083.0 804.4624446865903
43689.0 5241.0 726.9138768476737
43821.0 5180.0 536.3082964577602
44275.0 5293.0 804.4624446865759
45399.0 5199.0 985.2612533570251
47011.0 5409.0 726.913876847714
47409.0 5317.0 890.2840426125528
48863.0 5336.0 890.2840426125446
49471.0 5209.0 536.3082964577508
50221.0 5355.0 804.4624446865729
51027.0 5231.0 890.284042612583
51407.0 5573.0 985.2612533570108
52387.0 5225.0 1206.6936670298512
52817.0 5204.0 985.2612533570298
54155.0 5397.0 1335.4260639188562
54461.0 5207.0 1335.4260639188606
54567.0 5376.0 985.2612533570516
55499.0 5439.0 1206.6936670299146
56677.0 5432.0 1206.6936670298844
56923.0 5228.0 1477.8918800355505
57441.0 4921.0 1477.8918800355898
58649.0 5116.0 1206.693667029916
58801.0 5275.0 1206.6936670298985
60549.0 5389.0 1477.891880035506
60577.0 5271.0 1635.5562229072907
62945.0 5220.0 1335.4260639188533
63799.0 5053.0 1810.0405005448047
66803.0 4816.0 1477.8918800355634
67861.0 5127.0 1477.8918800356323
71899.0 5297.0 2003.1390958782233
82289.0 5111.0 2048.0
