rev4
151061.0 35003.0 593.5226950752223
153722.0 35087.0 484.60925123184995
159156.0 34670.0 726.9138768477599
162450.0 34829.0 1206.69366703012
170146.0 35162.0 726.9138768478472
172594.0 34901.0 1335.4260639193587
176610.0 35582.0 1206.6936670300454
185938.0 34886.0 1090.3708152716958
186889.0 35130.0 985.2612533573958
190959.0 34809.0 1477.8918800359502
193197.0 34913.0 1810.0405005451428
194696.0 34580.0 2216.837820053718
197028.0 35099.0 1477.8918800357822
204407.0 34625.0 1635.5562229077686
205539.0 35147.0 1810.0405005452476
206989.0 34340.0 2216.83782005382
207488.0 34894.0 985.2612533572204
208262.0 35131.0 2715.060750817813
209421.0 34989.0 1810.0405005453254
209555.0 34669.0 2003.1390958787279
210261.0 35051.0 1810.0405005453906
210366.0 34819.0 2216.8378200539873
210391.0 35700.0 1206.6936670303353
211637.0 35271.0 2715.060750818098
213660.0 35537.0 2003.1390958788465
215313.0 35151.0 2453.334334361418
215710.0 34948.0 3325.256730080743
217148.0 34421.0 3325.256730080209
217329.0 35051.0 1810.0405005453679
218648.0 35227.0 2453.334334361205
218751.0 34425.0 2216.837820053664
223114.0 34726.0 2003.1390958788927
223248.0 34693.0 2003.139095878567
225378.0 35230.0 2453.334334361202
227258.0 34868.0 2715.0607508176686
228353.0 34953.0 2216.8378200539105
230927.0 35354.0 1810.0405005452233
233696.0 35107.0 3325.2567300810488
234305.0 35728.0 2453.334334361541
234666.0 34587.0 3680.0015015424315
235399.0 34858.0 3680.0015015421673
236424.0 35046.0 2216.8378200536717
242008.0 34764.0 3004.708643818331
245078.0 34845.0 3325.256730080627
247857.0 35421.0 1810.0405005450914
247970.0 35161.0 2003.1390958787508
248418.0 35138.0 2715.0607508181242
249951.0 34492.0 4072.591126226233
249958.0 35082.0 2715.0607508180046
251989.0 34603.0 3325.2567300810347
258093.0 35525.0 4987.885095121087
258595.0 34943.0 2715.0607508178587
258894.0 35480.0 3004.7086438183624
259875.0 34985.0 4072.5911262266873
260103.0 35249.0 3680.0015015421186
261259.0 34840.0 2715.0607508179182
261496.0 34619.0 3004.7086438180877
261794.0 34952.0 3680.001501542489
261839.0 35438.0 4072.5911262269537
262635.0 34852.0 4987.885095121236
272727.0 34998.0 4072.591126226516
272875.0 34785.0 4072.591126226544
280199.0 34639.0 3680.0015015423446
283546.0 35434.0 3004.708643817939
283757.0 35394.0 3325.2567300809574
283982.0 35665.0 3680.001501541612
284727.0 35191.0 4987.8850951206605
284967.0 34473.0 3325.2567300806973
285835.0 34500.0 3680.001501542586
286373.0 35171.0 3325.2567300808405
288601.0 34365.0 3680.001501542065
288656.0 35408.0 6108.88668933977
290228.0 35024.0 3325.2567300804267
293149.0 34623.0 3680.001501542284
300338.0 35217.0 5520.002252313143
300790.0 34476.0 6108.886689339839
306051.0 34645.0 4072.5911262267314
307366.0 34896.0 6108.8866893403265
308405.0 34772.0 4987.885095120867
309501.0 34231.0 6108.886689340082
310748.0 35025.0 4987.885095121463
318993.0 34958.0 7481.82764268168
327891.0 34290.0 6108.886689339987
335311.0 34548.0 8280.003378469752
335890.0 34502.0 7481.8276426822285
347828.0 35463.0 5520.002252313412
355165.0 34681.0 8280.00337846929
356059.0 35022.0 7481.827642681728
360364.0 35077.0 8280.003378469772
399514.0 34907.0 10140.89167288536
404999.0 34982.0 12420.00506770695
423713.0 34505.0 9163.33003401069
430734.0 34770.0 10140.891672885033
431326.0 34934.0 8280.003378470148
444048.0 34706.0 9163.330034010402
448511.0 34940.0 12420.005067705317
453148.0 34903.0 11222.74146402152
494467.0 34915.0 13744.995051016225
523727.0 35067.0 11222.741464022625
645379.0 34945.0 16384.0
