rev2
2433.0 641.0 10.292591572368634
2517.0 665.0 11.390625000000137
2679.0 625.0 9.300406367130156
2779.0 675.0 13.950609550695155
2797.0 694.0 12.605798741586712
2803.0 623.0 12.60579874158664
2815.0 675.0 15.438887358552705
2847.0 608.0 31.388871489064083
2891.0 646.0 15.43888735855282
2919.0 625.0 15.438887358552915
2945.0 736.0 12.605798741586835
2947.0 709.0 15.438887358552853
2963.0 750.0 9.300406367129986
2985.0 617.0 23.1583310378295
3009.0 772.0 15.438887358552796
3021.0 655.0 18.908698112380023
3029.0 686.0 15.438887358552943
3043.0 587.0 20.925914326042573
3045.0 597.0 31.388871489064105
3047.0 650.0 20.925914326042818
3077.0 695.0 11.390625000000409
3097.0 682.0 20.925914326042452
3103.0 663.0 31.388871489064243
3137.0 674.0 12.605798741586682
3141.0 753.0 12.605798741586856
3145.0 611.0 20.925914326042573
3153.0 695.0 17.085937500000462
3163.0 742.0 15.438887358552888
3173.0 658.0 20.925914326042616
3177.0 678.0 23.158331037829452
3179.0 718.0 17.085937500000302
3181.0 687.0 23.15833103782945
3187.0 676.0 18.9086981123802
3193.0 615.0 47.08330723359614
3201.0 702.0 17.085937500000224
3217.0 720.0 20.92591432604262
3267.0 698.0 23.158331037829416
3285.0 711.0 23.15833103782918
3289.0 738.0 20.925914326042967
3325.0 730.0 15.438887358552845
3337.0 633.0 25.628906250000743
3347.0 754.0 28.363047168570343
3375.0 720.0 20.92591432604295
3411.0 765.0 20.92591432604268
3415.0 657.0 38.443359375000945
3423.0 649.0 34.737496556743956
3435.0 682.0 42.54457075285543
3447.0 664.0 31.388871489063884
3467.0 767.0 17.085937500000536
3483.0 629.0 28.36304716856991
3497.0 649.0 38.44335937500097
3505.0 706.0 34.73749655674419
3541.0 718.0 18.9086981123804
3545.0 697.0 42.54457075285524
3553.0 738.0 20.925914326042392
3559.0 653.0 52.106244835116264
3583.0 687.0 34.7374965567441
3601.0 546.0 63.816856129282826
3603.0 659.0 34.73749655674412
3603.0 871.0 20.925914326042648
3627.0 651.0 28.363047168570414
3629.0 767.0 28.36304716856991
3695.0 745.0 20.925914326042744
3759.0 683.0 31.38887148906423
3823.0 715.0 42.54457075285569
3843.0 726.0 31.388871489064496
3909.0 728.0 31.388871489064243
3947.0 706.0 42.54457075285551
4023.0 663.0 52.10624483511584
4041.0 838.0 34.73749655674435
4063.0 713.0 38.44335937500097
4071.0 680.0 28.36304716857011
4129.0 695.0 42.54457075285532
4195.0 677.0 70.6249608503936
4203.0 781.0 38.44335937500166
4263.0 738.0 63.816856129282506
4277.0 745.0 57.66503906250147
4331.0 726.0 70.62496085039447
4363.0 791.0 42.54457075285567
4441.0 711.0 47.08330723359601
4451.0 637.0 78.15936725267417
4459.0 753.0 57.665039062502004
4481.0 649.0 95.72528419392492
4497.0 716.0 70.62496085039432
4509.0 678.0 105.93744127559214
4519.0 692.0 38.44335937500182
4603.0 701.0 57.6650390625017
4609.0 793.0 38.44335937500067
4683.0 751.0 78.1593672526739
4789.0 871.0 25.628906250000654
4879.0 696.0 86.49755859375232
5015.0 775.0 63.81685612928487
5225.0 775.0 86.49755859375215
5241.0 666.0 117.23905087901106
5381.0 700.0 129.7463378906274
5579.0 682.0 129.74633789062904
6367.0 646.0 175.85857631851945
7293.0 857.0 194.61950683594563
8193.0 737.0 238.35924287008365
11075.0 754.0 256.0
