rev4
378543.0 68966.0 890.284042613157
397976.0 69881.0 2453.334334361949
401167.0 70005.0 2216.837820054688
426318.0 69329.0 2453.334334362293
427320.0 69280.0 3004.70864381926
435440.0 69461.0 2003.1390958792292
438572.0 68888.0 3325.256730081263
442503.0 69672.0 3680.0015015430454
442711.0 69381.0 2715.0607508184007
444554.0 69434.0 4507.062965728757
449695.0 69776.0 4987.885095122338
450545.0 69590.0 2453.3343343621477
457594.0 69858.0 4072.5911262276077
460074.0 69558.0 5520.002252314691
468067.0 68554.0 3325.2567300818637
480297.0 69174.0 4987.885095122775
481436.0 68273.0 3004.708643819269
487464.0 69679.0 3680.0015015430317
487917.0 69290.0 3004.7086438190177
504409.0 68304.0 4987.885095122216
506553.0 69443.0 5520.002252316441
508962.0 68601.0 6108.886689341414
510074.0 69572.0 5520.002252315319
511195.0 69542.0 4987.885095121224
511762.0 69409.0 3680.0015015436697
513111.0 69372.0 7481.827642684158
513463.0 69024.0 4507.062965728468
519476.0 69311.0 4507.0629657289355
527371.0 69285.0 4987.885095122295
529883.0 69486.0 5520.002252314163
530289.0 68614.0 6108.886689341241
532195.0 67692.0 5520.0022523135
536886.0 69570.0 7481.827642683469
543512.0 69699.0 5520.002252315332
545143.0 68812.0 5520.002252313826
549752.0 69082.0 4507.0629657277295
555579.0 69323.0 4987.885095123713
558315.0 69252.0 6760.594448592903
562864.0 69037.0 8280.003378472496
573092.0 69218.0 7481.827642683915
575943.0 68760.0 7481.827642683627
577506.0 69178.0 6760.594448590988
577856.0 68712.0 9163.330034013807
579895.0 69043.0 6760.594448590964
582812.0 69777.0 9163.330034010323
586984.0 70027.0 6760.5944485923155
590454.0 69946.0 11222.741464021463
590566.0 69552.0 8280.003378471985
594334.0 69326.0 4987.885095122216
594762.0 69425.0 4072.5911262289687
599941.0 69511.0 9163.330034013636
603293.0 69047.0 6760.594448593385
604759.0 69275.0 9163.330034011795
613116.0 69167.0 6760.594448592103
614987.0 68770.0 9163.330034013443
615329.0 70221.0 7481.827642682663
619255.0 69630.0 11222.741464025028
622645.0 69837.0 11222.741464023515
627027.0 69046.0 8280.003378472038
632267.0 69483.0 11222.741464027746
638759.0 69883.0 8280.0033784717
640489.0 69115.0 6108.886689342013
643004.0 68693.0 10140.891672888745
654020.0 69591.0 10140.891672889029
654648.0 69398.0 9163.330034013494
655045.0 69834.0 11222.741464026009
655106.0 68578.0 7481.827642683826
660176.0 69036.0 12420.005067709775
660430.0 69152.0 10140.891672888158
661509.0 69398.0 10140.891672888749
662042.0 69787.0 12420.00506770927
667079.0 69392.0 11222.741464025623
671385.0 68817.0 7481.827642683207
679313.0 69359.0 9163.330034012468
687278.0 69561.0 11222.741464026009
695398.0 69428.0 10140.89167288967
698694.0 69075.0 11222.741464025743
718255.0 69489.0 13744.995051018155
736786.0 68620.0 10140.891672886948
736815.0 69628.0 15211.337509333094
737804.0 69272.0 12420.005067706608
740443.0 69683.0 8280.003378472176
743885.0 69321.0 13744.995051022875
753330.0 69128.0 15211.337509330919
769169.0 68736.0 18630.007601559828
775893.0 69499.0 18630.007601561058
783945.0 68701.0 15211.337509332778
809737.0 69592.0 18630.007601560454
819988.0 69309.0 16834.11219603755
831341.0 69543.0 16834.112196035367
836613.0 69408.0 16834.112196039267
846684.0 69442.0 20617.492576527668
865468.0 68451.0 15211.337509334337
986374.0 69185.0 22817.0062639952
993750.0 70124.0 22817.006264000687
1080593.0 68773.0 30926.2388647809
1094264.0 69619.0 30926.23886479689
1170081.0 68846.0 32768.0
1217555.0 69850.0 27945.01140234302
1294868.0 69224.0 32768.0
