rev3
3836.0 1127.0 25.628906250000792
4090.0 1265.0 20.925914326043106
4231.0 1253.0 23.15833103782956
4280.0 1355.0 23.158331037829477
4300.0 1388.0 28.363047168570436
4306.0 1389.0 23.15833103782987
4325.0 1366.0 15.43888735855305
4423.0 1384.0 38.443359375001656
4442.0 1423.0 17.085937500000497
4447.0 1294.0 23.158331037829843
4557.0 1295.0 31.38887148906466
4565.0 1362.0 28.363047168570265
4570.0 1503.0 18.90869811238014
4620.0 1450.0 23.15833103782976
4621.0 1484.0 25.62890625000107
4700.0 1371.0 28.363047168570347
4705.0 1360.0 47.083307233596436
4763.0 1336.0 28.36304716857055
4775.0 1280.0 13.950609550695358
4794.0 1380.0 47.08330723359595
4800.0 1232.0 34.737496556744496
4809.0 1285.0 42.54457075285532
4819.0 1448.0 42.544570752855854
4843.0 1410.0 52.10624483511617
4848.0 1232.0 63.81685612928314
4852.0 1363.0 28.363047168570574
4868.0 1319.0 31.38887148906423
4873.0 1375.0 34.73749655674492
4874.0 1498.0 34.737496556744716
4894.0 1276.0 57.665039062501535
4901.0 1401.0 38.44335937500174
4918.0 1388.0 52.10624483511694
4931.0 1371.0 42.54457075285572
4967.0 1453.0 20.925914326042932
4968.0 1419.0 31.38887148906466
4998.0 1424.0 20.925914326042882
5003.0 1405.0 34.73749655674412
5006.0 1442.0 47.08330723359654
5044.0 1320.0 28.363047168570795
5060.0 1361.0 34.73749655674488
5069.0 1387.0 52.10624483511649
5075.0 1387.0 31.388871489064698
5079.0 1344.0 57.66503906250294
5081.0 1496.0 34.737496556744325
5096.0 1441.0 34.73749655674411
5141.0 1468.0 57.665039062502224
5186.0 1344.0 57.665039062502004
5222.0 1546.0 23.158331037829534
5229.0 1351.0 47.08330723359639
5248.0 1404.0 63.81685612928447
5294.0 1421.0 52.10624483511688
5328.0 1420.0 25.628906250000735
5336.0 1255.0 70.62496085039412
5383.0 1371.0 78.15936725267413
5409.0 1417.0 28.36304716857035
5418.0 1501.0 28.3630471685704
5424.0 1277.0 42.54457075285655
5453.0 1300.0 38.44335937500104
5483.0 1291.0 86.49755859375273
5600.0 1340.0 78.15936725267518
5608.0 1314.0 70.62496085039501
5654.0 1345.0 70.62496085039461
5656.0 1418.0 63.8168561292839
5684.0 1407.0 63.81685612928324
5750.0 1292.0 63.81685612928339
5764.0 1478.0 57.66503906250114
5872.0 1234.0 86.49755859375212
5889.0 1259.0 86.49755859375354
5920.0 1396.0 63.81685612928329
5947.0 1342.0 117.23905087901154
5998.0 1356.0 95.72528419392489
6171.0 1316.0 86.49755859375354
6193.0 1356.0 129.74633789063148
6251.0 1489.0 57.66503906250289
6316.0 1380.0 78.15936725267449
6387.0 1384.0 86.49755859375479
6405.0 1236.0 129.74633789062855
6498.0 1387.0 70.62496085039439
6526.0 1351.0 143.5879262908874
6694.0 1504.0 86.49755859375391
6720.0 1424.0 78.15936725267532
6743.0 1409.0 194.61950683594637
6869.0 1287.0 158.90616191338876
6929.0 1425.0 95.72528419392548
6949.0 1338.0 95.72528419392464
6964.0 1417.0 95.72528419392636
6991.0 1506.0 86.49755859375217
7239.0 1366.0 129.74633789063074
7298.0 1430.0 143.58792629088867
7454.0 1459.0 143.5879262908889
7571.0 1465.0 143.58792629088995
7871.0 1331.0 158.90616191338688
8296.0 1412.0 175.85857631851903
9076.0 1403.0 263.7878644777863
9946.0 1392.0 263.787864477779
10474.0 1591.0 291.9292602539167
11559.0 1462.0 437.89389038087546
11770.0 1446.0 437.89389038087216
11974.0 1398.0 484.60925123174223
13183.0 1347.0 512.0
