rev3
84476.0 21012.0 175.85857631857323
90529.0 20574.0 804.4624446867084
96422.0 20551.0 656.8408355714392
98184.0 20654.0 726.9138768477169
99165.0 20506.0 656.8408355714259
100316.0 19938.0 593.5226950751055
100779.0 20426.0 1090.3708152716758
100826.0 20807.0 593.5226950751746
101498.0 20670.0 890.2840426126693
102258.0 20733.0 1206.6936670300815
102409.0 20555.0 726.9138768478219
103456.0 20964.0 985.2612533572636
104297.0 20428.0 985.26125335721
105319.0 20476.0 1090.370815271759
106884.0 20502.0 890.2840426127536
107829.0 20420.0 890.2840426127173
110346.0 20800.0 1335.4260639190395
113533.0 20329.0 1206.6936670299642
115020.0 20818.0 1477.891880035895
116902.0 20623.0 1477.8918800357342
117218.0 20948.0 1335.4260639191716
117604.0 20314.0 1810.0405005451555
118790.0 20799.0 2003.1390958786935
119395.0 20146.0 985.2612533571493
123271.0 20446.0 1635.556222907501
123641.0 20813.0 1090.3708152716902
125042.0 21023.0 2216.8378200537454
126803.0 20595.0 1477.891880035847
127020.0 20304.0 2216.8378200538805
127885.0 20936.0 1635.5562229074637
128041.0 20295.0 1090.3708152717802
128852.0 19962.0 2003.1390958785887
128993.0 21075.0 1635.5562229074424
130269.0 20213.0 1206.6936670300945
130371.0 20286.0 2453.3343343610786
130412.0 20823.0 2216.8378200538345
130951.0 20308.0 2453.3343343611873
131059.0 20487.0 2003.139095878437
131445.0 20295.0 2003.1390958785266
131673.0 20747.0 2003.1390958786867
131690.0 20854.0 1477.8918800357835
131952.0 21195.0 1810.0405005451844
136808.0 21416.0 1810.0405005449409
137749.0 20169.0 2216.8378200534557
138867.0 20674.0 2453.3343343612364
140068.0 20687.0 2453.334334361498
141020.0 20309.0 1810.0405005451062
141621.0 20973.0 2003.1390958784195
141789.0 20712.0 2003.1390958786421
142718.0 20938.0 2453.3343343611036
144127.0 20825.0 2216.8378200535076
144297.0 20901.0 1635.5562229075447
144856.0 20466.0 3325.256730080527
145120.0 20621.0 2453.3343343615466
148067.0 21267.0 1810.0405005451346
148391.0 20743.0 2715.0607508175867
148476.0 20616.0 2216.8378200534175
148720.0 20766.0 2003.1390958787433
149054.0 20783.0 1810.0405005449911
149357.0 20484.0 2003.139095878245
149878.0 20489.0 1477.8918800357224
149928.0 20780.0 2715.060750817445
151824.0 20972.0 1810.0405005449466
152168.0 20434.0 2216.8378200536895
154710.0 20560.0 3325.2567300806477
155386.0 20961.0 3004.7086438179263
155788.0 20632.0 2216.8378200536977
156143.0 20667.0 3680.00150154228
156868.0 20876.0 3325.256730080439
158061.0 21112.0 3680.001501541706
158388.0 20640.0 3325.256730080661
159826.0 20896.0 1635.556222907534
160788.0 20647.0 3680.0015015416625
161623.0 20635.0 4072.5911262259906
163701.0 20891.0 4072.5911262264326
163866.0 20800.0 3325.2567300808337
164883.0 20582.0 4072.5911262265327
166119.0 20930.0 3004.708643817881
170029.0 20650.0 3004.70864381811
170499.0 20846.0 3680.001501541817
170869.0 20506.0 3680.001501542342
176250.0 20742.0 3680.0015015421413
177821.0 20386.0 3325.25673008031
178194.0 20685.0 3004.708643818115
179012.0 20458.0 4507.062965726812
180962.0 20711.0 4987.885095120351
181213.0 20727.0 4987.885095121102
182148.0 20270.0 4072.591126226226
188915.0 20335.0 4987.885095120625
188969.0 20649.0 3680.0015015419585
196729.0 20462.0 6108.8866893391705
199888.0 20450.0 4507.0629657270665
208978.0 20794.0 6108.88668933935
223036.0 20611.0 4507.062965726713
224490.0 20180.0 7481.827642681532
255960.0 20848.0 6760.594448589883
257162.0 20168.0 8192.0
259455.0 21005.0 7481.827642681496
335397.0 20641.0 8192.0
426138.0 20649.0 8192.0
