rev3
8157.0 2558.0 20.925914326043443
8614.0 2631.0 31.388871489065334
8622.0 2699.0 38.44335937500231
8651.0 2599.0 63.816856129284496
8843.0 2698.0 63.81685612928457
8867.0 2553.0 20.92591432604379
8929.0 2428.0 63.81685612928609
8978.0 2406.0 47.08330723359808
9014.0 2718.0 31.388871489064687
9033.0 2816.0 47.083307233598205
9296.0 2749.0 57.66503906250403
9335.0 2644.0 47.08330723359791
9364.0 2757.0 42.544570752856934
9561.0 2612.0 52.10624483511656
9565.0 2720.0 70.62496085039604
9670.0 2668.0 38.443359375001556
9715.0 2681.0 25.62890625000119
9724.0 2764.0 31.3888714890657
9745.0 2665.0 63.81685612928341
9857.0 2580.0 78.15936725267586
9902.0 2727.0 42.544570752858526
9921.0 2647.0 38.4433593750023
9937.0 2659.0 70.62496085039638
9992.0 2570.0 86.49755859375622
10002.0 2910.0 63.81685612928368
10022.0 2647.0 95.72528419392836
10157.0 2664.0 86.49755859375401
10310.0 2697.0 78.15936725267647
10338.0 2495.0 117.239050879016
10383.0 2522.0 86.4975585937548
10423.0 2504.0 57.66503906250198
10428.0 2580.0 86.4975585937533
10458.0 2683.0 78.1593672526779
10619.0 2649.0 78.15936725267737
10641.0 2643.0 63.816856129285725
10822.0 2706.0 105.93744127559347
10856.0 2727.0 63.81685612928522
10882.0 2758.0 105.93744127559361
10958.0 2388.0 95.72528419392866
10962.0 2793.0 86.49755859375422
10986.0 2732.0 95.72528419392695
11014.0 2849.0 70.62496085039626
11038.0 2673.0 105.93744127559413
11060.0 2497.0 70.62496085039552
11127.0 2651.0 117.23905087901538
11200.0 2712.0 105.93744127559671
11368.0 2767.0 57.66503906250509
11394.0 2568.0 158.9061619133888
11471.0 2738.0 117.23905087901632
11472.0 2763.0 70.62496085039702
11480.0 2633.0 158.90616191338802
11747.0 2660.0 95.72528419393007
11802.0 2629.0 175.85857631852068
11849.0 2679.0 175.85857631852753
12073.0 2599.0 175.85857631852178
12135.0 2599.0 194.6195068359481
12280.0 2781.0 215.3818894363346
12330.0 2745.0 158.9061619133888
12393.0 2673.0 143.5879262908893
12409.0 2711.0 129.74633789063495
12414.0 2909.0 143.58792629089007
12724.0 2746.0 215.38188943633324
12762.0 2455.0 263.7878644777919
12841.0 2683.0 263.787864477783
13125.0 2763.0 158.90616191339188
13189.0 2773.0 215.38188943633725
13308.0 2686.0 263.7878644777818
13379.0 2553.0 238.3592428700899
13447.0 2602.0 238.35924287008737
13566.0 2672.0 215.38188943633486
13832.0 2768.0 263.7878644777835
13986.0 2609.0 215.38188943633335
14117.0 2707.0 263.78786447778236
14158.0 2889.0 175.85857631852946
14278.0 2806.0 158.90616191339208
14372.0 2726.0 291.9292602539228
14383.0 2717.0 238.3592428700878
14454.0 2938.0 238.35924287008814
14842.0 2687.0 323.072834154506
15548.0 2653.0 357.5388643051349
15652.0 2726.0 263.78786447777867
15858.0 2742.0 395.6817967166726
15892.0 2816.0 437.8938903808761
15902.0 2913.0 357.538864305127
15947.0 2761.0 357.5388643051437
16318.0 2616.0 263.7878644777792
16438.0 2657.0 437.8938903808878
17198.0 2646.0 291.9292602539367
17298.0 2866.0 484.6092512317533
17583.0 2636.0 484.6092512317592
18092.0 2604.0 437.89389038088825
18650.0 2659.0 437.8938903808902
18870.0 2717.0 536.3082964576988
20619.0 2722.0 726.9138768476334
20623.0 2719.0 593.5226950750068
21347.0 2720.0 536.3082964577001
21590.0 2694.0 656.840835571328
21630.0 2658.0 726.9138768476334
27331.0 2737.0 656.8408355713268
40817.0 2669.0 1024.0
