rev2
1087.0 260.0 9.300406367129973
1177.0 310.0 8.403865827724461
1215.0 266.0 11.390625000000092
1233.0 269.0 12.605798741586693
1237.0 337.0 9.300406367129936
1239.0 313.0 9.300406367130027
1269.0 312.0 9.300406367129941
1279.0 303.0 7.593750000000092
1303.0 331.0 13.950609550694987
1305.0 360.0 11.390625000000137
1309.0 294.0 12.605798741586645
1363.0 336.0 18.90869811237998
1379.0 365.0 7.593750000000112
1423.0 378.0 8.403865827724388
1423.0 388.0 6.200270911419998
1425.0 348.0 9.300406367130044
1477.0 321.0 11.39062500000019
1511.0 312.0 9.300406367130039
1527.0 364.0 11.390625000000208
1529.0 401.0 6.20027091141997
1531.0 325.0 11.390625000000217
1539.0 319.0 13.950609550695068
1549.0 428.0 6.200270911419988
1551.0 346.0 15.438887358552652
1555.0 376.0 9.300406367130106
1559.0 356.0 8.403865827724454
1561.0 347.0 10.292591572368531
1565.0 329.0 17.08593750000028
1585.0 298.0 13.950609550694995
1591.0 383.0 10.292591572368535
1605.0 367.0 17.085937500000096
1615.0 408.0 7.593750000000113
1619.0 365.0 11.390625000000151
1621.0 311.0 23.158331037829207
1621.0 424.0 7.59375000000014
1623.0 374.0 10.292591572368538
1631.0 388.0 10.29259157236848
1633.0 311.0 25.62890625000037
1637.0 414.0 11.390625000000092
1641.0 351.0 11.3906250000002
1657.0 352.0 17.085937500000398
1659.0 357.0 11.390625000000153
1663.0 365.0 15.438887358552837
1679.0 359.0 11.390625000000105
1683.0 412.0 13.950609550694915
1709.0 402.0 25.62890625000037
1711.0 347.0 13.950609550695082
1725.0 331.0 20.925914326042495
1729.0 379.0 12.605798741586757
1735.0 367.0 20.925914326042516
1739.0 344.0 17.085937500000277
1741.0 344.0 13.950609550695093
1749.0 411.0 9.30040636713002
1773.0 401.0 11.390625000000238
1777.0 381.0 11.39062500000028
1783.0 364.0 18.908698112379987
1789.0 398.0 10.292591572368535
1797.0 365.0 13.950609550695017
1797.0 376.0 15.438887358552757
1807.0 416.0 20.92591432604264
1807.0 339.0 18.908698112380005
1813.0 354.0 15.438887358552792
1819.0 404.0 13.950609550694967
1823.0 387.0 28.363047168569896
1833.0 392.0 18.908698112379913
1837.0 300.0 23.158331037829196
1853.0 422.0 12.605798741586817
1857.0 380.0 13.950609550695114
1895.0 394.0 17.085937500000146
1911.0 390.0 12.605798741586634
1913.0 436.0 13.950609550695155
1933.0 360.0 38.443359375000476
1937.0 373.0 20.925914326042598
1951.0 383.0 18.90869811238006
1959.0 361.0 28.363047168570098
1963.0 343.0 18.908698112380062
1967.0 417.0 11.390625000000297
1983.0 380.0 23.158331037829413
2011.0 354.0 34.73749655674405
2029.0 370.0 25.628906250000306
2055.0 367.0 23.158331037829182
2091.0 440.0 18.9086981123802
2109.0 374.0 31.38887148906416
2161.0 362.0 42.5445707528551
2189.0 412.0 38.443359375000824
2211.0 335.0 47.08330723359592
2215.0 461.0 15.438887358552995
2277.0 425.0 31.388871489063803
2285.0 377.0 42.5445707528551
2313.0 314.0 42.54457075285491
2317.0 373.0 31.388871489063757
2371.0 376.0 42.54457075285538
2385.0 388.0 42.54457075285486
2671.0 333.0 57.6650390625006
2779.0 397.0 47.08330723359604
3057.0 364.0 70.624960850394
3275.0 333.0 86.49755859375152
3303.0 380.0 63.816856129282726
3305.0 296.0 117.23905087901053
3307.0 351.0 95.72528419392405
